-2.942660000000000093e-08 9.012389999999999613e-07
-1.903669999999999999e-07 3.523929999999999818e-06
-5.993800000000000110e-07 6.939229999999999967e-06
-1.351860000000000089e-06 1.292790000000000035e-05
-2.812040000000000185e-06 2.881419999999999934e-05
-6.064220000000000022e-06 6.428060000000000251e-05
-1.281590000000000040e-05 1.221849999999999965e-04
-2.418400000000000088e-05 1.874760000000000055e-04
-3.906089999999999730e-05 2.331620000000000014e-04
-5.357949999999999752e-05 2.276959999999999965e-04
-6.218560000000000309e-05 1.429380000000000060e-04
-5.997619999999999677e-05 -1.983379999999999974e-05
-4.543309999999999704e-05 -2.193840000000000124e-04
-2.141749999999999950e-05 -3.960510000000000202e-04
7.355649999999999615e-06 -5.045530000000000327e-04
3.903289999999999690e-05 -5.346459999999999494e-04
7.737929999999999960e-05 -5.110180000000000191e-04
1.292870000000000109e-04 -4.762449999999999778e-04
1.977439999999999959e-04 -4.612400000000000224e-04
2.746940000000000232e-04 -4.569379999999999948e-04
3.395070000000000141e-04 -4.219720000000000046e-04
3.664879999999999917e-04 -3.234369999999999867e-04
3.381559999999999926e-04 -1.543000000000000101e-04
2.548620000000000139e-04 7.580920000000000594e-05
1.336180000000000072e-04 3.391490000000000151e-04
-1.986370000000000177e-06 5.870450000000000147e-04
-1.331260000000000126e-04 7.723339999999999546e-04
-2.518719999999999900e-04 8.756620000000000332e-04
-3.599799999999999788e-04 9.124800000000000185e-04
-4.623820000000000057e-04 9.216390000000000303e-04
-5.593570000000000183e-04 9.318479999999999862e-04
-6.407820000000000052e-04 9.213420000000000160e-04
-6.854479999999999601e-04 8.314309999999999886e-04
-6.680139999999999776e-04 6.172989999999999727e-04
-5.710379999999999493e-04 2.614639999999999890e-04
-3.943279999999999962e-04 -2.170150000000000085e-04
-1.561769999999999923e-04 -7.464810000000000108e-04
1.131900000000000056e-04 -1.222149999999999972e-03
3.820399999999999946e-04 -1.549760000000000070e-03
6.262219999999999549e-04 -1.681049999999999905e-03
8.325970000000000246e-04 -1.630139999999999974e-03
9.955750000000000623e-04 -1.456700000000000009e-03
1.109289999999999972e-03 -1.230390000000000043e-03
1.160940000000000062e-03 -1.003809999999999945e-03
1.130300000000000098e-03 -7.846440000000000315e-04
9.963879999999999612e-04 -5.363650000000000188e-04
7.486879999999999577e-04 -2.170109999999999997e-04
3.977690000000000197e-04 1.879770000000000063e-04
-2.135780000000000073e-05 6.612659999999999805e-04
-4.570050000000000197e-04 1.168240000000000077e-03
-8.563969999999999526e-04 1.657440000000000042e-03
-1.179680000000000008e-03 2.051390000000000158e-03
-1.404709999999999986e-03 2.259080000000000116e-03
-1.522700000000000095e-03 2.204970000000000107e-03
-1.531519999999999973e-03 1.876550000000000050e-03
-1.432820000000000014e-03 1.337159999999999998e-03
-1.231759999999999930e-03 6.637429999999999502e-04
-9.350870000000000275e-04 -7.670340000000000155e-05
-5.499230000000000134e-04 -7.989349999999999664e-04
-8.732249999999999615e-05 -1.415000000000000025e-03
4.300780000000000249e-04 -1.847770000000000098e-03
9.618429999999999862e-04 -2.049899999999999899e-03
1.451709999999999936e-03 -2.049360000000000070e-03
1.839230000000000075e-03 -1.928859999999999906e-03
2.073740000000000132e-03 -1.761659999999999962e-03
2.122109999999999969e-03 -1.561349999999999977e-03
1.969219999999999825e-03 -1.280600000000000011e-03
1.617750000000000047e-03 -8.639980000000000446e-04
1.091989999999999931e-03 -2.896169999999999886e-04
4.419839999999999750e-04 4.194809999999999772e-04
-2.602139999999999857e-04 1.195620000000000103e-03
-9.348540000000000452e-04 1.932480000000000092e-03
-1.513030000000000061e-03 2.500650000000000095e-03
-1.949189999999999950e-03 2.777350000000000044e-03
-2.221470000000000129e-03 2.677520000000000074e-03
-2.322250000000000095e-03 2.189469999999999784e-03
-2.248260000000000189e-03 1.409400000000000106e-03
-1.997909999999999877e-03 5.168440000000000274e-04
-1.575180000000000026e-03 -3.075010000000000091e-04
-9.949030000000001067e-04 -9.407369999999999751e-04
-2.866799999999999861e-04 -1.341799999999999981e-03
5.018639999999999777e-04 -1.547870000000000018e-03
1.303120000000000060e-03 -1.646829999999999952e-03
2.030280000000000192e-03 -1.693550000000000047e-03
2.584250000000000175e-03 -1.680260000000000043e-03
2.872050000000000124e-03 -1.601369999999999964e-03
2.834399999999999940e-03 -1.431769999999999961e-03
2.467539999999999838e-03 -1.129240000000000105e-03
1.826460000000000019e-03 -6.715480000000000017e-04
1.008109999999999996e-03 -6.594840000000000034e-05
1.234789999999999879e-04 6.258700000000000504e-04
-7.267979999999999623e-04 1.276889999999999926e-03
-1.464690000000000046e-03 1.732789999999999895e-03
-2.035309999999999810e-03 1.855179999999999893e-03
-2.402759999999999879e-03 1.597200000000000009e-03
-2.549560000000000194e-03 1.094750000000000020e-03
-2.478870000000000205e-03 5.724010000000000513e-04
-2.209759999999999849e-03 2.119239999999999991e-04
-1.764790000000000022e-03 8.670779999999999677e-05
-1.161659999999999906e-03 1.385659999999999876e-04
-4.213229999999999775e-04 2.585719999999999902e-04
4.093580000000000200e-04 3.323259999999999756e-04
1.240999999999999916e-03 2.453889999999999912e-04
1.949530000000000100e-03 -2.597480000000000074e-05
2.407910000000000085e-03 -3.897870000000000002e-04
2.528910000000000099e-03 -7.393019999999999496e-04
2.299380000000000174e-03 -9.941909999999999550e-04
1.788340000000000025e-03 -1.145769999999999948e-03
1.123370000000000054e-03 -1.241909999999999932e-03
4.448020000000000012e-04 -1.303969999999999999e-03
-1.396520000000000107e-04 -1.357539999999999962e-03
-5.780559999999999692e-04 -1.374390000000000073e-03
-8.712499999999999542e-04 -1.238900000000000027e-03
-1.051279999999999923e-03 -8.464040000000000365e-04
-1.152330000000000021e-03 -1.853149999999999969e-04
-1.187750000000000004e-03 6.169259999999999544e-04
-1.145519999999999915e-03 1.370710000000000027e-03
-1.006579999999999975e-03 1.944530000000000087e-03
-7.732509999999999731e-04 2.279329999999999985e-03
-4.832349999999999905e-04 2.344319999999999998e-03
-1.976269999999999969e-04 2.152279999999999905e-03
2.668370000000000000e-05 1.754289999999999929e-03
1.615649999999999888e-04 1.187640000000000006e-03
2.171150000000000109e-04 4.479689999999999931e-04
2.336270000000000046e-04 -4.753070000000000081e-04
2.601209999999999850e-04 -1.500580000000000056e-03
3.293580000000000270e-04 -2.429450000000000099e-03
4.438560000000000140e-04 -3.027649999999999786e-03
5.813380000000000370e-04 -3.122189999999999948e-03
7.126469999999999550e-04 -2.658289999999999785e-03
8.164230000000000402e-04 -1.730100000000000041e-03
8.807339999999999874e-04 -5.697700000000000421e-04
8.928780000000000527e-04 5.629759999999999712e-04
8.272499999999999689e-04 1.480420000000000087e-03
6.459900000000000407e-04 2.065009999999999936e-03
3.190119999999999740e-04 2.275230000000000048e-03
-1.481490000000000075e-04 2.145869999999999809e-03
-6.975489999999999989e-04 1.723530000000000027e-03
-1.224940000000000100e-03 1.043709999999999994e-03
-1.609600000000000093e-03 1.814909999999999874e-04
-1.757209999999999935e-03 -6.876729999999999735e-04
-1.635149999999999928e-03 -1.328820000000000088e-03
-1.278749999999999939e-03 -1.583030000000000027e-03
-7.658180000000000326e-04 -1.421739999999999896e-03
-1.815390000000000113e-04 -9.014859999999999540e-04
4.004009999999999904e-04 -1.325090000000000014e-04
9.169480000000000035e-04 6.900870000000000355e-04
1.310409999999999917e-03 1.319440000000000066e-03
1.530749999999999993e-03 1.569110000000000079e-03
1.545280000000000004e-03 1.376410000000000003e-03
1.350010000000000012e-03 7.997539999999999597e-04
9.779289999999999945e-04 -5.790259999999999683e-05
4.995520000000000039e-04 -1.062629999999999955e-03
9.468760000000000463e-06 -2.010650000000000111e-03
-4.002939999999999862e-04 -2.655450000000000171e-03
-6.678170000000000200e-04 -2.770240000000000202e-03
-7.748510000000000120e-04 -2.243180000000000000e-03
-7.409779999999999926e-04 -1.134699999999999988e-03
-6.074099999999999595e-04 3.530079999999999785e-04
-4.230409999999999770e-04 1.893029999999999973e-03
-2.362820000000000122e-04 3.084209999999999990e-03
-9.169479999999999493e-05 3.637080000000000000e-03
-2.878449999999999859e-05 3.472779999999999964e-03
-7.446899999999999462e-05 2.666040000000000163e-03
-2.243900000000000115e-04 1.356839999999999999e-03
-4.260280000000000078e-04 -2.399509999999999935e-04
-5.867220000000000248e-04 -1.788880000000000071e-03
-6.111089999999999795e-04 -2.936949999999999804e-03
-4.451169999999999736e-04 -3.428560000000000201e-03
-9.901259999999999456e-05 -3.181069999999999818e-03
3.594949999999999860e-04 -2.275679999999999977e-03
8.294030000000000413e-04 -8.786160000000000324e-04
1.203550000000000062e-03 7.072600000000000284e-04
1.394929999999999955e-03 2.056099999999999942e-03
1.356709999999999904e-03 2.801960000000000041e-03
1.089260000000000098e-03 2.739650000000000158e-03
6.375589999999999990e-04 1.833210000000000048e-03
8.250209999999999738e-05 3.004080000000000010e-04
-4.758480000000000153e-04 -1.397040000000000001e-03
-9.388880000000000272e-04 -2.753460000000000109e-03
-1.226599999999999999e-03 -3.352500000000000011e-03
-1.290310000000000025e-03 -2.981539999999999972e-03
-1.121849999999999974e-03 -1.721759999999999914e-03
-7.598439999999999708e-04 1.392889999999999873e-04
-2.909270000000000150e-04 2.175600000000000190e-03
1.661210000000000041e-04 3.808849999999999909e-03
4.968820000000000311e-04 4.496589999999999962e-03
6.299359999999999942e-04 3.961880000000000089e-03
5.564020000000000033e-04 2.291669999999999992e-03
3.262420000000000250e-04 -1.068889999999999993e-04
3.125410000000000286e-05 -2.647319999999999882e-03
-2.197629999999999896e-04 -4.608509999999999690e-03
-3.323690000000000021e-04 -5.359860000000000145e-03
-2.538449999999999930e-04 -4.643259999999999749e-03
1.308170000000000047e-05 -2.651479999999999896e-03
4.094039999999999854e-04 4.105499999999999910e-05
8.293079999999999549e-04 2.643139999999999986e-03
1.142119999999999941e-03 4.355300000000000317e-03
1.225430000000000009e-03 4.690869999999999762e-03
1.003030000000000024e-03 3.580879999999999827e-03
4.807069999999999768e-04 1.333470000000000011e-03
-2.378620000000000072e-04 -1.346490000000000100e-03
-9.735500000000000013e-04 -3.561729999999999931e-03
-1.526919999999999970e-03 -4.563870000000000253e-03
-1.739660000000000078e-03 -4.065720000000000098e-03
-1.541470000000000080e-03 -2.245469999999999845e-03
-9.767129999999999302e-04 3.921969999999999992e-04
-1.996079999999999903e-04 3.006739999999999934e-03
5.714529999999999783e-04 4.700219999999999745e-03
1.123330000000000075e-03 4.899190000000000315e-03
1.313139999999999967e-03 3.521489999999999950e-03
1.109560000000000103e-03 1.003009999999999926e-03
6.008380000000000231e-04 -1.845169999999999927e-03
-3.247760000000000225e-05 -4.086799999999999808e-03
-5.733500000000000315e-04 -4.985189999999999587e-03
-8.361599999999999632e-04 -4.279759999999999641e-03
-7.269670000000000212e-04 -2.250230000000000199e-03
-2.779090000000000119e-04 3.724029999999999918e-04
3.588010000000000092e-04 2.638810000000000114e-03
9.573640000000000448e-04 3.789119999999999988e-03
1.289580000000000023e-03 3.543549999999999912e-03
1.202610000000000007e-03 2.099370000000000142e-03
6.819369999999999729e-04 3.446029999999999937e-05
-1.300910000000000120e-04 -1.847869999999999938e-03
-9.769419999999999580e-04 -2.841039999999999972e-03
-1.577499999999999909e-03 -2.632119999999999946e-03
-1.727079999999999978e-03 -1.384459999999999901e-03
-1.372509999999999963e-03 3.600920000000000076e-04
-6.334360000000000251e-04 1.907309999999999952e-03
2.385440000000000119e-04 2.686000000000000019e-03
9.492730000000000438e-04 2.454800000000000038e-03
1.268140000000000066e-03 1.366089999999999926e-03
1.112179999999999939e-03 -1.229720000000000010e-04
5.758669999999999805e-04 -1.448319999999999903e-03
-1.061649999999999974e-04 -2.159690000000000134e-03
-6.506489999999999973e-04 -2.080240000000000127e-03
-8.364579999999999932e-04 -1.344179999999999941e-03
-5.911679999999999886e-04 -3.078789999999999977e-04
-1.875209999999999957e-05 6.117100000000000098e-04
6.431759999999999691e-04 1.100470000000000094e-03
1.119530000000000091e-03 1.051700000000000031e-03
1.208180000000000105e-03 5.779169999999999490e-04
8.597620000000000262e-04 -6.380170000000000275e-05
1.950529999999999907e-04 -5.905949999999999655e-04
-5.456630000000000508e-04 -8.029950000000000325e-04
-1.099230000000000085e-03 -6.451630000000000299e-04
-1.281929999999999919e-03 -2.045030000000000036e-04
-1.056279999999999936e-03 3.376510000000000102e-04
-5.370659999999999974e-04 7.791340000000000115e-04
6.250290000000000088e-05 9.701519999999999502e-04
5.191370000000000273e-04 8.639239999999999637e-04
6.849490000000000179e-04 5.222070000000000097e-04
5.372800000000000058e-04 7.802859999999999354e-05
1.769150000000000095e-04 -3.212269999999999926e-04
-2.203949999999999930e-04 -5.663950000000000278e-04
-4.773989999999999874e-04 -6.166639999999999492e-04
-4.844790000000000077e-04 -5.009390000000000500e-04
-2.386699999999999900e-04 -2.954820000000000146e-04
1.605789999999999952e-04 -8.984460000000000373e-05
5.550190000000000201e-04 4.551359999999999737e-05
7.918029999999999947e-04 7.965479999999999501e-05
7.822470000000000204e-04 2.497800000000000039e-05
5.325560000000000016e-04 -7.419039999999999359e-05
1.361389999999999920e-04 -1.621279999999999900e-04
-2.670120000000000111e-04 -1.931269999999999959e-04
-5.457640000000000147e-04 -1.464190000000000088e-04
-6.255110000000000357e-04 -3.056939999999999907e-05
-5.103819999999999798e-04 1.224449999999999974e-04
-2.737269999999999764e-04 2.698220000000000197e-04
-2.342200000000000038e-05 3.720250000000000033e-04
1.424770000000000116e-04 4.038590000000000105e-04
1.720109999999999901e-04 3.599289999999999890e-04
7.455519999999999389e-05 2.540460000000000136e-04
-8.884940000000000350e-05 1.137400000000000054e-04
-2.341619999999999986e-04 -2.806939999999999929e-05
-2.894770000000000069e-04 -1.419679999999999933e-04
-2.226750000000000051e-04 -2.092979999999999873e-04
-5.163440000000000152e-05 -2.260209999999999964e-04
1.655059999999999973e-04 -2.022389999999999995e-04
3.547199999999999919e-04 -1.576030000000000020e-04
4.546199999999999807e-04 -1.140449999999999965e-04
4.379760000000000228e-04 -8.818120000000000201e-05
3.187190000000000227e-04 -8.587080000000000461e-05
1.431399999999999882e-04 -1.007480000000000051e-04
-2.986759999999999844e-05 -1.171979999999999984e-04
-1.510390000000000018e-04 -1.167240000000000026e-04
-1.969039999999999972e-04 -8.545190000000000088e-05
-1.745519999999999917e-04 -2.009530000000000054e-05
-1.145170000000000015e-04 6.982110000000000139e-05
-5.579130000000000233e-05 1.643760000000000132e-04
