-1.729900000000000158e-08 9.254919999999999602e-07
-1.200219999999999878e-07 3.680010000000000194e-06
-4.162220000000000063e-07 7.426399999999999743e-06
-1.044430000000000095e-06 1.401270000000000053e-05
-2.334860000000000037e-06 3.104080000000000272e-05
-5.131849999999999833e-06 6.903909999999999431e-05
-1.094530000000000005e-05 1.321689999999999877e-04
-2.146559999999999994e-05 2.060949999999999978e-04
-3.744839999999999877e-05 2.625819999999999738e-04
-5.756639999999999826e-05 2.664550000000000230e-04
-7.779120000000000154e-05 1.845489999999999978e-04
-9.184049999999999592e-05 1.388970000000000019e-05
-9.298340000000000153e-05 -2.050920000000000076e-04
-7.638269999999999630e-05 -4.087340000000000070e-04
-4.040380000000000100e-05 -5.446729999999999671e-04
1.389089999999999943e-05 -5.966009999999999890e-04
8.424489999999999702e-05 -5.876609999999999560e-04
1.680110000000000013e-04 -5.635660000000000452e-04
2.610900000000000091e-04 -5.597819999999999879e-04
3.552900000000000220e-04 -5.688029999999999952e-04
4.361980000000000002e-04 -5.455720000000000274e-04
4.845369999999999994e-04 -4.504770000000000172e-04
4.819959999999999978e-04 -2.719539999999999783e-04
4.186360000000000081e-04 -2.029539999999999884e-05
2.973229999999999992e-04 2.730160000000000030e-04
1.327280000000000072e-04 5.568590000000000432e-04
-5.437610000000000273e-05 7.847880000000000220e-04
-2.445449999999999837e-04 9.392779999999999879e-04
-4.249689999999999761e-04 1.035120000000000050e-03
-5.899959999999999666e-04 1.106219999999999990e-03
-7.368309999999999660e-04 1.173400000000000007e-03
-8.588759999999999537e-04 1.206610000000000104e-03
-9.408590000000000529e-04 1.140079999999999913e-03
-9.599590000000000293e-04 9.243990000000000106e-04
-8.934099999999999724e-04 5.409209999999999800e-04
-7.282910000000000512e-04 1.043979999999999955e-05
-4.682269999999999878e-04 -5.924759999999999836e-04
-1.339579999999999937e-04 -1.159799999999999894e-03
2.421609999999999876e-04 -1.592969999999999976e-03
6.246350000000000123e-04 -1.837110000000000088e-03
9.818570000000000422e-04 -1.897089999999999931e-03
1.288499999999999932e-03 -1.822169999999999910e-03
1.523129999999999927e-03 -1.672700000000000055e-03
1.664249999999999931e-03 -1.495229999999999953e-03
1.688870000000000085e-03 -1.295570000000000012e-03
1.576090000000000043e-03 -1.038070000000000095e-03
1.314950000000000060e-03 -6.819540000000000237e-04
9.132469999999999520e-04 -2.124410000000000079e-04
4.020529999999999807e-04 3.548269999999999961e-04
-1.679879999999999915e-04 9.876299999999999749e-04
-7.380439999999999830e-04 1.635890000000000087e-03
-1.254660000000000107e-03 2.218640000000000022e-03
-1.678749999999999904e-03 2.631380000000000004e-03
-1.986459999999999788e-03 2.773030000000000113e-03
-2.163949999999999988e-03 2.598650000000000092e-03
-2.201139999999999868e-03 2.144420000000000180e-03
-2.088379999999999924e-03 1.476080000000000057e-03
-1.816789999999999985e-03 6.665520000000000516e-04
-1.382769999999999963e-03 -1.829749999999999888e-04
-7.956859999999999844e-04 -9.664860000000000161e-04
-8.544349999999999602e-05 -1.590889999999999969e-03
6.939859999999999519e-04 -1.995390000000000098e-03
1.468059999999999981e-03 -2.197070000000000186e-03
2.152719999999999894e-03 -2.272099999999999988e-03
2.668989999999999991e-03 -2.291609999999999914e-03
2.955709999999999848e-03 -2.266320000000000053e-03
2.976959999999999849e-03 -2.137659999999999994e-03
2.724830000000000134e-03 -1.827789999999999927e-03
2.219590000000000018e-03 -1.287769999999999930e-03
1.507960000000000030e-03 -5.208909999999999972e-04
6.579819999999999896e-04 4.091480000000000204e-04
-2.500380000000000072e-04 1.383719999999999959e-03
-1.135020000000000039e-03 2.249839999999999913e-03
-1.925410000000000012e-03 2.855180000000000131e-03
-2.564649999999999916e-03 3.081500000000000038e-03
-3.010529999999999977e-03 2.881879999999999858e-03
-3.230949999999999794e-03 2.320169999999999871e-03
-3.201079999999999811e-03 1.555420000000000066e-03
-2.904900000000000190e-03 7.665079999999999463e-04
-2.341310000000000092e-03 9.105060000000000540e-05
-1.532790000000000021e-03 -4.092429999999999983e-04
-5.332159999999999851e-04 -7.569150000000000400e-04
5.699000000000000290e-04 -1.037100000000000001e-03
1.661170000000000008e-03 -1.309779999999999972e-03
2.611190000000000212e-03 -1.568720000000000010e-03
3.297749999999999900e-03 -1.797449999999999916e-03
3.630679999999999845e-03 -1.947369999999999917e-03
3.571620000000000177e-03 -1.945150000000000091e-03
3.141500000000000195e-03 -1.734749999999999964e-03
2.412810000000000041e-03 -1.290670000000000055e-03
1.489719999999999933e-03 -6.474649999999999546e-04
4.841269999999999948e-04 8.168390000000000579e-05
-5.032850000000000171e-04 7.346499999999999949e-04
-1.392060000000000086e-03 1.140900000000000030e-03
-2.121309999999999949e-03 1.205139999999999944e-03
-2.645600000000000122e-03 1.017399999999999902e-03
-2.933020000000000158e-03 7.782909999999999655e-04
-2.965179999999999986e-03 6.713269999999999915e-04
-2.738040000000000179e-03 7.823910000000000109e-04
-2.263919999999999995e-03 1.055340000000000097e-03
-1.575959999999999948e-03 1.362989999999999905e-03
-7.347369999999999552e-04 1.560289999999999984e-03
1.690150000000000072e-04 1.505040000000000024e-03
1.021570000000000073e-03 1.158600000000000081e-03
1.704339999999999935e-03 6.134209999999999533e-04
2.120449999999999852e-03 -1.077160000000000034e-05
2.222350000000000107e-03 -6.125020000000000117e-04
2.028929999999999970e-03 -1.155839999999999992e-03
1.622500000000000027e-03 -1.655280000000000076e-03
1.123169999999999941e-03 -2.092810000000000070e-03
6.500129999999999580e-04 -2.453349999999999975e-03
2.855719999999999960e-04 -2.677070000000000144e-03
5.707700000000000257e-05 -2.633879999999999902e-03
-5.994049999999999980e-05 -2.221190000000000057e-03
-1.185650000000000007e-04 -1.439809999999999918e-03
-1.698709999999999869e-04 -4.336890000000000146e-04
-2.404440000000000039e-04 5.906309999999999902e-04
-3.294920000000000227e-04 1.487100000000000097e-03
-4.240210000000000116e-04 2.185470000000000121e-03
-5.177200000000000508e-04 2.641370000000000089e-03
-6.189430000000000539e-04 2.841799999999999795e-03
-7.434139999999999672e-04 2.796310000000000202e-03
-8.973009999999999797e-04 2.493819999999999891e-03
-1.061429999999999926e-03 1.890540000000000016e-03
-1.187050000000000041e-03 9.580829999999999815e-04
-1.208400000000000099e-03 -2.138739999999999923e-04
-1.067959999999999960e-03 -1.396810000000000065e-03
-7.415009999999999874e-04 -2.314730000000000086e-03
-2.495430000000000196e-04 -2.755099999999999910e-03
3.489380000000000259e-04 -2.635789999999999834e-03
9.741409999999999826e-04 -2.035990000000000109e-03
1.543759999999999924e-03 -1.177730000000000096e-03
1.983710000000000074e-03 -3.068060000000000166e-04
2.229989999999999837e-03 4.104700000000000189e-04
2.229039999999999841e-03 8.800309999999999773e-04
1.945930000000000012e-03 1.073659999999999936e-03
1.381269999999999980e-03 1.020480000000000042e-03
5.886659999999999506e-04 7.450100000000000515e-04
-3.194669999999999823e-04 2.557460000000000007e-04
-1.187590000000000087e-03 -3.909830000000000206e-04
-1.855080000000000054e-03 -1.022420000000000013e-03
-2.203720000000000158e-03 -1.392950000000000004e-03
-2.192540000000000201e-03 -1.334859999999999996e-03
-1.862890000000000075e-03 -8.324969999999999679e-04
-1.315229999999999915e-03 1.596540000000000134e-05
-6.731670000000000145e-04 1.045399999999999932e-03
-5.179709999999999913e-05 2.018489999999999954e-03
4.610449999999999878e-04 2.673700000000000208e-03
8.099900000000000155e-04 2.832739999999999824e-03
9.690919999999999569e-04 2.449199999999999901e-03
9.385560000000000040e-04 1.595220000000000058e-03
7.463419999999999907e-04 3.843939999999999792e-04
4.520629999999999983e-04 -1.034690000000000002e-03
1.433659999999999958e-04 -2.429460000000000040e-03
-8.261269999999999595e-05 -3.504199999999999850e-03
-1.492780000000000029e-04 -3.967730000000000042e-03
-2.901949999999999888e-05 -3.647159999999999985e-03
2.443430000000000016e-04 -2.569070000000000121e-03
5.850029999999999553e-04 -9.428299999999999702e-04
8.818269999999999581e-04 8.615100000000000102e-04
1.031900000000000091e-03 2.382510000000000010e-03
9.681180000000000167e-04 3.274739999999999943e-03
6.717290000000000327e-04 3.423629999999999989e-03
1.715700000000000124e-04 2.890890000000000126e-03
-4.611090000000000197e-04 1.813570000000000026e-03
-1.118649999999999896e-03 3.982500000000000037e-04
-1.669710000000000031e-03 -1.033899999999999923e-03
-1.984399999999999879e-03 -2.134769999999999810e-03
-1.968230000000000066e-03 -2.631609999999999939e-03
-1.593369999999999986e-03 -2.409269999999999814e-03
-9.145919999999999874e-04 -1.523389999999999900e-03
-6.304679999999999410e-05 -1.399890000000000043e-04
7.828120000000000260e-04 1.412639999999999946e-03
1.443730000000000057e-03 2.670889999999999983e-03
1.788370000000000064e-03 3.237069999999999878e-03
1.766049999999999912e-03 2.896600000000000043e-03
1.415049999999999945e-03 1.632390000000000056e-03
8.473699999999999592e-04 -2.964360000000000194e-04
2.154860000000000033e-04 -2.373300000000000062e-03
-3.272670000000000093e-04 -4.032550000000000197e-03
-6.611030000000000162e-04 -4.802540000000000107e-03
-7.233609999999999476e-04 -4.430779999999999615e-03
-5.195570000000000266e-04 -2.984070000000000125e-03
-1.225309999999999963e-04 -7.665909999999999521e-04
3.396799999999999733e-04 1.749939999999999959e-03
7.109700000000000047e-04 3.917349999999999999e-03
8.496000000000000513e-04 5.104509999999999603e-03
6.740370000000000519e-04 4.941349999999999736e-03
1.946729999999999977e-04 3.444619999999999800e-03
-4.810230000000000191e-04 1.002400000000000079e-03
-1.172489999999999991e-03 -1.757230000000000033e-03
-1.674740000000000083e-03 -4.025039999999999694e-03
-1.819890000000000006e-03 -5.064769999999999689e-03
-1.530639999999999995e-03 -4.529990000000000232e-03
-8.466170000000000292e-04 -2.573590000000000166e-03
8.326260000000000475e-05 2.078220000000000035e-04
1.038379999999999989e-03 2.949300000000000185e-03
1.783459999999999950e-03 4.754060000000000057e-03
2.129929999999999931e-03 5.049490000000000228e-03
1.986159999999999835e-03 3.722459999999999918e-03
1.386639999999999965e-03 1.093299999999999958e-03
4.906939999999999609e-04 -2.066859999999999791e-03
-4.556690000000000176e-04 -4.751540000000000277e-03
-1.187960000000000058e-03 -6.081839999999999816e-03
-1.500580000000000056e-03 -5.656129999999999665e-03
-1.310050000000000103e-03 -3.597519999999999885e-03
-6.867579999999999865e-04 -4.400730000000000267e-04
1.588869999999999985e-04 2.865570000000000010e-03
9.395879999999999900e-04 5.257399999999999747e-03
1.384170000000000105e-03 5.989719999999999593e-03
1.327660000000000038e-03 4.854849999999999964e-03
7.679149999999999822e-04 2.253030000000000050e-03
-1.303669999999999937e-04 -9.382919999999999672e-04
-1.086450000000000089e-03 -3.638979999999999992e-03
-1.793139999999999925e-03 -4.942620000000000000e-03
-2.015299999999999817e-03 -4.453269999999999625e-03
-1.665660000000000014e-03 -2.396399999999999919e-03
-8.342020000000000338e-04 4.540759999999999805e-04
2.387289999999999974e-04 3.026440000000000033e-03
1.236899999999999979e-03 4.404339999999999644e-03
1.865410000000000072e-03 4.177130000000000253e-03
1.942240000000000025e-03 2.487169999999999919e-03
1.458089999999999994e-03 -4.734760000000000048e-05
5.830740000000000488e-04 -2.501499999999999817e-03
-3.869379999999999738e-04 -4.003379999999999959e-03
-1.128289999999999892e-03 -4.082480000000000310e-03
-1.399319999999999904e-03 -2.805030000000000023e-03
-1.124320000000000050e-03 -7.119080000000000286e-04
-4.212150000000000117e-04 1.403729999999999952e-03
4.391660000000000030e-04 2.804130000000000164e-03
1.129690000000000034e-03 3.071770000000000143e-03
1.385539999999999992e-03 2.235060000000000085e-03
1.101629999999999927e-03 7.206400000000000392e-04
3.721350000000000005e-04 -8.395219999999999896e-04
-5.435960000000000314e-04 -1.861170000000000099e-03
-1.316530000000000001e-03 -2.022830000000000201e-03
-1.669370000000000099e-03 -1.359760000000000005e-03
-1.478340000000000079e-03 -2.104230000000000011e-04
-8.170179999999999760e-04 9.430779999999999719e-04
7.368539999999999758e-05 1.668360000000000025e-03
8.775980000000000499e-04 1.736139999999999949e-03
1.321640000000000011e-03 1.180199999999999956e-03
1.275260000000000065e-03 2.526650000000000076e-04
7.935960000000000366e-04 -6.936060000000000402e-04
8.938749999999999756e-05 -1.340709999999999949e-03
-5.537600000000000378e-04 -1.509109999999999922e-03
-8.917999999999999929e-04 -1.200480000000000080e-03
-8.111289999999999516e-04 -5.757499999999999814e-04
-3.656329999999999737e-04 1.153840000000000052e-04
2.521539999999999849e-04 6.294980000000000367e-04
7.914740000000000187e-04 8.172070000000000245e-04
1.041650000000000085e-03 6.663710000000000206e-04
9.096879999999999680e-04 2.882599999999999811e-04
4.491370000000000063e-04 -1.387469999999999914e-04
-1.676709999999999876e-04 -4.423909999999999865e-04
-7.197700000000000018e-04 -5.179019999999999891e-04
-1.021259999999999963e-03 -3.569499999999999756e-04
-9.866650000000000680e-04 -3.828519999999999726e-05
-6.551390000000000035e-04 3.111559999999999868e-04
-1.675670000000000035e-04 5.666550000000000016e-04
2.918519999999999968e-04 6.483209999999999884e-04
5.656580000000000245e-04 5.423770000000000284e-04
5.784019999999999960e-04 2.971450000000000155e-04
3.578960000000000171e-04 -1.014900000000000015e-06
1.694800000000000104e-05 -2.606940000000000082e-04
-2.950660000000000240e-04 -4.151550000000000054e-04
-4.508720000000000024e-04 -4.396819999999999960e-04
-3.917969999999999895e-04 -3.529270000000000042e-04
-1.455910000000000093e-04 -2.043059999999999917e-04
1.892220000000000121e-04 -5.355189999999999798e-05
4.844520000000000163e-04 4.994199999999999719e-05
6.317859999999999579e-04 8.146570000000000168e-05
5.817090000000000238e-04 4.540509999999999663e-05
3.580179999999999864e-04 -3.028689999999999966e-05
4.424089999999999853e-05 -1.064749999999999995e-04
-2.509200000000000167e-04 -1.472839999999999946e-04
-4.346919999999999777e-04 -1.318039999999999869e-04
-4.621469999999999918e-04 -5.973869999999999777e-05
-3.478660000000000064e-04 5.003700000000000221e-05
-1.547809999999999941e-04 1.667299999999999978e-04
3.368649999999999672e-05 2.578619999999999784e-04
1.464050000000000052e-04 2.990930000000000043e-04
1.496760000000000083e-04 2.808150000000000143e-04
5.615270000000000195e-05 2.099029999999999993e-04
-8.427239999999999634e-05 1.066010000000000048e-04
-2.066159999999999883e-04 -2.181929999999999792e-06
-2.566369999999999893e-04 -9.096499999999999389e-05
-2.105169999999999904e-04 -1.427859999999999980e-04
-8.170560000000000594e-05 -1.532939999999999997e-04
8.646969999999999646e-05 -1.307869999999999931e-04
