-2.806850000000000084e-08 9.038629999999999721e-07
-1.829710000000000044e-07 3.540289999999999946e-06
-5.822899999999999552e-07 6.988189999999999579e-06
-1.328990000000000044e-06 1.303249999999999931e-05
-2.784839999999999835e-06 2.902549999999999849e-05
-6.010560000000000268e-06 6.473729999999999426e-05
-1.270739999999999966e-05 1.231480000000000075e-04
-2.408759999999999957e-05 1.892490000000000036e-04
-3.926980000000000135e-05 2.358879999999999885e-04
-5.462179999999999938e-05 2.311720000000000018e-04
-6.461739999999999563e-05 1.465650000000000037e-04
-6.401299999999999850e-05 -1.691659999999999995e-05
-5.059499999999999924e-05 -2.179989999999999977e-04
-2.644969999999999852e-05 -3.966710000000000244e-04
4.102069999999999674e-06 -5.072250000000000369e-04
3.888040000000000132e-05 -5.392119999999999596e-04
8.071210000000000266e-05 -5.174500000000000280e-04
1.355039999999999955e-04 -4.847499999999999921e-04
2.058419999999999987e-04 -4.720230000000000172e-04
2.840690000000000207e-04 -4.697840000000000002e-04
3.503480000000000006e-04 -4.359809999999999987e-04
3.793700000000000219e-04 -3.372000000000000106e-04
3.530599999999999841e-04 -1.664539999999999889e-04
2.704240000000000116e-04 6.616549999999999526e-05
1.473000000000000025e-04 3.326199999999999968e-04
7.096820000000000096e-06 5.844710000000000356e-04
-1.305149999999999930e-04 7.750230000000000096e-04
-2.563590000000000031e-04 8.849510000000000319e-04
-3.712279999999999768e-04 9.289399999999999524e-04
-4.795930000000000006e-04 9.445980000000000522e-04
-5.815739999999999582e-04 9.596109999999999710e-04
-6.669539999999999844e-04 9.518029999999999807e-04
-7.144309999999999636e-04 8.625030000000000327e-04
-6.985109999999999670e-04 6.469299999999999877e-04
-6.013740000000000058e-04 2.874959999999999864e-04
-4.221739999999999868e-04 -1.969309999999999887e-04
-1.784810000000000010e-04 -7.348030000000000186e-04
9.989039999999999486e-05 -1.221120000000000018e-03
3.809400000000000221e-04 -1.560930000000000087e-03
6.393969999999999905e-04 -1.704819999999999903e-03
8.603050000000000107e-04 -1.665540000000000076e-03
1.036030000000000067e-03 -1.501530000000000052e-03
1.159040000000000070e-03 -1.281519999999999968e-03
1.215670000000000075e-03 -1.057620000000000001e-03
1.185669999999999997e-03 -8.373989999999999559e-04
1.048539999999999932e-03 -5.844710000000000356e-04
7.943279999999999612e-04 -2.571140000000000187e-04
4.338540000000000105e-04 1.589329999999999909e-04
2.115510000000000181e-06 6.459610000000000178e-04
-4.490729999999999744e-04 1.168919999999999942e-03
-8.661899999999999721e-04 1.675849999999999996e-03
-1.207989999999999932e-03 2.088430000000000061e-03
-1.450689999999999922e-03 2.314019999999999966e-03
-1.584130000000000000e-03 2.274599999999999886e-03
-1.604940000000000012e-03 1.954969999999999885e-03
-1.513349999999999895e-03 1.416809999999999901e-03
-1.312859999999999895e-03 7.371359999999999978e-04
-1.009059999999999992e-03 -1.577709999999999841e-05
-6.092390000000000262e-04 -7.551860000000000300e-04
-1.259599999999999934e-04 -1.391899999999999952e-03
4.159759999999999760e-04 -1.847530000000000006e-03
9.741020000000000191e-04 -2.073049999999999893e-03
1.490339999999999937e-03 -2.094420000000000049e-03
1.902199999999999941e-03 -1.992770000000000045e-03
2.156540000000000193e-03 -1.840580000000000081e-03
2.217989999999999979e-03 -1.650940000000000046e-03
2.070330000000000000e-03 -1.375499999999999987e-03
1.716440000000000066e-03 -9.570569999999999815e-04
1.181280000000000047e-03 -3.721090000000000248e-04
5.151350000000000070e-04 3.563460000000000065e-04
-2.101329999999999886e-04 1.158860000000000055e-03
-9.143190000000000258e-04 1.926250000000000011e-03
-1.526460000000000100e-03 2.526190000000000206e-03
-1.997379999999999989e-03 2.833280000000000087e-03
-2.301140000000000130e-03 2.759779999999999872e-03
-2.426760000000000028e-03 2.291070000000000086e-03
-2.368750000000000196e-03 1.520660000000000067e-03
-2.123980000000000139e-03 6.268649999999999960e-04
-1.695340000000000041e-03 -2.086369999999999880e-04
-1.097389999999999954e-03 -8.604520000000000484e-04
-3.611789999999999922e-04 -1.284919999999999942e-03
4.623410000000000106e-04 -1.517569999999999987e-03
1.301239999999999949e-03 -1.645519999999999925e-03
2.064869999999999900e-03 -1.722699999999999969e-03
2.651670000000000069e-03 -1.739239999999999970e-03
2.967299999999999972e-03 -1.686390000000000068e-03
2.950939999999999987e-03 -1.535979999999999941e-03
2.596450000000000147e-03 -1.243820000000000082e-03
1.956310000000000167e-03 -7.867869999999999465e-04
1.126260000000000022e-03 -1.717269999999999908e-04
2.183390000000000114e-04 5.397190000000000277e-04
-6.640250000000000536e-04 1.219540000000000077e-03
-1.439369999999999929e-03 1.710450000000000078e-03
-2.049580000000000065e-03 1.869109999999999999e-03
-2.455569999999999801e-03 1.643139999999999965e-03
-2.635960000000000126e-03 1.164670000000000028e-03
-2.589240000000000031e-03 6.576870000000000068e-04
-2.330699999999999786e-03 3.057730000000000148e-04
-1.882229999999999927e-03 1.841369999999999888e-04
-1.264670000000000074e-03 2.345589999999999882e-04
-5.040469999999999803e-04 3.466659999999999772e-04
3.489659999999999789e-04 4.052500000000000113e-04
1.204049999999999912e-03 2.970399999999999885e-04
1.937970000000000014e-03 8.251889999999999652e-07
2.423879999999999785e-03 -3.889890000000000123e-04
2.572370000000000038e-03 -7.641170000000000297e-04
2.366229999999999983e-03 -1.043209999999999927e-03
1.870429999999999966e-03 -1.216110000000000064e-03
1.210630000000000083e-03 -1.328409999999999921e-03
5.282429999999999634e-04 -1.398960000000000091e-03
-6.587449999999999415e-05 -1.451980000000000067e-03
-5.163900000000000347e-04 -1.460139999999999962e-03
-8.219059999999999604e-04 -1.310610000000000030e-03
-1.013629999999999956e-03 -9.016539999999999971e-04
-1.125960000000000068e-03 -2.231249999999999889e-04
-1.173159999999999915e-03 5.976449999999999471e-04
-1.144440000000000041e-03 1.371639999999999925e-03
-1.021489999999999898e-03 1.967410000000000166e-03
-8.059540000000000020e-04 2.325149999999999786e-03
-5.335659999999999665e-04 2.412399999999999874e-03
-2.631560000000000127e-04 2.239300000000000058e-03
-5.011410000000000186e-05 1.853690000000000069e-03
7.802430000000000444e-05 1.290200000000000027e-03
1.316289999999999962e-04 5.434619999999999816e-04
1.515389999999999869e-04 -3.962869999999999956e-04
1.878019999999999885e-04 -1.445270000000000018e-03
2.744070000000000038e-04 -2.402270000000000186e-03
4.145080000000000097e-04 -3.030129999999999803e-03
5.847580000000000009e-04 -3.153459999999999857e-03
7.526219999999999915e-04 -2.715739999999999908e-03
8.916080000000000056e-04 -1.809749999999999944e-03
9.844050000000000456e-04 -6.660659999999999888e-04
1.014279999999999999e-03 4.575229999999999900e-04
9.537729999999999906e-04 1.375209999999999974e-03
7.651140000000000068e-04 1.970439999999999952e-03
4.191830000000000014e-04 2.200810000000000093e-03
-7.723939999999999777e-05 2.098239999999999914e-03
-6.643429999999999648e-04 1.705520000000000083e-03
-1.234590000000000036e-03 1.054650000000000075e-03
-1.662129999999999944e-03 2.183789999999999907e-04
-1.846299999999999938e-03 -6.289849999999999825e-04
-1.748439999999999977e-03 -1.252889999999999993e-03
-1.400339999999999918e-03 -1.494969999999999979e-03
-8.802190000000000101e-04 -1.328100000000000027e-03
-2.772790000000000129e-04 -8.106800000000000377e-04
3.296190000000000166e-04 -5.340460000000000026e-05
8.734819999999999694e-04 7.507500000000000067e-04
1.294390000000000080e-03 1.358739999999999991e-03
1.540560000000000063e-03 1.587209999999999923e-03
1.577080000000000018e-03 1.374379999999999916e-03
1.397680000000000103e-03 7.778579999999999783e-04
1.034189999999999936e-03 -1.000180000000000036e-04
5.579419999999999649e-04 -1.124549999999999985e-03
6.600139999999999458e-05 -2.089720000000000206e-03
-3.464610000000000020e-04 -2.746090000000000076e-03
-6.150860000000000398e-04 -2.864269999999999924e-03
-7.210689999999999635e-04 -2.331109999999999953e-03
-6.857799999999999833e-04 -1.207610000000000020e-03
-5.538350000000000261e-04 3.019709999999999994e-04
-3.774760000000000159e-04 1.868050000000000006e-03
-2.068390000000000029e-04 3.086960000000000138e-03
-8.587709999999999810e-05 3.667010000000000061e-03
-5.130549999999999862e-05 3.527370000000000158e-03
-1.260280000000000070e-04 2.740939999999999870e-03
-3.018850000000000006e-04 1.445590000000000069e-03
-5.236569999999999636e-04 -1.461819999999999905e-04
-6.965159999999999971e-04 -1.700429999999999954e-03
-7.223670000000000178e-04 -2.863150000000000070e-03
-5.440809999999999700e-04 -3.375029999999999784e-03
-1.707219999999999962e-04 -3.149159999999999807e-03
3.271200000000000258e-04 -2.264289999999999966e-03
8.415350000000000261e-04 -8.865330000000000042e-04
1.256989999999999930e-03 6.807259999999999873e-04
1.479599999999999969e-03 2.012170000000000191e-03
1.458660000000000078e-03 2.743499999999999845e-03
1.193920000000000007e-03 2.671259999999999954e-03
7.320679999999999982e-04 1.760120000000000001e-03
1.572540000000000092e-04 2.270080000000000058e-04
-4.259709999999999777e-04 -1.467519999999999936e-03
-9.137159999999999640e-04 -2.817880000000000038e-03
-1.221169999999999938e-03 -3.406489999999999865e-03
-1.297119999999999914e-03 -3.019270000000000113e-03
-1.134079999999999984e-03 -1.737190000000000002e-03
-7.740569999999999786e-04 1.506190000000000024e-04
-3.077690000000000005e-04 2.215340000000000104e-03
1.429600000000000001e-04 3.875299999999999925e-03
4.623130000000000035e-04 4.584069999999999985e-03
5.792920000000000231e-04 4.060399999999999600e-03
4.877470000000000178e-04 2.388079999999999890e-03
2.427899999999999980e-04 -2.594959999999999970e-05
-5.755999999999999778e-05 -2.592119999999999841e-03
-2.996230000000000009e-04 -4.584099999999999807e-03
-3.874869999999999985e-04 -5.365520000000000359e-03
-2.713239999999999793e-04 -4.673329999999999845e-03
3.927860000000000032e-05 -2.697469999999999989e-03
4.763249999999999906e-04 -1.218799999999999918e-05
9.256530000000000227e-04 2.589329999999999930e-03
1.251329999999999934e-03 4.304460000000000404e-03
1.330000000000000019e-03 4.643419999999999666e-03
1.088570000000000076e-03 3.535040000000000144e-03
5.384590000000000296e-04 1.286819999999999934e-03
-2.103669999999999867e-04 -1.395449999999999902e-03
-9.729720000000000079e-04 -3.611570000000000145e-03
-1.545399999999999942e-03 -4.608600000000000023e-03
-1.767380000000000036e-03 -4.095299999999999635e-03
-1.570329999999999990e-03 -2.249169999999999989e-03
-1.003180000000000001e-03 4.214360000000000220e-04
-2.253470000000000093e-04 3.069259999999999870e-03
5.412309999999999821e-04 4.788630000000000317e-03
1.082840000000000061e-03 4.999609999999999818e-03
1.259380000000000048e-03 3.616890000000000209e-03
1.044819999999999907e-03 1.077749999999999932e-03
5.331580000000000477e-04 -1.801249999999999900e-03
-9.118810000000000197e-05 -4.076109999999999976e-03
-6.108930000000000480e-04 -5.002590000000000335e-03
-8.439370000000000075e-04 -4.314969999999999570e-03
-7.027230000000000412e-04 -2.291669999999999992e-03
-2.263130000000000133e-04 3.337920000000000188e-04
4.277859999999999866e-04 2.606859999999999906e-03
1.031620000000000020e-03 3.761689999999999826e-03
1.358499999999999899e-03 3.514460000000000067e-03
1.259769999999999900e-03 2.062150000000000007e-03
7.255389999999999799e-04 -1.397759999999999980e-05
-9.888979999999999635e-05 -1.905060000000000087e-03
-9.563329999999999661e-04 -2.898650000000000011e-03
-1.566700000000000080e-03 -2.677639999999999795e-03
-1.727000000000000019e-03 -1.404880000000000061e-03
-1.385350000000000036e-03 3.735799999999999841e-04
-6.614880000000000065e-04 1.955520000000000088e-03
1.945960000000000051e-04 2.760569999999999951e-03
8.918930000000000477e-04 2.540600000000000063e-03
1.203450000000000006e-03 1.446189999999999976e-03
1.048850000000000043e-03 -6.189939999999999895e-05
5.227100000000000149e-04 -1.412300000000000014e-03
-1.429099999999999988e-04 -2.146850000000000060e-03
-6.689200000000000397e-04 -2.083069999999999800e-03
-8.380930000000000411e-04 -1.353599999999999942e-03
-5.800329999999999809e-04 -3.172639999999999900e-04
1.613270000000000099e-06 6.039669999999999588e-04
6.710690000000000491e-04 1.090720000000000101e-03
1.155039999999999973e-03 1.033159999999999981e-03
1.251799999999999961e-03 5.441909999999999673e-04
9.105709999999999932e-04 -1.150130000000000049e-04
2.495950000000000252e-04 -6.553019999999999678e-04
-4.932909999999999769e-04 -8.711969999999999870e-04
-1.056050000000000001e-03 -7.036769999999999917e-04
-1.254139999999999942e-03 -2.412810000000000096e-04
-1.047490000000000096e-03 3.294670000000000086e-04
-5.474530000000000455e-04 7.990640000000000459e-04
3.593550000000000178e-05 1.010959999999999984e-03
4.813570000000000197e-04 9.146620000000000054e-04
6.413540000000000126e-04 5.723279999999999861e-04
4.923850000000000232e-04 1.208879999999999986e-04
1.336700000000000128e-04 -2.869820000000000248e-04
-2.605369999999999756e-04 -5.379469999999999912e-04
-5.137510000000000080e-04 -5.898859999999999694e-04
-5.160850000000000029e-04 -4.734720000000000096e-04
-2.634730000000000166e-04 -2.685890000000000131e-04
1.458350000000000022e-04 -6.830469999999999673e-05
5.539569999999999954e-04 5.522550000000000175e-05
8.069019999999999665e-04 7.199699999999999525e-05
8.133920000000000212e-04 -2.321199999999999900e-06
5.764260000000000000e-04 -1.189360000000000010e-04
1.868279999999999941e-04 -2.179720000000000062e-04
-2.163869999999999867e-04 -2.512440000000000224e-04
-5.012029999999999784e-04 -1.979550000000000114e-04
-5.908299999999999793e-04 -6.900400000000000544e-05
-4.869259999999999929e-04 9.986779999999999952e-05
-2.610150000000000209e-04 2.620909999999999950e-04
-2.024279999999999870e-05 3.757030000000000178e-04
1.370970000000000055e-04 4.150959999999999980e-04
1.583669999999999967e-04 3.761980000000000055e-04
5.244700000000000116e-05 2.748389999999999752e-04
-1.194589999999999959e-04 1.400139999999999913e-04
-2.723429999999999775e-04 4.698679999999999879e-06
-3.327450000000000134e-04 -1.031159999999999933e-04
-2.669230000000000192e-04 -1.670189999999999945e-04
-9.171189999999999854e-05 -1.850199999999999870e-04
1.346960000000000128e-04 -1.681739999999999928e-04
3.369739999999999758e-04 -1.355550000000000125e-04
4.515170000000000208e-04 -1.071609999999999994e-04
4.486480000000000047e-04 -9.692390000000000218e-05
3.403859999999999763e-04 -1.080960000000000032e-04
1.721430000000000085e-04 -1.324979999999999908e-04
3.010749999999999931e-06 -1.538809999999999993e-04
-1.168759999999999970e-04 -1.542389999999999983e-04
-1.631030000000000002e-04 -1.208840000000000034e-04
-1.422499999999999882e-04 -5.178989999999999690e-05
-8.495939999999999840e-05 4.271260000000000166e-05
-3.077649999999999917e-05 1.425730000000000053e-04
