-1.591360000000000096e-08 9.262869999999999881e-07
-1.113780000000000064e-07 3.684930000000000056e-06
-3.908709999999999800e-07 7.440790000000000125e-06
-9.938479999999999669e-07 1.404210000000000062e-05
-2.243880000000000105e-06 3.109739999999999808e-05
-4.952889999999999771e-06 6.916010000000000213e-05
-1.058710000000000067e-05 1.324270000000000113e-04
-2.085829999999999984e-05 2.065720000000000002e-04
-3.670009999999999782e-05 2.633010000000000190e-04
-5.712089999999999719e-05 2.673320000000000080e-04
-7.844319999999999462e-05 1.854240000000000055e-04
-9.448709999999999867e-05 1.465569999999999929e-05
-9.810289999999999885e-05 -2.043179999999999909e-04
-8.345329999999999600e-05 -4.075479999999999815e-04
-4.766300000000000089e-05 -5.425939999999999756e-04
9.026579999999999557e-06 -5.935670000000000312e-04
8.415289999999999858e-05 -5.845540000000000415e-04
1.737209999999999991e-04 -5.623359999999999774e-04
2.716969999999999975e-04 -5.628739999999999915e-04
3.683590000000000150e-04 -5.779789999999999494e-04
4.490049999999999879e-04 -5.606930000000000204e-04
4.954070000000000088e-04 -4.690229999999999985e-04
4.908570000000000337e-04 -2.897570000000000245e-04
4.264609999999999950e-04 -3.322699999999999883e-05
3.048999999999999844e-04 2.673220000000000132e-04
1.395919999999999876e-04 5.582430000000000421e-04
-5.018279999999999665e-05 7.911720000000000341e-04
-2.457210000000000145e-04 9.482520000000000142e-04
-4.336459999999999881e-04 1.045530000000000027e-03
-6.066030000000000467e-04 1.118819999999999971e-03
-7.597539999999999632e-04 1.190080000000000044e-03
-8.850960000000000381e-04 1.228750000000000024e-03
-9.671939999999999964e-04 1.166949999999999932e-03
-9.841369999999999459e-04 9.526040000000000159e-04
-9.142990000000000362e-04 5.654380000000000300e-04
-7.452690000000000096e-04 2.661580000000000020e-05
-4.802300000000000015e-04 -5.871130000000000012e-04
-1.389170000000000118e-04 -1.164939999999999943e-03
2.470509999999999763e-04 -1.606449999999999935e-03
6.418590000000000493e-04 -1.856659999999999994e-03
1.012260000000000069e-03 -1.921940000000000020e-03
1.330400000000000029e-03 -1.853269999999999961e-03
1.572309999999999940e-03 -1.711480000000000033e-03
1.714870000000000066e-03 -1.541559999999999979e-03
1.734859999999999961e-03 -1.346079999999999933e-03
1.612469999999999962e-03 -1.085959999999999964e-03
1.338559999999999924e-03 -7.185730000000000199e-04
9.227639999999999627e-04 -2.300729999999999908e-04
3.974580000000000018e-04 3.603109999999999863e-04
-1.859689999999999943e-04 1.015480000000000028e-03
-7.682220000000000455e-04 1.681130000000000081e-03
-1.295380000000000056e-03 2.274140000000000016e-03
-1.727849999999999959e-03 2.690339999999999832e-03
-2.041519999999999793e-03 2.830490000000000176e-03
-2.222420000000000125e-03 2.651820000000000045e-03
-2.260190000000000029e-03 2.191919999999999980e-03
-2.144200000000000186e-03 1.516879999999999964e-03
-1.864020000000000087e-03 6.989980000000000455e-04
-1.414600000000000015e-03 -1.615909999999999916e-04
-8.050169999999999939e-04 -9.598630000000000356e-04
-6.676069999999999932e-05 -1.603040000000000020e-03
7.426040000000000071e-04 -2.029539999999999816e-03
1.543600000000000007e-03 -2.254410000000000094e-03
2.247050000000000002e-03 -2.350769999999999856e-03
2.770170000000000184e-03 -2.386080000000000059e-03
3.050530000000000082e-03 -2.367429999999999795e-03
3.054120000000000012e-03 -2.233450000000000105e-03
2.777519999999999902e-03 -1.905159999999999926e-03
2.246310000000000060e-03 -1.335030000000000071e-03
1.511140000000000009e-03 -5.306210000000000006e-04
6.412329999999999506e-04 4.380990000000000079e-04
-2.845249999999999906e-04 1.445950000000000100e-03
-1.187560000000000048e-03 2.335269999999999967e-03
-1.997849999999999800e-03 2.952279999999999835e-03
-2.657819999999999974e-03 3.180570000000000185e-03
-3.121529999999999964e-03 2.976789999999999992e-03
-3.351489999999999938e-03 2.408019999999999865e-03
-3.317609999999999917e-03 1.634480000000000004e-03
-3.000590000000000028e-03 8.337350000000000533e-04
-2.399520000000000038e-03 1.404320000000000134e-04
-1.541119999999999990e-03 -3.865550000000000149e-04
-4.869620000000000177e-04 -7.705579999999999635e-04
6.659910000000000005e-04 -1.094169999999999995e-03
1.793619999999999893e-03 -1.411340000000000077e-03
2.760990000000000059e-03 -1.707549999999999953e-03
3.445090000000000045e-03 -1.957920000000000146e-03
3.759279999999999827e-03 -2.108019999999999946e-03
3.671320000000000052e-03 -2.083300000000000169e-03
3.208359999999999945e-03 -1.831589999999999911e-03
2.447239999999999832e-03 -1.335170000000000107e-03
1.493629999999999914e-03 -6.377979999999999674e-04
4.586079999999999974e-04 1.392689999999999976e-04
-5.590109999999999914e-04 8.288020000000000109e-04
-1.479800000000000082e-03 1.258610000000000067e-03
-2.241449999999999866e-03 1.334469999999999927e-03
-2.793840000000000125e-03 1.148930000000000047e-03
-3.097410000000000094e-03 9.050549999999999871e-04
-3.125540000000000002e-03 7.876069999999999556e-04
-2.869089999999999922e-03 8.817060000000000045e-04
-2.341709999999999885e-03 1.128799999999999899e-03
-1.585459999999999908e-03 1.399330000000000062e-03
-6.751080000000000015e-04 1.548420000000000005e-03
2.839730000000000270e-04 1.438540000000000088e-03
1.167969999999999946e-03 1.040300000000000079e-03
1.855969999999999972e-03 4.574560000000000193e-04
2.256329999999999968e-03 -1.808640000000000085e-04
2.331049999999999876e-03 -7.696470000000000394e-04
2.108230000000000000e-03 -1.277050000000000060e-03
1.675520000000000004e-03 -1.727819999999999920e-03
1.153619999999999949e-03 -2.116110000000000040e-03
6.591779999999999558e-04 -2.436240000000000107e-03
2.721310000000000005e-04 -2.632100000000000065e-03
1.924199999999999975e-05 -2.571860000000000031e-03
-1.215789999999999959e-04 -2.148569999999999820e-03
-1.992920000000000021e-04 -1.359680000000000047e-03
-2.611900000000000116e-04 -3.490459999999999917e-04
-3.321210000000000004e-04 6.740220000000000326e-04
-4.119029999999999762e-04 1.560519999999999919e-03
-4.895709999999999515e-04 2.240160000000000155e-03
-5.613109999999999931e-04 2.672620000000000117e-03
-6.382850000000000459e-04 2.851310000000000129e-03
-7.396460000000000534e-04 2.791189999999999817e-03
-8.755310000000000306e-04 2.482659999999999815e-03
-1.030260000000000073e-03 1.878920000000000069e-03
-1.156450000000000056e-03 9.461170000000000083e-04
-1.186030000000000027e-03 -2.305580000000000108e-04
-1.055319999999999999e-03 -1.423460000000000090e-03
-7.320830000000000176e-04 -2.353619999999999844e-03
-2.306490000000000070e-04 -2.804039999999999831e-03
3.906350000000000165e-04 -2.689860000000000081e-03
1.045590000000000104e-03 -2.091040000000000173e-03
1.640509999999999972e-03 -1.232910000000000039e-03
2.089680000000000010e-03 -3.639690000000000113e-04
2.322519999999999793e-03 3.504310000000000064e-04
2.286929999999999952e-03 8.216220000000000424e-04
1.956579999999999864e-03 1.028629999999999996e-03
1.343639999999999895e-03 1.005110000000000031e-03
5.113210000000000194e-04 7.737440000000000376e-04
-4.234229999999999743e-04 3.342029999999999849e-04
-1.305420000000000061e-03 -2.697889999999999880e-04
-1.976499999999999958e-03 -8.765990000000000414e-04
-2.319729999999999882e-03 -1.245830000000000071e-03
-2.292950000000000196e-03 -1.207970000000000051e-03
-1.935789999999999950e-03 -7.410760000000000177e-04
-1.349380000000000067e-03 6.351790000000000387e-05
-6.621659999999999482e-04 1.045600000000000045e-03
2.762330000000000198e-06 1.971130000000000191e-03
5.494840000000000401e-04 2.582220000000000088e-03
9.174810000000000474e-04 2.706290000000000084e-03
1.080039999999999993e-03 2.304179999999999857e-03
1.040200000000000022e-03 1.453990000000000057e-03
8.300199999999999982e-04 2.704059999999999992e-04
5.123470000000000194e-04 -1.103830000000000089e-03
1.767039999999999941e-04 -2.447599999999999863e-03
-7.784350000000000102e-05 -3.478039999999999951e-03
-1.710129999999999973e-04 -3.913179999999999610e-03
-6.969319999999999877e-05 -3.582769999999999878e-03
1.972759999999999998e-04 -2.509949999999999942e-03
5.451720000000000177e-04 -8.976470000000000065e-04
8.580849999999999676e-04 8.902489999999999666e-04
1.023599999999999944e-03 2.396380000000000038e-03
9.645949999999999490e-04 3.277840000000000181e-03
6.569940000000000458e-04 3.422419999999999803e-03
1.323479999999999871e-04 2.894690000000000110e-03
-5.284320000000000120e-04 1.833400000000000004e-03
-1.205850000000000064e-03 4.430270000000000258e-04
-1.759960000000000083e-03 -9.625950000000000088e-04
-2.058470000000000178e-03 -2.046290000000000088e-03
-2.010259999999999825e-03 -2.545490000000000079e-03
-1.594090000000000047e-03 -2.349809999999999920e-03
-8.718839999999999620e-04 -1.511699999999999936e-03
1.897599999999999924e-05 -1.869239999999999877e-04
8.949169999999999564e-04 1.309969999999999928e-03
1.572140000000000083e-03 2.527929999999999847e-03
1.915339999999999968e-03 3.077129999999999969e-03
1.871910000000000067e-03 2.745309999999999938e-03
1.482170000000000102e-03 1.513129999999999900e-03
8.650310000000000464e-04 -3.655059999999999798e-04
1.837890000000000118e-04 -2.381219999999999865e-03
-3.966239999999999892e-04 -3.977389999999999919e-03
-7.480990000000000079e-04 -4.693169999999999981e-03
-8.060469999999999484e-04 -4.287359999999999609e-03
-5.810639999999999512e-04 -2.835579999999999871e-03
-1.558510000000000093e-04 -6.447049999999999743e-04
3.309470000000000012e-04 1.819719999999999931e-03
7.155370000000000306e-04 3.924060000000000048e-03
8.530820000000000156e-04 5.055900000000000324e-03
6.633919999999999531e-04 4.861650000000000346e-03
1.618059999999999887e-04 3.366720000000000129e-03
-5.366070000000000345e-04 9.571889999999999999e-04
-1.242339999999999981e-03 -1.750679999999999901e-03
-1.742019999999999940e-03 -3.965459999999999645e-03
-1.862479999999999908e-03 -4.969249999999999709e-03
-1.526859999999999893e-03 -4.429400000000000004e-03
-7.829239999999999464e-04 -2.504390000000000002e-03
2.052719999999999957e-04 2.134430000000000095e-04
1.198920000000000020e-03 2.873039999999999882e-03
1.947919999999999903e-03 4.598719999999999718e-03
2.258570000000000109e-03 4.841479999999999569e-03
2.047049999999999911e-03 3.507890000000000053e-03
1.366840000000000025e-03 9.269830000000000387e-04
4.009260000000000167e-04 -2.137130000000000106e-03
-5.845680000000000450e-04 -4.700789999999999830e-03
-1.315380000000000108e-03 -5.917930000000000065e-03
-1.589729999999999919e-03 -5.419809999999999732e-03
-1.340110000000000042e-03 -3.351620000000000033e-03
-6.593659999999999886e-04 -2.506340000000000130e-04
2.211039999999999891e-04 2.950089999999999830e-03
1.001390000000000006e-03 5.221550000000000150e-03
1.410100000000000069e-03 5.855710000000000082e-03
1.294730000000000013e-03 4.674959999999999706e-03
6.747279999999999814e-04 2.092500000000000176e-03
-2.612229999999999891e-04 -1.022450000000000052e-03
-1.214159999999999935e-03 -3.616410000000000024e-03
-1.871459999999999920e-03 -4.819799999999999952e-03
-2.008799999999999822e-03 -4.272129999999999851e-03
-1.563809999999999896e-03 -2.221589999999999850e-03
-6.578489999999999555e-04 5.557379999999999569e-04
4.419490000000000202e-04 3.008390000000000109e-03
1.407569999999999915e-03 4.257259999999999690e-03
1.953180000000000107e-03 3.934629999999999725e-03
1.924689999999999951e-03 2.217269999999999918e-03
1.349829999999999997e-03 -2.633860000000000021e-04
4.306919999999999889e-04 -2.596440000000000206e-03
-5.223969999999999655e-04 -3.947710000000000108e-03
-1.194699999999999929e-03 -3.895560000000000168e-03
-1.373679999999999953e-03 -2.548990000000000110e-03
-1.021860000000000086e-03 -4.699990000000000244e-04
-2.896509999999999818e-04 1.556599999999999998e-03
5.380600000000000356e-04 2.827689999999999891e-03
1.144290000000000064e-03 2.973729999999999950e-03
1.295090000000000043e-03 2.066489999999999820e-03
9.255210000000000043e-04 5.555690000000000064e-04
1.640400000000000083e-04 -9.325180000000000188e-04
-7.146639999999999460e-04 -1.844399999999999946e-03
-1.391380000000000004e-03 -1.902610000000000108e-03
-1.620659999999999896e-03 -1.182729999999999893e-03
-1.321069999999999927e-03 -4.503449999999999717e-05
-6.035559999999999927e-04 1.032530000000000036e-03
2.726030000000000055e-04 1.645240000000000070e-03
9.987019999999999665e-04 1.604029999999999996e-03
1.332169999999999925e-03 9.803270000000000213e-04
1.184439999999999929e-03 4.790760000000000190e-05
6.481279999999999854e-04 -8.416870000000000341e-04
-4.524749999999999665e-05 -1.393060000000000001e-03
-6.189630000000000435e-04 -1.461070000000000077e-03
-8.585350000000000056e-04 -1.080529999999999902e-03
-6.909219999999999555e-04 -4.327310000000000011e-04
-2.057969999999999949e-04 2.312559999999999963e-04
3.870160000000000093e-04 6.843700000000000087e-04
8.444260000000000091e-04 8.038119999999999944e-04
9.852559999999998923e-04 6.037829999999999890e-04
7.565140000000000146e-04 2.122810000000000094e-04
2.470460000000000060e-04 -1.902680000000000018e-04
-3.533650000000000159e-04 -4.436269999999999862e-04
-8.304169999999999607e-04 -4.636390000000000108e-04
-1.026039999999999982e-03 -2.632070000000000026e-04
-8.928809999999999915e-04 6.454160000000000561e-05
-5.040329999999999767e-04 3.896099999999999780e-04
-1.757400000000000149e-05 5.957519999999999569e-04
3.876470000000000241e-04 6.193540000000000200e-04
5.791089999999999606e-04 4.646809999999999916e-04
5.155729999999999645e-04 1.937449999999999958e-04
2.548510000000000033e-04 -1.018360000000000055e-04
-7.578980000000000406e-05 -3.347150000000000234e-04
-3.329429999999999868e-04 -4.492219999999999894e-04
-4.125849999999999808e-04 -4.343269999999999770e-04
-2.869400000000000141e-04 -3.202419999999999876e-04
-1.017450000000000059e-05 -1.623370000000000010e-04
3.071220000000000048e-04 -1.951160000000000137e-05
5.430250000000000398e-04 6.528760000000000151e-05
6.107120000000000170e-04 7.656349999999999972e-05
4.887510000000000509e-04 2.731730000000000017e-05
2.249669999999999892e-04 -4.922690000000000128e-05
-8.567860000000000330e-05 -1.133860000000000017e-04
-3.390709999999999796e-04 -1.332480000000000090e-04
-4.603650000000000147e-04 -9.483599999999999799e-05
-4.284819999999999948e-04 -5.471979999999999742e-06
-2.786479999999999925e-04 1.099990000000000017e-04
-8.386900000000000626e-05 2.182180000000000035e-04
7.591039999999999745e-05 2.882720000000000074e-04
1.443380000000000129e-04 3.010369999999999843e-04
1.074739999999999946e-04 2.542259999999999746e-04
-5.101519999999999905e-06 1.619640000000000099e-04
-1.356820000000000064e-04 4.949429999999999807e-05
-2.230749999999999877e-04 -5.500040000000000284e-05
-2.264219999999999948e-04 -1.288030000000000067e-04
-1.393750000000000132e-04 -1.607439999999999911e-04
9.784300000000000495e-06 -1.532879999999999865e-04
1.708869999999999920e-04 -1.202519999999999999e-04
