-2.560559999999999934e-08 9.081859999999999771e-07
-1.692060000000000131e-07 3.567349999999999819e-06
-5.488399999999999833e-07 7.069489999999999970e-06
-1.279470000000000008e-06 1.320649999999999968e-05
-2.717989999999999789e-06 2.937659999999999924e-05
-5.880499999999999856e-06 6.549389999999999986e-05
-1.244590000000000056e-05 1.247449999999999991e-04
-2.377819999999999877e-05 1.921930000000000079e-04
-3.939809999999999807e-05 2.404239999999999871e-04
-5.614109999999999684e-05 2.369589999999999923e-04
-6.863240000000000378e-05 1.525929999999999941e-04
-7.111979999999999626e-05 -1.206730000000000049e-05
-6.015979999999999955e-05 -2.156159999999999902e-04
-3.631399999999999824e-05 -3.973830000000000136e-04
-2.933180000000000011e-06 -5.109290000000000272e-04
3.746880000000000284e-05 -5.456060000000000207e-04
8.608890000000000173e-05 -5.267369999999999951e-04
1.468270000000000089e-04 -4.978590000000000185e-04
2.211210000000000129e-04 -4.900170000000000350e-04
3.016919999999999975e-04 -4.927749999999999839e-04
3.701239999999999955e-04 -4.623359999999999861e-04
4.021669999999999867e-04 -3.637749999999999925e-04
3.791670000000000240e-04 -1.898690000000000078e-04
2.979629999999999931e-04 4.822479999999999947e-05
1.721050000000000065e-04 3.212159999999999820e-04
2.422159999999999862e-05 5.803450000000000145e-04
-1.248339999999999910e-04 7.795369999999999600e-04
-2.636320000000000265e-04 9.000240000000000280e-04
-3.909469999999999959e-04 9.560000000000000355e-04
-5.101899999999999925e-04 9.834550000000000496e-04
-6.212220000000000502e-04 1.008149999999999975e-03
-7.138399999999999824e-04 1.006500000000000016e-03
-7.666599999999999544e-04 9.191369999999999922e-04
-7.537709999999999766e-04 7.010789999999999600e-04
-6.564369999999999494e-04 3.348070000000000082e-04
-4.725600000000000156e-04 -1.606319999999999894e-04
-2.185970000000000079e-04 -7.134640000000000253e-04
7.606430000000000287e-05 -1.218219999999999893e-03
3.787789999999999864e-04 -1.578949999999999972e-03
6.624130000000000426e-04 -1.744609999999999954e-03
9.091140000000000375e-04 -1.725919999999999928e-03
1.107890000000000047e-03 -1.579340000000000041e-03
1.248189999999999933e-03 -1.371919999999999997e-03
1.314449999999999993e-03 -1.154539999999999907e-03
1.285899999999999977e-03 -9.340470000000000239e-04
1.142690000000000025e-03 -6.736760000000000057e-04
8.759520000000000457e-04 -3.317430000000000118e-04
4.974380000000000034e-04 1.054150000000000063e-04
4.260150000000000200e-05 6.188390000000000427e-04
-4.362529999999999989e-04 1.171830000000000007e-03
-8.843549999999999718e-04 1.710790000000000010e-03
-1.258259999999999977e-03 2.155639999999999900e-03
-1.531629999999999971e-03 2.411320000000000217e-03
-1.692069999999999946e-03 2.396269999999999824e-03
-1.734269999999999996e-03 2.091430000000000025e-03
-1.656050000000000057e-03 1.555890000000000094e-03
-1.457849999999999901e-03 8.665320000000000444e-04
-1.142720000000000064e-03 9.340509999999999785e-05
-7.174629999999999983e-04 -6.746070000000000278e-04
-1.968019999999999904e-04 -1.346570000000000059e-03
3.905189999999999790e-04 -1.842330000000000096e-03
9.976320000000000326e-04 -2.110229999999999832e-03
1.562259999999999994e-03 -2.172680000000000184e-03
2.017650000000000172e-03 -2.107340000000000081e-03
2.306309999999999784e-03 -1.984249999999999903e-03
2.389290000000000077e-03 -1.814719999999999918e-03
2.248940000000000054e-03 -1.548220000000000108e-03
1.888970000000000015e-03 -1.124750000000000099e-03
1.336109999999999945e-03 -5.187949999999999550e-04
6.415309999999999806e-04 2.460860000000000152e-04
-1.231089999999999897e-04 1.096739999999999911e-03
-8.774069999999999699e-04 1.918479999999999968e-03
-1.547870000000000018e-03 2.573549999999999970e-03
-2.079940000000000174e-03 2.932220000000000139e-03
-2.440659999999999878e-03 2.902989999999999824e-03
-2.612469999999999983e-03 2.467280000000000081e-03
-2.584770000000000123e-03 1.714720000000000090e-03
-2.350890000000000011e-03 8.212669999999999823e-04
-1.911359999999999969e-03 -3.091249999999999922e-05
-1.280419999999999996e-03 -7.134860000000000464e-04
-4.919930000000000310e-04 -1.179149999999999903e-03
3.965689999999999905e-04 -1.460589999999999892e-03
1.304800000000000057e-03 -1.642910000000000030e-03
2.134019999999999927e-03 -1.777490000000000060e-03
2.777459999999999825e-03 -1.849830000000000007e-03
3.138450000000000094e-03 -1.844649999999999979e-03
3.154790000000000198e-03 -1.727559999999999946e-03
2.818090000000000091e-03 -1.450609999999999964e-03
2.177909999999999915e-03 -9.898240000000000424e-04
1.328069999999999988e-03 -3.530699999999999789e-04
3.813810000000000268e-04 3.961840000000000001e-04
-5.551529999999999616e-04 1.127130000000000059e-03
-1.394990000000000032e-03 1.677639999999999991e-03
-2.074639999999999991e-03 1.897140000000000068e-03
-2.549249999999999867e-03 1.725119999999999909e-03
-2.790270000000000077e-03 1.287710000000000070e-03
-2.787379999999999892e-03 8.076319999999999680e-04
-2.548040000000000114e-03 4.709860000000000066e-04
-2.091580000000000002e-03 3.556090000000000032e-04
-1.443709999999999959e-03 4.028689999999999810e-04
-6.404240000000000063e-04 4.994259999999999715e-04
2.580990000000000237e-04 5.282120000000000174e-04
1.156789999999999988e-03 3.782050000000000017e-04
1.932399999999999916e-03 3.412210000000000319e-05
2.459460000000000118e-03 -4.029039999999999900e-04
2.647679999999999912e-03 -8.198749999999999658e-04
2.475600000000000109e-03 -1.133660000000000093e-03
2.002569999999999958e-03 -1.333989999999999959e-03
1.350639999999999957e-03 -1.466040000000000051e-03
6.619889999999999802e-04 -1.546990000000000040e-03
5.214130000000000170e-05 -1.599109999999999941e-03
-4.178930000000000188e-04 -1.594909999999999948e-03
-7.428260000000000331e-04 -1.424219999999999913e-03
-9.526579999999999987e-04 -9.892769999999999949e-04
-1.082569999999999930e-03 -2.829959999999999854e-04
-1.148469999999999960e-03 5.662640000000000251e-04
-1.141110000000000084e-03 1.369900000000000067e-03
-1.042629999999999902e-03 1.997200000000000190e-03
-8.532869999999999908e-04 2.388679999999999796e-03
-6.062599999999999587e-04 2.510689999999999884e-03
-3.582759999999999829e-04 2.369790000000000091e-03
-1.639979999999999975e-04 2.008269999999999934e-03
-5.089580000000000151e-05 1.455399999999999923e-03
-7.684699999999999455e-06 7.028419999999999633e-04
9.112839999999999642e-06 -2.587889999999999917e-04
5.356950000000000269e-05 -1.342719999999999938e-03
1.637990000000000084e-04 -2.343229999999999966e-03
3.451850000000000231e-04 -3.018369999999999821e-03
5.726379999999999882e-04 -3.188840000000000077e-03
8.070010000000000074e-04 -2.795600000000000081e-03
1.011589999999999928e-03 -1.929539999999999988e-03
1.158359999999999989e-03 -8.188979999999999784e-04
1.222489999999999905e-03 2.821519999999999779e-04
1.172999999999999998e-03 1.192249999999999950e-03
9.726039999999999599e-04 1.798410000000000069e-03
5.947510000000000253e-04 2.058610000000000214e-03
4.909790000000000302e-05 2.000909999999999841e-03
-6.012139999999999802e-04 1.661219999999999928e-03
-1.243500000000000031e-03 1.064129999999999937e-03
-1.743870000000000012e-03 2.765520000000000044e-04
-1.991090000000000047e-03 -5.303460000000000075e-04
-1.935829999999999929e-03 -1.122940000000000006e-03
-1.603009999999999982e-03 -1.343379999999999921e-03
-1.071059999999999981e-03 -1.166609999999999999e-03
-4.362009999999999933e-04 -6.542810000000000466e-04
2.130029999999999933e-04 8.159090000000000515e-05
8.019639999999999538e-04 8.515540000000000262e-04
1.266830000000000039e-03 1.420030000000000077e-03
1.553670000000000051e-03 1.610960000000000040e-03
1.624790000000000088e-03 1.365890000000000029e-03
1.470299999999999906e-03 7.415230000000000085e-04
1.119540000000000032e-03 -1.625279999999999997e-04
6.444610000000000356e-04 -1.213050000000000022e-03
1.465059999999999963e-04 -2.202669999999999888e-03
-2.724369999999999938e-04 -2.877989999999999975e-03
-5.418709999999999759e-04 -3.004800000000000179e-03
-6.407430000000000417e-04 -2.466770000000000074e-03
-5.938680000000000000e-04 -1.325140000000000042e-03
-4.538130000000000137e-04 2.126060000000000037e-04
-2.814790000000000065e-04 1.812739999999999968e-03
-1.323739999999999899e-04 3.068570000000000065e-03
-5.037930000000000061e-05 3.686829999999999882e-03
-6.688860000000000194e-05 3.585899999999999938e-03
-1.964930000000000040e-04 2.837189999999999851e-03
-4.230209999999999873e-04 1.574819999999999996e-03
-6.856149999999999875e-04 5.011260000000000366e-06
-8.853310000000000519e-04 -1.544330000000000008e-03
-9.191849999999999890e-04 -2.720820000000000096e-03
-7.243609999999999719e-04 -3.260920000000000051e-03
-3.070200000000000251e-04 -3.070509999999999819e-03
2.580050000000000073e-04 -2.222950000000000013e-03
8.507400000000000032e-04 -8.827099999999999834e-04
1.339899999999999989e-03 6.468860000000000538e-04
1.617909999999999964e-03 1.941929999999999915e-03
1.626430000000000107e-03 2.641839999999999900e-03
1.364519999999999926e-03 2.547799999999999804e-03
8.835100000000000028e-04 1.627479999999999942e-03
2.748110000000000223e-04 9.726820000000000496e-05
-3.486939999999999788e-04 -1.585480000000000006e-03
-8.745549999999999505e-04 -2.918360000000000051e-03
-1.210630000000000083e-03 -3.485199999999999930e-03
-1.301800000000000092e-03 -3.071749999999999828e-03
-1.141800000000000107e-03 -1.758830000000000072e-03
-7.787319999999999702e-04 1.632980000000000076e-04
-3.114939999999999961e-04 2.263649999999999864e-03
1.309650000000000039e-04 3.957800000000000033e-03
4.287389999999999756e-04 4.695500000000000021e-03
5.110919999999999916e-04 4.190679999999999579e-03
3.776729999999999736e-04 2.523039999999999831e-03
9.475960000000000665e-05 9.853520000000000486e-05
-2.261409999999999885e-04 -2.490940000000000081e-03
-4.604759999999999734e-04 -4.514770000000000415e-03
-5.082809999999999672e-04 -5.331759999999999625e-03
-3.245519999999999785e-04 -4.674539999999999598e-03
6.798969999999999721e-05 -2.730180000000000020e-03
5.833890000000000213e-04 -7.172829999999999560e-05
1.090210000000000094e-03 2.507969999999999991e-03
1.441180000000000022e-03 4.206599999999999576e-03
1.510569999999999925e-03 4.535019999999999850e-03
1.231850000000000046e-03 3.423079999999999786e-03
6.288430000000000235e-04 1.178730000000000012e-03
-1.745650000000000066e-04 -1.492779999999999975e-03
-9.811979999999999660e-04 -3.691830000000000112e-03
-1.578779999999999897e-03 -4.664770000000000374e-03
-1.804999999999999964e-03 -4.119480000000000017e-03
-1.596940000000000035e-03 -2.235040000000000204e-03
-1.015080000000000019e-03 4.753620000000000068e-04
-2.312890000000000009e-04 3.157989999999999842e-03
5.239640000000000269e-04 4.900950000000000271e-03
1.035880000000000091e-03 5.120150000000000395e-03
1.171809999999999909e-03 3.729769999999999874e-03
9.196229999999999466e-04 1.170699999999999996e-03
3.886919999999999980e-04 -1.734230000000000016e-03
-2.258779999999999946e-04 -4.034629999999999987e-03
-7.051899999999999618e-04 -4.982160000000000234e-03
-8.757980000000000062e-04 -4.310429999999999644e-03
-6.659409999999999722e-04 -2.300169999999999819e-03
-1.321349999999999944e-04 3.114990000000000207e-04
5.549710000000000233e-04 2.567069999999999855e-03
1.162749999999999938e-03 3.699950000000000027e-03
1.469529999999999925e-03 3.428880000000000036e-03
1.338910000000000013e-03 1.956610000000000120e-03
7.746609999999999477e-04 -1.290080000000000090e-04
-6.851480000000000341e-05 -2.014450000000000095e-03
-9.313459999999999968e-04 -2.985980000000000058e-03
-1.538499999999999937e-03 -2.728799999999999976e-03
-1.695939999999999948e-03 -1.411420000000000036e-03
-1.361049999999999933e-03 4.118619999999999812e-04
-6.592430000000000035e-04 2.029819999999999888e-03
1.603590000000000007e-04 2.855170000000000190e-03
8.146610000000000526e-04 2.637589999999999987e-03
1.089240000000000000e-03 1.531180000000000041e-03
9.160350000000000480e-04 4.414580000000000346e-06
3.966209999999999961e-04 -1.362930000000000044e-03
-2.384119999999999935e-04 -2.107330000000000141e-03
-7.192960000000000196e-04 -2.046169999999999933e-03
-8.420279999999999822e-04 -1.316660000000000096e-03
-5.479379999999999841e-04 -2.845030000000000237e-04
5.336790000000000110e-05 6.226940000000000253e-04
7.272760000000000075e-04 1.083760000000000018e-03
1.206959999999999977e-03 9.919419999999999973e-04
1.298729999999999893e-03 4.672710000000000058e-04
9.577049999999999929e-04 -2.201489999999999957e-04
3.036070000000000088e-04 -7.732789999999999803e-04
-4.287609999999999967e-04 -9.824239999999999709e-04
-9.832669999999999084e-04 -7.895820000000000442e-04
-1.181600000000000098e-03 -2.894540000000000242e-04
-9.877939999999999551e-04 3.219960000000000118e-04
-5.135800000000000261e-04 8.256360000000000348e-04
3.460030000000000142e-05 1.058370000000000101e-03
4.421019999999999898e-04 9.684169999999999541e-04
5.693439999999999482e-04 6.221030000000000440e-04
3.995359999999999775e-04 1.638769999999999897e-04
3.541650000000000218e-05 -2.463270000000000151e-04
-3.495619999999999847e-04 -4.916840000000000446e-04
-5.835159999999999609e-04 -5.320560000000000437e-04
-5.629499999999999955e-04 -4.046039999999999771e-04
-2.893850000000000220e-04 -1.970759999999999949e-04
1.360939999999999882e-04 -8.091980000000000069e-06
5.559329999999999914e-04 8.948330000000000433e-05
8.185409999999999952e-04 7.013059999999999563e-05
8.352859999999999712e-04 -4.248899999999999926e-05
6.105379999999999878e-04 -1.908839999999999973e-04
2.346159999999999912e-04 -3.085289999999999864e-04
-1.555279999999999922e-04 -3.444729999999999797e-04
-4.306909999999999732e-04 -2.795329999999999950e-04
-5.168110000000000499e-04 -1.297469999999999895e-04
-4.174790000000000055e-04 6.240100000000000106e-05
-2.048359999999999884e-04 2.443629999999999912e-04
1.502669999999999963e-05 3.709960000000000102e-04
1.465600000000000062e-04 4.171959999999999948e-04
1.410759999999999890e-04 3.824109999999999814e-04
1.165589999999999965e-05 2.870290000000000059e-04
-1.771839999999999895e-04 1.632319999999999984e-04
-3.388500000000000236e-04 4.409350000000000059e-05
-4.002100000000000189e-04 -4.566050000000000100e-05
-3.292699999999999967e-04 -9.496579999999999800e-05
-1.451480000000000001e-04 -1.070919999999999972e-04
9.198739999999999955e-05 -9.618500000000000151e-05
3.056280000000000086e-04 -8.109650000000000528e-05
4.318290000000000019e-04 -7.841480000000000011e-05
4.411449999999999920e-04 -9.670890000000000508e-05
3.459649999999999987e-04 -1.336560000000000092e-04
1.917959999999999912e-04 -1.769169999999999868e-04
3.720540000000000126e-05 -2.084839999999999914e-04
-6.895949999999999595e-05 -2.110980000000000040e-04
-1.042239999999999969e-04 -1.745980000000000112e-04
-7.733890000000000588e-05 -1.000230000000000010e-04
-2.071439999999999940e-05 -3.043590000000000323e-08
2.539720000000000139e-05 1.045759999999999962e-04
