-3.624030000000000192e-08 8.793219999999999643e-07
-2.243039999999999947e-07 3.386109999999999925e-06
-6.641449999999999957e-07 6.520369999999999881e-06
-1.402750000000000037e-06 1.201349999999999941e-05
-2.822520000000000210e-06 2.693880000000000032e-05
-6.119189999999999937e-06 6.023989999999999900e-05
-1.294379999999999964e-05 1.137229999999999952e-04
-2.378919999999999917e-05 1.718989999999999884e-04
-3.643900000000000128e-05 2.089799999999999948e-04
-4.632270000000000289e-05 1.964280000000000106e-04
-4.858879999999999802e-05 1.101689999999999950e-04
-4.065309999999999876e-05 -4.481939999999999985e-05
-2.407290000000000121e-05 -2.259940000000000050e-04
-3.818579999999999615e-06 -3.763120000000000115e-04
1.596800000000000026e-05 -4.566279999999999927e-04
3.685239999999999973e-05 -4.639339999999999935e-04
6.662519999999999359e-05 -4.283189999999999762e-04
1.134620000000000057e-04 -3.938969999999999863e-04
1.772309999999999977e-04 -3.887280000000000227e-04
2.442030000000000199e-04 -3.977629999999999794e-04
2.900700000000000197e-04 -3.733060000000000067e-04
2.917470000000000241e-04 -2.786639999999999734e-04
2.411349999999999876e-04 -1.073530000000000003e-04
1.498960000000000028e-04 1.254270000000000038e-04
4.124659999999999910e-05 3.825629999999999894e-04
-6.372899999999999919e-05 6.068599999999999732e-04
-1.550230000000000097e-04 7.498780000000000463e-04
-2.342339999999999939e-04 8.010590000000000158e-04
-3.090540000000000127e-04 7.905329999999999475e-04
-3.856950000000000265e-04 7.689220000000000083e-04
-4.621499999999999849e-04 7.670500000000000235e-04
-5.239300000000000337e-04 7.564019999999999858e-04
-5.454970000000000391e-04 6.699429999999999925e-04
-5.008799999999999884e-04 4.598019999999999863e-04
-3.790159999999999775e-04 1.124929999999999951e-04
-1.921199999999999969e-04 -3.443289999999999892e-04
2.902800000000000058e-05 -8.303600000000000390e-04
2.486899999999999788e-04 -1.237489999999999944e-03
4.401599999999999870e-04 -1.477430000000000063e-03
5.928959999999999829e-04 -1.517120000000000057e-03
7.099510000000000065e-04 -1.389819999999999944e-03
7.979639999999999650e-04 -1.170199999999999929e-03
8.556059999999999664e-04 -9.318450000000000474e-04
8.677160000000000385e-04 -7.188049999999999865e-04
8.092969999999999461e-04 -5.228449999999999721e-04
6.575290000000000128e-04 -2.935890000000000244e-04
4.063350000000000187e-04 1.416759999999999968e-05
7.642489999999999397e-05 4.053249999999999995e-04
-2.862079999999999811e-04 8.448000000000000431e-04
-6.251759999999999652e-04 1.280840000000000103e-03
-8.942639999999999747e-04 1.654220000000000083e-03
-1.070439999999999977e-03 1.895200000000000096e-03
-1.152239999999999905e-03 1.937169999999999994e-03
-1.148490000000000058e-03 1.739499999999999944e-03
-1.068350000000000029e-03 1.322360000000000072e-03
-9.192059999999999944e-04 7.661579999999999649e-04
-7.072019999999999825e-04 1.439690000000000034e-04
-4.352630000000000236e-04 -4.954900000000000146e-04
-1.037570000000000029e-04 -1.088819999999999892e-03
2.803910000000000061e-04 -1.566780000000000039e-03
6.917810000000000365e-04 -1.866199999999999934e-03
1.082829999999999904e-03 -1.948709999999999982e-03
1.395009999999999913e-03 -1.844429999999999984e-03
1.579340000000000041e-03 -1.630050000000000075e-03
1.610529999999999991e-03 -1.368869999999999896e-03
1.485489999999999901e-03 -1.070589999999999953e-03
1.213330000000000094e-03 -6.982549999999999478e-04
8.113760000000000460e-04 -2.195200000000000124e-04
3.114589999999999872e-04 3.625170000000000258e-04
-2.344699999999999963e-04 1.008650000000000041e-03
-7.614749999999999557e-04 1.647859999999999906e-03
-1.209779999999999927e-03 2.181799999999999799e-03
-1.540310000000000030e-03 2.499359999999999950e-03
-1.736829999999999971e-03 2.507660000000000097e-03
-1.795960000000000091e-03 2.161600000000000067e-03
-1.715989999999999920e-03 1.490580000000000030e-03
-1.494700000000000065e-03 6.183420000000000236e-04
-1.136429999999999906e-03 -2.734330000000000094e-04
-6.586810000000000451e-04 -1.026309999999999896e-03
-9.158260000000000641e-05 -1.549859999999999910e-03
5.254590000000000389e-04 -1.828490000000000107e-03
1.143230000000000071e-03 -1.908570000000000058e-03
1.699509999999999996e-03 -1.872320000000000017e-03
2.119680000000000088e-03 -1.762220000000000106e-03
2.326879999999999921e-03 -1.561330000000000096e-03
2.264949999999999949e-03 -1.264640000000000035e-03
1.924369999999999900e-03 -8.598250000000000424e-04
1.351449999999999917e-03 -3.317549999999999839e-04
6.335600000000000259e-04 3.013210000000000107e-04
-1.291800000000000066e-04 9.870359999999999464e-04
-8.488190000000000058e-04 1.630539999999999984e-03
-1.459950000000000006e-03 2.100380000000000216e-03
-1.917230000000000019e-03 2.272360000000000178e-03
-2.189500000000000040e-03 2.062809999999999991e-03
-2.257729999999999893e-03 1.483450000000000090e-03
-2.119680000000000088e-03 7.112120000000000204e-04
-1.794030000000000060e-03 -1.697380000000000002e-05
-1.312400000000000025e-03 -5.297459999999999929e-04
-7.053440000000000014e-04 -7.702089999999999978e-04
3.608370000000000169e-07 -8.047809999999999643e-04
7.643609999999999684e-04 -7.377430000000000142e-04
1.509649999999999968e-03 -6.685449999999999900e-04
2.122000000000000188e-03 -6.887599999999999582e-04
2.481290000000000145e-03 -7.950080000000000428e-04
2.504559999999999859e-03 -8.768419999999999643e-04
2.178090000000000147e-03 -8.363479999999999959e-04
1.565959999999999921e-03 -6.393629999999999973e-04
7.920400000000000400e-04 -3.516629999999999973e-04
2.406409999999999801e-06 -9.821249999999999522e-05
-6.792490000000000420e-04 4.680760000000000226e-05
-1.183349999999999897e-03 4.316740000000000280e-05
-1.497950000000000063e-03 -6.088440000000000274e-05
-1.649340000000000007e-03 -1.138810000000000028e-04
-1.672869999999999913e-03 1.895109999999999885e-05
-1.586579999999999978e-03 3.640849999999999946e-04
-1.380369999999999904e-03 8.008489999999999619e-04
-1.030620000000000104e-03 1.153029999999999984e-03
-5.364970000000000372e-04 1.317699999999999991e-03
4.772530000000000197e-05 1.277649999999999966e-03
6.159380000000000107e-04 1.050429999999999984e-03
1.051630000000000013e-03 6.950409999999999748e-04
1.277010000000000081e-03 2.935179999999999907e-04
1.279439999999999961e-03 -1.142350000000000066e-04
1.107109999999999908e-03 -5.611210000000000373e-04
8.430259999999999750e-04 -1.105139999999999898e-03
5.698790000000000236e-04 -1.712760000000000020e-03
3.390299999999999846e-04 -2.223820000000000050e-03
1.594099999999999933e-04 -2.433569999999999917e-03
1.278679999999999928e-05 -2.196259999999999792e-03
-1.183190000000000034e-04 -1.486420000000000016e-03
-2.327510000000000082e-04 -4.280479999999999919e-04
-3.139719999999999816e-04 7.248769999999999649e-04
-3.492939999999999934e-04 1.710369999999999903e-03
-3.499339999999999873e-04 2.364329999999999991e-03
-3.529849999999999958e-04 2.615660000000000120e-03
-3.992560000000000141e-04 2.480430000000000048e-03
-5.034990000000000255e-04 2.044359999999999841e-03
-6.384020000000000450e-04 1.382449999999999912e-03
-7.413069999999999686e-04 5.316630000000000357e-04
-7.410599999999999826e-04 -4.492890000000000143e-04
-5.937499999999999853e-04 -1.404869999999999904e-03
-3.075050000000000179e-04 -2.112900000000000021e-03
6.279789999999999721e-05 -2.414630000000000075e-03
4.477370000000000265e-04 -2.268780000000000189e-03
7.932710000000000152e-04 -1.713520000000000060e-03
1.064650000000000101e-03 -8.476819999999999928e-04
1.232980000000000057e-03 1.315049999999999954e-04
1.268910000000000047e-03 9.679979999999999704e-04
1.150310000000000091e-03 1.469360000000000067e-03
8.732349999999999834e-04 1.569850000000000021e-03
4.576639999999999875e-04 1.316129999999999991e-03
-4.944050000000000208e-05 7.811510000000000025e-04
-5.731249999999999583e-04 5.401529999999999765e-05
-1.020850000000000013e-03 -7.087309999999999877e-04
-1.308490000000000044e-03 -1.299070000000000042e-03
-1.388719999999999972e-03 -1.513570000000000106e-03
-1.262969999999999978e-03 -1.244340000000000029e-03
-9.710129999999999543e-04 -5.323650000000000300e-04
-5.715159999999999945e-04 4.638339999999999911e-04
-1.290370000000000048e-04 1.479580000000000088e-03
2.919919999999999786e-04 2.186040000000000205e-03
6.304499999999999557e-04 2.365700000000000094e-03
8.317329999999999732e-04 1.997159999999999994e-03
8.593509999999999517e-04 1.184570000000000024e-03
7.175690000000000410e-04 6.387679999999999801e-05
4.663509999999999943e-04 -1.185370000000000043e-03
2.033009999999999971e-04 -2.290239999999999811e-03
1.748349999999999956e-05 -2.979830000000000152e-03
-4.945810000000000001e-05 -3.081190000000000144e-03
-8.789649999999999777e-06 -2.568650000000000013e-03
9.626439999999999943e-05 -1.537439999999999944e-03
2.113989999999999999e-04 -1.307919999999999905e-04
2.819809999999999960e-04 1.387350000000000085e-03
2.653019999999999749e-04 2.630669999999999883e-03
1.449289999999999942e-04 3.269999999999999903e-03
-6.473659999999999950e-05 3.132559999999999945e-03
-3.242089999999999989e-04 2.204150000000000206e-03
-5.798729999999999553e-04 7.039569999999999552e-04
-7.785850000000000409e-04 -9.337949999999999593e-04
-8.778530000000000534e-04 -2.257379999999999803e-03
-8.465989999999999627e-04 -2.912510000000000099e-03
-6.658060000000000150e-04 -2.731429999999999969e-03
-3.369080000000000208e-04 -1.802549999999999986e-03
1.033409999999999987e-04 -3.754920000000000024e-04
5.727860000000000416e-04 1.199659999999999963e-03
9.596249999999999745e-04 2.444630000000000154e-03
1.165110000000000017e-03 2.923590000000000216e-03
1.142089999999999902e-03 2.445179999999999923e-03
9.041820000000000109e-04 1.126089999999999947e-03
5.118629999999999881e-04 -6.749180000000000457e-04
5.634589999999999868e-05 -2.489869999999999930e-03
-3.566779999999999755e-04 -3.752730000000000128e-03
-6.326809999999999552e-04 -3.984589999999999660e-03
-7.148630000000000435e-04 -3.038830000000000177e-03
-5.982109999999999685e-04 -1.149789999999999927e-03
-3.301660000000000098e-04 1.150610000000000044e-03
-9.078800000000000007e-07 3.189290000000000007e-03
2.784789999999999878e-04 4.329979999999999767e-03
4.068039999999999764e-04 4.247230000000000276e-03
3.250579999999999767e-04 2.980360000000000040e-03
4.541080000000000236e-05 8.583069999999999936e-04
-3.406220000000000059e-04 -1.488210000000000010e-03
-6.918140000000000140e-04 -3.311300000000000094e-03
-8.710280000000000366e-04 -4.041349999999999977e-03
-7.911990000000000255e-04 -3.534320000000000083e-03
-4.401140000000000217e-04 -2.017109999999999910e-03
1.081499999999999996e-04 7.228219999999999719e-05
7.042630000000000027e-04 2.053259999999999894e-03
1.170870000000000070e-03 3.232810000000000024e-03
1.365310000000000005e-03 3.225260000000000193e-03
1.225909999999999977e-03 2.055899999999999828e-03
7.881640000000000520e-04 1.452170000000000023e-04
1.722810000000000129e-04 -1.837480000000000059e-03
-4.519990000000000206e-04 -3.184610000000000045e-03
-9.145460000000000221e-04 -3.405220000000000035e-03
-1.094469999999999948e-03 -2.423489999999999932e-03
-9.569889999999999950e-04 -5.829039999999999742e-04
-5.665050000000000250e-04 1.464019999999999905e-03
-6.704449999999999819e-05 2.964469999999999866e-03
3.647990000000000152e-04 3.408969999999999882e-03
5.760669999999999853e-04 2.735440000000000007e-03
4.902370000000000295e-04 1.249780000000000032e-03
1.436990000000000077e-04 -5.051699999999999897e-04
-3.184810000000000158e-04 -1.888270000000000053e-03
-6.974890000000000300e-04 -2.423040000000000003e-03
-8.215780000000000001e-04 -2.009309999999999829e-03
-6.148749999999999702e-04 -9.221249999999999846e-04
-1.281529999999999909e-04 3.335039999999999836e-04
4.776170000000000047e-04 1.237610000000000099e-03
9.885829999999999097e-04 1.463520000000000055e-03
1.216810000000000027e-03 9.893000000000000318e-04
1.072889999999999955e-03 7.745820000000000320e-05
6.040029999999999835e-04 -8.544390000000000231e-04
-2.082200000000000156e-05 -1.414749999999999992e-03
-5.756449999999999545e-04 -1.393460000000000011e-03
-8.675790000000000498e-04 -8.340409999999999924e-04
-8.136900000000000513e-04 6.421649999999999749e-06
-4.718529999999999968e-04 7.852659999999999588e-04
-1.271530000000000005e-05 1.222379999999999908e-03
3.548099999999999995e-04 1.204020000000000090e-03
4.724099999999999849e-04 8.066329999999999594e-04
2.977780000000000075e-04 2.397219999999999928e-04
-8.068859999999999856e-05 -2.586619999999999978e-04
-4.850890000000000171e-04 -5.218860000000000512e-04
-7.265480000000000375e-04 -5.074189999999999473e-04
-6.869029999999999928e-04 -2.889890000000000210e-04
-3.683669999999999783e-04 -4.943759999999999741e-06
1.098099999999999939e-04 2.066760000000000114e-04
5.649850000000000531e-04 2.585579999999999866e-04
8.298370000000000442e-04 1.388200000000000024e-04
8.202819999999999773e-04 -9.180309999999999523e-05
5.637030000000000339e-04 -3.320269999999999840e-04
1.788709999999999888e-04 -4.859880000000000233e-04
-1.793599999999999904e-04 -4.994519999999999472e-04
-3.846049999999999946e-04 -3.737459999999999958e-04
-3.861879999999999827e-04 -1.565910000000000056e-04
-2.219789999999999968e-04 8.162750000000000409e-05
5.443870000000000108e-06 2.744970000000000114e-04
1.771379999999999971e-04 3.796720000000000064e-04
2.094230000000000039e-04 3.875439999999999744e-04
8.721009999999999364e-05 3.181290000000000029e-04
-1.338599999999999957e-04 2.092759999999999933e-04
-3.554070000000000211e-04 1.013220000000000033e-04
-4.805119999999999964e-04 2.371829999999999956e-05
-4.541999999999999814e-04 -1.229750000000000042e-05
-2.834979999999999748e-04 -1.361669999999999958e-05
-3.053859999999999930e-05 7.777020000000000377e-07
2.159789999999999865e-04 8.692820000000000570e-06
3.773019999999999868e-04 -6.797319999999999830e-06
4.136930000000000251e-04 -5.160970000000000157e-05
3.352450000000000200e-04 -1.188000000000000010e-04
1.920199999999999945e-04 -1.907710000000000070e-04
4.953999999999999664e-05 -2.448640000000000191e-04
-3.907719999999999916e-05 -2.608159999999999775e-04
-5.279779999999999787e-05 -2.278290000000000035e-04
-7.013190000000000187e-06 -1.488410000000000069e-04
5.763469999999999894e-05 -4.031029999999999927e-05
9.573520000000000456e-05 7.262739999999999517e-05
7.746750000000000326e-05 1.640620000000000023e-04
4.364520000000000227e-07 2.154699999999999953e-04
-1.110049999999999985e-04 2.212030000000000029e-04
-2.173850000000000066e-04 1.893429999999999929e-04
-2.808530000000000163e-04 1.376790000000000078e-04
-2.798020000000000021e-04 8.642470000000000620e-05
-2.158179999999999994e-04 5.049430000000000205e-05
-1.110520000000000067e-04 3.435519999999999931e-05
1.866979999999999953e-06 3.142360000000000183e-05
9.263550000000000441e-05 2.811980000000000138e-05
1.435230000000000013e-04 1.078410000000000065e-05
1.534619999999999886e-04 -2.751919999999999903e-05
