-2.854370000000000101e-08 8.961740000000000149e-07
-1.850359999999999901e-07 3.489250000000000093e-06
-5.847860000000000326e-07 6.822060000000000037e-06
-1.326469999999999939e-06 1.264619999999999930e-05
-2.774660000000000045e-06 2.821680000000000062e-05
-5.999909999999999785e-06 6.302410000000000531e-05
-1.269470000000000062e-05 1.195910000000000007e-04
-2.401560000000000093e-05 1.825809999999999922e-04
-3.900750000000000219e-05 2.251630000000000124e-04
-5.404500000000000178e-05 2.167620000000000094e-04
-6.374989999999999758e-05 1.310709999999999924e-04
-6.308069999999999389e-05 -2.846489999999999914e-05
-4.984969999999999809e-05 -2.192829999999999942e-04
-2.576219999999999875e-05 -3.825689999999999755e-04
5.643790000000000220e-06 -4.766300000000000224e-04
4.292960000000000314e-05 -4.966089999999999611e-04
8.884070000000000476e-05 -4.720890000000000264e-04
1.477659999999999944e-04 -4.474020000000000102e-04
2.195339999999999889e-04 -4.505690000000000021e-04
2.937400000000000167e-04 -4.657600000000000130e-04
3.495689999999999865e-04 -4.439849999999999851e-04
3.637089999999999833e-04 -3.475740000000000166e-04
3.226750000000000234e-04 -1.698989999999999940e-04
2.305599999999999880e-04 7.412939999999999536e-05
1.060909999999999978e-04 3.493330000000000111e-04
-2.818460000000000117e-05 6.012320000000000468e-04
-1.565140000000000129e-04 7.814389999999999835e-04
-2.742390000000000149e-04 8.743820000000000455e-04
-3.845760000000000259e-04 9.019129999999999552e-04
-4.909820000000000503e-04 9.079799999999999633e-04
-5.897520000000000279e-04 9.219299999999999501e-04
-6.661539999999999649e-04 9.177869999999999865e-04
-6.962000000000000089e-04 8.305499999999999949e-04
-6.553369999999999768e-04 6.110770000000000177e-04
-5.305270000000000385e-04 2.424629999999999993e-04
-3.279450000000000052e-04 -2.506610000000000045e-04
-7.165699999999999511e-05 -7.889270000000000310e-04
2.051149999999999903e-04 -1.262069999999999902e-03
4.711359999999999832e-04 -1.575959999999999948e-03
7.051530000000000298e-04 -1.688409999999999998e-03
8.970900000000000185e-04 -1.622289999999999973e-03
1.042519999999999905e-03 -1.443749999999999938e-03
1.134180000000000041e-03 -1.222379999999999908e-03
1.156579999999999935e-03 -1.003500000000000052e-03
1.087969999999999953e-03 -7.835439999999999506e-04
9.094160000000000221e-04 -5.168240000000000377e-04
6.167879999999999500e-04 -1.599609999999999953e-04
2.299149999999999968e-04 2.931030000000000159e-04
-2.072759999999999989e-04 8.092369999999999772e-04
-6.379340000000000488e-04 1.336909999999999965e-03
-1.009799999999999934e-03 1.813490000000000067e-03
-1.288829999999999924e-03 2.160609999999999874e-03
-1.461440000000000048e-03 2.297179999999999795e-03
-1.526749999999999895e-03 2.164880000000000103e-03
-1.487100000000000097e-03 1.769409999999999906e-03
-1.344130000000000021e-03 1.186839999999999987e-03
-1.099909999999999950e-03 4.972709999999999761e-04
-7.582830000000000039e-04 -2.385029999999999898e-04
-3.271060000000000222e-04 -9.467370000000000126e-04
1.762110000000000109e-04 -1.550670000000000086e-03
7.179050000000000188e-04 -1.979260000000000047e-03
1.245130000000000108e-03 -2.183979999999999862e-03
1.692680000000000009e-03 -2.184900000000000037e-03
1.998619999999999997e-03 -2.053080000000000096e-03
2.119980000000000041e-03 -1.850349999999999955e-03
2.039229999999999949e-03 -1.583699999999999952e-03
1.761109999999999976e-03 -1.207869999999999994e-03
1.307350000000000092e-03 -6.795829999999999883e-04
7.157119999999999671e-04 2.757959999999999849e-06
4.119210000000000157e-05 7.927620000000000239e-04
-6.477979999999999936e-04 1.603199999999999938e-03
-1.280840000000000103e-03 2.318049999999999885e-03
-1.799419999999999926e-03 2.811199999999999810e-03
-2.164919999999999865e-03 2.975259999999999971e-03
-2.356700000000000201e-03 2.747669999999999800e-03
-2.363570000000000167e-03 2.139250000000000092e-03
-2.177749999999999998e-03 1.261680000000000050e-03
-1.797159999999999903e-03 2.986539999999999768e-04
-1.233460000000000025e-03 -5.759610000000000510e-04
-5.185390000000000442e-04 -1.251939999999999997e-03
2.939239999999999865e-04 -1.698690000000000096e-03
1.131010000000000001e-03 -1.954200000000000121e-03
1.906080000000000101e-03 -2.094159999999999858e-03
2.526329999999999808e-03 -2.150879999999999979e-03
2.903209999999999819e-03 -2.092199999999999789e-03
2.969439999999999840e-03 -1.897150000000000008e-03
2.700170000000000001e-03 -1.542570000000000052e-03
2.125499999999999785e-03 -1.008159999999999916e-03
1.325089999999999905e-03 -3.090710000000000094e-04
4.065140000000000181e-04 5.044970000000000183e-04
-5.219419999999999572e-04 1.334289999999999912e-03
-1.370279999999999979e-03 2.032770000000000150e-03
-2.071459999999999795e-03 2.445440000000000114e-03
-2.575689999999999837e-03 2.451640000000000156e-03
-2.844129999999999835e-03 2.032369999999999923e-03
-2.850999999999999802e-03 1.350899999999999931e-03
-2.592300000000000073e-03 6.491459999999999678e-04
-2.089240000000000021e-03 1.125379999999999989e-04
-1.381960000000000003e-03 -1.915110000000000033e-04
-5.223139999999999597e-04 -3.266979999999999949e-04
4.239919999999999887e-04 -3.960410000000000254e-04
1.366550000000000013e-03 -4.908529999999999708e-04
2.187430000000000190e-03 -6.881539999999999576e-04
2.759339999999999883e-03 -9.712069999999999731e-04
2.979659999999999861e-03 -1.220460000000000034e-03
2.806059999999999978e-03 -1.328189999999999926e-03
2.276740000000000187e-03 -1.244330000000000089e-03
1.503020000000000094e-03 -1.014609999999999991e-03
6.352680000000000306e-04 -7.493969999999999538e-04
-1.842470000000000132e-04 -5.228159999999999492e-04
-8.593329999999999936e-04 -3.914500000000000011e-04
-1.350920000000000029e-03 -3.338360000000000069e-04
-1.663449999999999911e-03 -2.239890000000000132e-04
-1.819300000000000040e-03 5.897090000000000150e-05
-1.834480000000000095e-03 5.401409999999999502e-04
-1.706840000000000050e-03 1.101750000000000082e-03
-1.423760000000000043e-03 1.565750000000000084e-03
-9.873629999999999993e-04 1.821160000000000053e-03
-4.407710000000000122e-04 1.840950000000000052e-03
1.282929999999999997e-04 1.633609999999999967e-03
6.139539999999999971e-04 1.249090000000000009e-03
9.323209999999999527e-04 7.631899999999999622e-04
1.051969999999999945e-03 2.190820000000000007e-04
1.000980000000000055e-03 -3.999680000000000032e-04
8.499339999999999977e-04 -1.128440000000000085e-03
6.794029999999999731e-04 -1.911729999999999940e-03
5.464320000000000158e-04 -2.576279999999999803e-03
4.671909999999999930e-04 -2.910269999999999958e-03
4.241359999999999792e-04 -2.763129999999999926e-03
3.886930000000000138e-04 -2.103659999999999818e-03
3.410679999999999810e-04 -1.048029999999999925e-03
2.752349999999999762e-04 1.576009999999999976e-04
1.893590000000000008e-04 1.254399999999999916e-03
7.180659999999999788e-05 2.072549999999999826e-03
-1.017740000000000051e-04 2.524510000000000209e-03
-3.526970000000000148e-04 2.600429999999999929e-03
-6.751559999999999983e-04 2.356940000000000077e-03
-1.021530000000000094e-03 1.845789999999999931e-03
-1.308039999999999897e-03 1.091799999999999975e-03
-1.441430000000000055e-03 1.517400000000000075e-04
-1.356430000000000049e-03 -8.146530000000000351e-04
-1.045190000000000095e-03 -1.578200000000000089e-03
-5.593329999999999656e-04 -1.973679999999999792e-03
1.659769999999999865e-05 -1.956110000000000054e-03
5.982389999999999756e-04 -1.559599999999999962e-03
1.117069999999999955e-03 -8.706910000000000430e-04
1.516820000000000104e-03 -6.352589999999999431e-05
1.747150000000000048e-03 6.303969999999999886e-04
1.766699999999999954e-03 1.031879999999999993e-03
1.554629999999999988e-03 1.074209999999999922e-03
1.123630000000000028e-03 7.974510000000000192e-04
5.281899999999999963e-04 2.714069999999999851e-04
-1.371319999999999874e-04 -4.139479999999999744e-04
-7.550980000000000539e-04 -1.101809999999999942e-03
-1.216920000000000024e-03 -1.586809999999999913e-03
-1.453410000000000032e-03 -1.669939999999999966e-03
-1.450459999999999987e-03 -1.249200000000000007e-03
-1.242849999999999988e-03 -3.750919999999999927e-04
-8.953119999999999959e-04 7.793000000000000231e-04
-4.841099999999999982e-04 1.932230000000000059e-03
-8.347990000000000011e-05 2.738490000000000108e-03
2.424380000000000122e-04 2.967210000000000073e-03
4.436500000000000231e-04 2.589380000000000067e-03
4.917549999999999699e-04 1.708840000000000098e-03
3.954110000000000263e-04 4.661639999999999773e-04
2.122260000000000108e-04 -9.515699999999999983e-04
3.657399999999999914e-05 -2.257129999999999987e-03
-3.906930000000000217e-05 -3.153289999999999999e-03
3.406689999999999735e-05 -3.433480000000000039e-03
2.422969999999999876e-04 -3.045910000000000197e-03
5.207379999999999735e-04 -2.078439999999999975e-03
7.800630000000000020e-04 -6.815070000000000329e-04
9.333990000000000125e-04 8.727999999999999647e-04
9.194300000000000519e-04 2.194460000000000074e-03
7.173410000000000290e-04 2.948950000000000096e-03
3.488119999999999936e-04 2.949890000000000151e-03
-1.283749999999999898e-04 2.161890000000000079e-03
-6.306880000000000168e-04 7.828110000000000103e-04
-1.065049999999999894e-03 -7.643020000000000152e-04
-1.347520000000000055e-03 -2.024549999999999961e-03
-1.418090000000000106e-03 -2.632259999999999982e-03
-1.251390000000000011e-03 -2.409890000000000036e-03
-8.638790000000000141e-04 -1.443389999999999907e-03
-3.178769999999999925e-04 1.352360000000000042e-05
2.804260000000000151e-04 1.604329999999999949e-03
8.002620000000000436e-04 2.841760000000000033e-03
1.125340000000000064e-03 3.274420000000000108e-03
1.193089999999999949e-03 2.692550000000000152e-03
1.012359999999999909e-03 1.206220000000000035e-03
6.554150000000000123e-04 -8.082900000000000284e-04
2.348650000000000087e-04 -2.844919999999999914e-03
-1.270409999999999920e-04 -4.293909999999999741e-03
-3.332809999999999961e-04 -4.639530000000000216e-03
-3.391169999999999992e-04 -3.712009999999999962e-03
-1.614549999999999915e-04 -1.740929999999999908e-03
1.278399999999999957e-04 7.261340000000000242e-04
4.197769999999999757e-04 2.982709999999999962e-03
5.961570000000000454e-04 4.348259999999999625e-03
5.633009999999999927e-04 4.453200000000000040e-03
2.837529999999999783e-04 3.305489999999999904e-03
-2.001249999999999991e-04 1.223109999999999909e-03
-7.647520000000000533e-04 -1.152559999999999956e-03
-1.239040000000000063e-03 -3.043220000000000126e-03
-1.462699999999999938e-03 -3.837730000000000134e-03
-1.340749999999999928e-03 -3.357779999999999879e-03
-8.743330000000000329e-04 -1.821560000000000063e-03
-1.666369999999999971e-04 3.143630000000000122e-04
6.006730000000000272e-04 2.335670000000000194e-03
1.222739999999999938e-03 3.513039999999999826e-03
1.537579999999999980e-03 3.432660000000000138e-03
1.475249999999999999e-03 2.111549999999999799e-03
1.075500000000000067e-03 -1.045199999999999920e-05
4.721449999999999866e-04 -2.219200000000000166e-03
-1.496369999999999905e-04 -3.749789999999999807e-03
-6.104730000000000486e-04 -4.060010000000000181e-03
-7.907119999999999470e-04 -3.046230000000000031e-03
-6.656340000000000173e-04 -1.057240000000000089e-03
-3.120919999999999792e-04 1.217509999999999990e-03
1.178839999999999982e-04 2.967329999999999794e-03
4.486119999999999800e-04 3.621269999999999784e-03
5.386180000000000394e-04 3.072960000000000014e-03
3.299539999999999786e-04 1.615899999999999975e-03
-1.234850000000000010e-04 -1.875660000000000131e-04
-6.657380000000000285e-04 -1.655489999999999913e-03
-1.092319999999999923e-03 -2.263750000000000137e-03
-1.227620000000000013e-03 -1.874809999999999975e-03
-9.934880000000000533e-04 -7.532269999999999764e-04
-4.421019999999999898e-04 5.725559999999999981e-04
2.597009999999999857e-04 1.534320000000000041e-03
8.891110000000000462e-04 1.754879999999999895e-03
1.247550000000000048e-03 1.184289999999999952e-03
1.232830000000000080e-03 9.360989999999999968e-05
8.760890000000000344e-04 -1.057089999999999896e-03
3.288119999999999953e-04 -1.816289999999999918e-03
-1.963540000000000110e-04 -1.918819999999999901e-03
-5.086959999999999963e-04 -1.376669999999999977e-03
-5.136539999999999986e-04 -4.489389999999999787e-04
-2.481100000000000081e-04 4.882890000000000407e-04
1.380540000000000033e-04 1.103290000000000043e-03
4.470230000000000059e-04 1.232250000000000055e-03
5.178579999999999468e-04 9.217369999999999470e-04
2.952550000000000183e-04 3.809880000000000189e-04
-1.469370000000000062e-04 -1.262729999999999886e-04
-6.371389999999999996e-04 -3.969229999999999807e-04
-9.784839999999999510e-04 -3.602240000000000259e-04
-1.030979999999999917e-03 -8.380430000000000670e-05
-7.684179999999999873e-04 2.755289999999999974e-04
-2.864950000000000005e-04 5.459339999999999809e-04
2.399640000000000085e-04 6.066900000000000071e-04
6.306109999999999971e-04 4.278479999999999870e-04
7.712549999999999874e-04 7.552210000000000661e-05
6.534250000000000128e-04 -3.218110000000000263e-04
3.678129999999999833e-04 -6.298150000000000406e-04
5.831530000000000052e-05 -7.593559999999999850e-04
-1.410940000000000013e-04 -6.929139999999999865e-04
-1.597590000000000132e-04 -4.799180000000000221e-04
-1.360749999999999974e-05 -2.081619999999999901e-04
2.084780000000000053e-04 3.357180000000000271e-05
3.869810000000000003e-04 1.862389999999999901e-04
4.239290000000000267e-04 2.348209999999999935e-04
2.833609999999999862e-04 2.043190000000000067e-04
4.364170000000000095e-06 1.423410000000000116e-04
-3.172180000000000247e-04 9.679950000000000045e-05
-5.693070000000000162e-04 9.734459999999999630e-05
-6.685680000000000268e-04 1.464679999999999942e-04
-5.911819999999999922e-04 2.220020000000000066e-04
-3.778079999999999850e-04 2.884970000000000264e-04
-1.125890000000000023e-04 3.121679999999999833e-04
1.131559999999999988e-04 2.735190000000000082e-04
2.365500000000000035e-04 1.734960000000000072e-04
2.437890000000000066e-04 3.194000000000000251e-05
1.689870000000000001e-04 -1.199409999999999956e-04
7.393179999999999576e-05 -2.496709999999999750e-04
1.885089999999999937e-05 -3.326089999999999863e-04
3.689930000000000092e-05 -3.575529999999999833e-04
1.223010000000000069e-04 -3.278679999999999854e-04
2.356779999999999888e-04 -2.585469999999999761e-04
3.229010000000000040e-04 -1.705699999999999881e-04
3.387059999999999789e-04 -8.436419999999999434e-05
2.651689999999999950e-04 -1.425920000000000063e-05
1.180119999999999943e-04 3.456419999999999680e-05
-6.082929999999999712e-05 6.583470000000000175e-05
-2.203320000000000040e-04 8.891919999999999393e-05
-3.196000000000000165e-04 1.137710000000000056e-04
-3.414530000000000256e-04 1.459809999999999970e-04
-2.956230000000000121e-04 1.837870000000000074e-04
-2.114080000000000061e-04 2.181729999999999997e-04
-1.238590000000000079e-04 2.360429999999999896e-04
-5.967039999999999709e-05 2.252900000000000063e-04
-2.837730000000000019e-05 1.798609999999999912e-04
