-3.400040000000000183e-08 8.781930000000000341e-07
-2.127360000000000065e-07 3.375900000000000153e-06
-6.402829999999999902e-07 6.476930000000000175e-06
-1.379270000000000094e-06 1.189340000000000034e-05
-2.810230000000000197e-06 2.667930000000000052e-05
-6.097209999999999684e-06 5.972359999999999854e-05
-1.290550000000000036e-05 1.126870000000000004e-04
-2.392359999999999910e-05 1.698779999999999886e-04
-3.732399999999999704e-05 2.055000000000000077e-04
-4.886769999999999970e-05 1.915449999999999965e-04
-5.360519999999999966e-05 1.051340000000000000e-04
-4.817519999999999913e-05 -4.730599999999999736e-05
-3.272559999999999716e-05 -2.224600000000000080e-04
-1.067709999999999981e-05 -3.642200000000000060e-04
1.464489999999999932e-05 -4.364610000000000213e-04
4.410789999999999828e-05 -4.403729999999999797e-04
8.322099999999999485e-05 -4.093240000000000268e-04
1.371370000000000119e-04 -3.875479999999999832e-04
2.033030000000000015e-04 -3.992189999999999736e-04
2.672999999999999920e-04 -4.228039999999999858e-04
3.061739999999999861e-04 -4.046939999999999847e-04
2.994709999999999928e-04 -3.060240000000000096e-04
2.415689999999999905e-04 -1.230209999999999865e-04
1.453070000000000099e-04 1.231899999999999911e-04
3.339709999999999912e-05 3.897969999999999951e-04
-7.491089999999999457e-05 6.171080000000000012e-04
-1.718889999999999936e-04 7.582739999999999706e-04
-2.604449999999999908e-04 8.070319999999999534e-04
-3.471789999999999772e-04 7.978360000000000096e-04
-4.343999999999999880e-04 7.830200000000000484e-04
-5.147980000000000134e-04 7.911370000000000251e-04
-5.699830000000000348e-04 7.881049999999999904e-04
-5.743490000000000401e-04 7.009019999999999920e-04
-5.059319999999999529e-04 4.789640000000000173e-04
-3.596210000000000183e-04 1.116579999999999938e-04
-1.526889999999999877e-04 -3.660150000000000252e-04
8.183759999999999722e-05 -8.659060000000000541e-04
3.090939999999999920e-04 -1.276009999999999948e-03
5.051429999999999983e-04 -1.510199999999999954e-03
6.619129999999999762e-04 -1.542149999999999944e-03
7.825100000000000415e-04 -1.412269999999999975e-03
8.703689999999999604e-04 -1.198180000000000078e-03
9.188999999999999469e-04 -9.699650000000000416e-04
9.085210000000000247e-04 -7.629099999999999987e-04
8.137829999999999977e-04 -5.591269999999999747e-04
6.169669999999999495e-04 -3.030919999999999773e-04
3.215210000000000138e-04 4.736279999999999993e-05
-4.148600000000000226e-05 4.860399999999999747e-04
-4.190260000000000230e-04 9.629219999999999533e-04
-7.535270000000000379e-04 1.413839999999999975e-03
-1.003219999999999980e-03 1.774870000000000007e-03
-1.152650000000000072e-03 1.980739999999999931e-03
-1.207589999999999922e-03 1.975800000000000212e-03
-1.180480000000000028e-03 1.732030000000000071e-03
-1.078970000000000059e-03 1.279350000000000062e-03
-9.047350000000000444e-04 7.021920000000000288e-04
-6.579269999999999910e-04 7.139119999999999505e-05
-3.401319999999999886e-04 -5.711530000000000253e-04
4.221880000000000310e-05 -1.169649999999999943e-03
4.702519999999999964e-04 -1.658900000000000045e-03
9.053969999999999510e-04 -1.973749999999999810e-03
1.290670000000000055e-03 -2.068819999999999860e-03
1.564920000000000026e-03 -1.965769999999999931e-03
1.683749999999999917e-03 -1.735079999999999956e-03
1.632439999999999976e-03 -1.437689999999999932e-03
1.422080000000000045e-03 -1.084509999999999901e-03
1.075989999999999976e-03 -6.432319999999999835e-04
6.214060000000000200e-04 -9.014499999999999835e-05
9.284039999999999968e-05 5.589510000000000225e-04
-4.617760000000000050e-04 1.250550000000000012e-03
-9.841850000000000511e-04 1.902540000000000090e-03
-1.419139999999999941e-03 2.413170000000000072e-03
-1.727529999999999908e-03 2.676829999999999835e-03
-1.889410000000000004e-03 2.612440000000000161e-03
-1.896859999999999996e-03 2.188480000000000026e-03
-1.745529999999999912e-03 1.445719999999999948e-03
-1.434340000000000094e-03 5.147069999999999900e-04
-9.736950000000000075e-04 -4.214929999999999979e-04
-3.929030000000000022e-04 -1.208150000000000066e-03
2.609399999999999784e-04 -1.761380000000000107e-03
9.295869999999999481e-04 -2.070429999999999840e-03
1.548839999999999896e-03 -2.179809999999999907e-03
2.050939999999999794e-03 -2.160769999999999792e-03
2.367689999999999986e-03 -2.038690000000000120e-03
2.438909999999999863e-03 -1.781199999999999927e-03
2.230090000000000110e-03 -1.378249999999999918e-03
1.752160000000000002e-03 -8.278219999999999763e-04
1.066380000000000019e-03 -1.385389999999999961e-04
2.679700000000000246e-04 6.414049999999999483e-04
-5.414369999999999730e-04 1.432450000000000043e-03
-1.276680000000000089e-03 2.122139999999999790e-03
-1.876339999999999996e-03 2.574200000000000012e-03
-2.296879999999999842e-03 2.672100000000000170e-03
-2.504670000000000073e-03 2.349060000000000037e-03
-2.474889999999999989e-03 1.637559999999999927e-03
-2.200530000000000021e-03 7.325800000000000367e-04
-1.702670000000000095e-03 -1.191210000000000001e-04
-1.027899999999999994e-03 -7.462490000000000442e-04
-2.349639999999999953e-04 -1.097639999999999987e-03
6.137129999999999972e-04 -1.242110000000000046e-03
1.445539999999999933e-03 -1.274439999999999948e-03
2.165390000000000110e-03 -1.270829999999999920e-03
2.660689999999999843e-03 -1.293190000000000051e-03
2.831619999999999970e-03 -1.315320000000000031e-03
2.628269999999999825e-03 -1.222650000000000039e-03
2.073929999999999871e-03 -9.367460000000000196e-04
1.264149999999999909e-03 -4.627009999999999869e-04
3.412050000000000239e-04 8.544159999999999863e-05
-5.453920000000000122e-04 5.390220000000000037e-04
-1.278520000000000004e-03 7.961700000000000157e-04
-1.796099999999999910e-03 8.098810000000000340e-04
-2.086800000000000200e-03 6.393510000000000252e-04
-2.168709999999999909e-03 4.557550000000000164e-04
-2.065500000000000062e-03 4.127399999999999819e-04
-1.790219999999999919e-03 5.497510000000000157e-04
-1.344130000000000021e-03 7.552550000000000322e-04
-7.341700000000000266e-04 8.655800000000000169e-04
-2.838999999999999839e-06 8.003310000000000458e-04
7.521729999999999692e-04 5.746220000000000017e-04
1.394080000000000015e-03 2.395529999999999882e-04
1.796440000000000059e-03 -1.233109999999999990e-04
1.893939999999999990e-03 -4.287369999999999983e-04
1.703840000000000085e-03 -6.534480000000000496e-04
1.311499999999999949e-03 -8.602489999999999963e-04
8.327449999999999696e-04 -1.141150000000000064e-03
3.710659999999999740e-04 -1.493259999999999943e-03
-1.365749999999999926e-05 -1.780429999999999947e-03
-3.108000000000000194e-04 -1.816380000000000034e-03
-5.373160000000000306e-04 -1.471169999999999943e-03
-7.064760000000000440e-04 -7.333669999999999599e-04
-8.108600000000000529e-04 2.642669999999999958e-04
-8.294739999999999665e-04 1.270899999999999938e-03
-7.512760000000000488e-04 2.044719999999999871e-03
-5.974100000000000417e-04 2.457630000000000144e-03
-4.223690000000000213e-04 2.481530000000000021e-03
-2.885419999999999760e-04 2.169110000000000135e-03
-2.316789999999999887e-04 1.625359999999999956e-03
-2.404709999999999953e-04 9.237380000000000113e-04
-2.610980000000000267e-04 8.403949999999999387e-05
-2.245580000000000004e-04 -8.572669999999999900e-04
-8.426200000000000064e-05 -1.761900000000000055e-03
1.570949999999999994e-04 -2.415179999999999844e-03
4.508250000000000213e-04 -2.658010000000000147e-03
7.330280000000000433e-04 -2.446230000000000192e-03
9.547989999999999906e-04 -1.816899999999999982e-03
1.087899999999999935e-03 -8.702129999999999978e-04
1.112380000000000053e-03 1.939730000000000078e-04
1.009260000000000105e-03 1.116969999999999899e-03
7.667359999999999584e-04 1.703979999999999904e-03
3.910450000000000211e-04 1.886840000000000088e-03
-8.678039999999999333e-05 1.708469999999999911e-03
-6.085749999999999797e-04 1.234660000000000054e-03
-1.091179999999999971e-03 5.425029999999999523e-04
-1.440450000000000020e-03 -2.269480000000000097e-04
-1.578820000000000093e-03 -8.799419999999999855e-04
-1.473190000000000090e-03 -1.220299999999999900e-03
-1.145449999999999897e-03 -1.136309999999999968e-03
-6.601180000000000112e-04 -6.527800000000000486e-04
-1.015159999999999950e-04 9.933269999999999849e-05
4.440749999999999927e-04 8.917099999999999853e-04
8.991580000000000536e-04 1.435709999999999981e-03
1.200930000000000010e-03 1.549999999999999946e-03
1.304500000000000104e-03 1.235589999999999952e-03
1.191409999999999952e-03 5.965089999999999499e-04
8.869740000000000089e-04 -2.576100000000000221e-04
4.702670000000000157e-04 -1.194769999999999947e-03
5.401219999999999763e-05 -1.998359999999999807e-03
-2.612080000000000239e-04 -2.447910000000000190e-03
-4.256330000000000226e-04 -2.404550000000000090e-03
-4.464340000000000018e-04 -1.856240000000000103e-03
-3.665079999999999814e-04 -8.921439999999999882e-04
-2.413919999999999955e-04 3.673139999999999869e-04
-1.264969999999999918e-04 1.692579999999999953e-03
-6.591420000000000666e-05 2.735780000000000156e-03
-8.101969999999999951e-05 3.202040000000000181e-03
-1.670449999999999973e-04 2.942479999999999922e-03
-2.967860000000000008e-04 1.953369999999999846e-03
-4.279789999999999896e-04 4.504500000000000257e-04
-5.152439999999999885e-04 -1.148310000000000042e-03
-5.206090000000000023e-04 -2.417589999999999843e-03
-4.172600000000000267e-04 -3.033950000000000102e-03
-1.929459999999999921e-04 -2.855470000000000143e-03
1.415210000000000025e-04 -1.980410000000000156e-03
5.402589999999999650e-04 -6.450720000000000065e-04
9.165490000000000095e-04 8.355380000000000359e-04
1.161799999999999942e-03 2.028850000000000011e-03
1.189479999999999921e-03 2.539229999999999959e-03
9.740249999999999993e-04 2.195780000000000041e-03
5.585949999999999466e-04 1.107810000000000088e-03
3.584359999999999679e-05 -4.021110000000000266e-04
-4.778650000000000063e-04 -1.925389999999999914e-03
-8.679290000000000312e-04 -2.965999999999999887e-03
-1.050310000000000046e-03 -3.107449999999999882e-03
-9.943190000000000188e-04 -2.238930000000000087e-03
-7.283949999999999540e-04 -5.907539999999999753e-04
-3.309729999999999769e-04 1.351729999999999989e-03
8.809290000000000490e-05 2.994999999999999832e-03
4.145069999999999939e-04 3.795279999999999834e-03
5.600260000000000351e-04 3.507389999999999987e-03
4.886450000000000082e-04 2.214919999999999996e-03
2.348999999999999905e-04 2.408130000000000134e-04
-9.884209999999999340e-05 -1.839560000000000067e-03
-3.779710000000000036e-04 -3.366080000000000027e-03
-4.885059999999999880e-04 -3.861659999999999832e-03
-3.762810000000000113e-04 -3.250240000000000160e-03
-6.030169999999999899e-05 -1.780209999999999952e-03
3.695179999999999949e-04 1.430819999999999965e-04
7.733100000000000347e-04 1.915250000000000069e-03
1.008709999999999902e-03 2.936629999999999970e-03
9.841789999999999566e-04 2.898889999999999887e-03
6.903719999999999692e-04 1.860700000000000071e-03
2.006189999999999981e-04 2.184870000000000106e-04
-3.537980000000000031e-04 -1.434579999999999970e-03
-8.233189999999999823e-04 -2.496379999999999866e-03
-1.083690000000000001e-03 -2.576870000000000202e-03
-1.071090000000000019e-03 -1.662150000000000042e-03
-8.001129999999999744e-04 -9.493020000000000126e-05
-3.602680000000000140e-04 1.539350000000000093e-03
1.114859999999999961e-04 2.602210000000000200e-03
4.740810000000000033e-04 2.709389999999999889e-03
6.246370000000000438e-04 1.893109999999999932e-03
5.313030000000000053e-04 4.901859999999999854e-04
2.503839999999999798e-04 -9.999550000000000712e-04
-8.825759999999999335e-05 -2.037839999999999964e-03
-3.323229999999999826e-04 -2.269080000000000142e-03
-3.712780000000000052e-04 -1.691009999999999952e-03
-1.818789999999999979e-04 -6.167069999999999757e-04
1.630149999999999969e-04 4.820560000000000209e-04
5.234410000000000321e-04 1.174429999999999962e-03
7.469010000000000102e-04 1.242110000000000046e-03
7.282519999999999792e-04 7.468760000000000503e-04
4.530690000000000086e-04 -2.412340000000000014e-05
7.227439999999999872e-06 -6.983239999999999500e-04
-4.535419999999999751e-04 -9.810629999999999004e-04
-7.644379999999999882e-04 -7.722459999999999785e-04
-8.184859999999999965e-04 -1.941550000000000003e-04
-6.105000000000000400e-04 4.795189999999999739e-04
-2.381619999999999874e-04 9.572870000000000251e-04
1.406900000000000099e-04 1.056850000000000020e-03
3.759950000000000076e-04 7.705039999999999806e-04
3.887849999999999986e-04 2.493260000000000181e-04
2.021600000000000025e-04 -2.792849999999999933e-04
-7.311900000000000246e-05 -6.179389999999999666e-04
-2.910899999999999794e-04 -6.782339999999999983e-04
-3.371879999999999843e-04 -4.994920000000000349e-04
-1.793459999999999868e-04 -2.084400000000000033e-04
1.188169999999999976e-04 5.034089999999999773e-05
4.281140000000000011e-04 1.765889999999999994e-04
6.130219999999999593e-04 1.442550000000000071e-04
5.924100000000000286e-04 -2.029409999999999853e-06
3.735950000000000035e-04 -1.734329999999999910e-04
4.505240000000000254e-05 -2.790620000000000058e-04
-2.662610000000000042e-04 -2.658630000000000260e-04
-4.509070000000000114e-04 -1.366650000000000070e-04
-4.605330000000000036e-04 5.803979999999999952e-05
-3.216140000000000145e-04 2.467719999999999744e-04
-1.166659999999999974e-04 3.676759999999999946e-04
5.604339999999999946e-05 3.898999999999999905e-04
1.256370000000000034e-04 3.193730000000000202e-04
7.643280000000000451e-05 1.902530000000000096e-04
-5.012970000000000219e-05 4.824130000000000177e-05
-1.785249999999999890e-04 -6.674290000000000095e-05
-2.355849999999999882e-04 -1.325390000000000129e-04
-1.835539999999999980e-04 -1.483620000000000002e-04
-3.538490000000000065e-05 -1.303010000000000116e-04
1.533259999999999886e-04 -1.016940000000000059e-04
3.105030000000000051e-04 -8.270819999999999529e-05
3.789959999999999878e-04 -8.309179999999999615e-05
3.391320000000000185e-04 -1.001650000000000007e-04
2.135919999999999974e-04 -1.217990000000000039e-04
5.424590000000000184e-05 -1.323689999999999925e-04
-8.162520000000000582e-05 -1.191249999999999953e-04
-1.547069999999999945e-04 -7.691409999999999599e-05
-1.569320000000000079e-04 -1.009260000000000058e-05
-1.102449999999999990e-04 6.859750000000000179e-05
-5.295750000000000246e-05 1.417199999999999916e-04
-2.077109999999999837e-05 1.923170000000000088e-04
-3.110109999999999942e-05 2.090220000000000055e-04
-7.708899999999999325e-05 1.894730000000000069e-04
-1.329269999999999963e-04 1.408210000000000126e-04
-1.670890000000000125e-04 7.709260000000000114e-05
-1.569800000000000047e-04 1.434279999999999929e-05
-9.855490000000000062e-05 -3.462450000000000027e-05
-7.262829999999999715e-06 -6.400719999999999934e-05
8.923289999999999738e-05 -7.588490000000000252e-05
1.626820000000000121e-04 -7.801449999999999650e-05
1.949599999999999901e-04 -7.955110000000000479e-05
1.836010000000000062e-04 -8.651269999999999588e-05
1.405210000000000053e-04 -9.889400000000000556e-05
8.531739999999999734e-05 -1.106350000000000004e-04
