-3.245249999999999893e-08 8.816030000000000361e-07
-2.049910000000000123e-07 3.396580000000000097e-06
-6.252919999999999587e-07 6.536619999999999937e-06
-1.366689999999999912e-06 1.201710000000000053e-05
-2.805500000000000075e-06 2.692820000000000080e-05
-6.080779999999999741e-06 6.026779999999999919e-05
-1.287010000000000066e-05 1.138339999999999947e-04
-2.400079999999999897e-05 1.719539999999999871e-04
-3.789349999999999896e-05 2.086129999999999896e-04
-5.047240000000000146e-05 1.954070000000000080e-04
-5.664340000000000049e-05 1.090439999999999948e-04
-5.253370000000000153e-05 -4.431509999999999860e-05
-3.757100000000000332e-05 -2.213320000000000012e-04
-1.460040000000000000e-05 -3.655519999999999993e-04
1.308480000000000049e-05 -4.403720000000000182e-04
4.571270000000000026e-05 -4.466539999999999963e-04
8.783469999999999440e-05 -4.176879999999999894e-04
1.439649999999999947e-04 -3.977639999999999952e-04
2.116399999999999998e-04 -4.110629999999999775e-04
2.770989999999999977e-04 -4.359139999999999738e-04
3.179549999999999738e-04 -4.184489999999999911e-04
3.135430000000000031e-04 -3.195469999999999951e-04
2.571030000000000082e-04 -1.352769999999999992e-04
1.600720000000000083e-04 1.134310000000000055e-04
4.450430000000000011e-05 3.841669999999999829e-04
-6.985540000000000206e-05 6.175889999999999852e-04
-1.740900000000000086e-04 7.664959999999999742e-04
-2.699620000000000014e-04 8.233150000000000277e-04
-3.632980000000000172e-04 8.208379999999999496e-04
-4.558960000000000139e-04 8.104180000000000324e-04
-5.400999999999999551e-04 8.207930000000000000e-04
-5.975099999999999899e-04 8.186509999999999924e-04
-6.029260000000000478e-04 7.312490000000000049e-04
-5.347000000000000407e-04 5.073999999999999734e-04
-3.872160000000000142e-04 1.354849999999999945e-04
-1.763799999999999884e-04 -3.501229999999999815e-04
6.610870000000000624e-05 -8.612319999999999698e-04
3.055800000000000118e-04 -1.285059999999999978e-03
5.167130000000000247e-04 -1.534020000000000088e-03
6.889510000000000382e-04 -1.579789999999999970e-03
8.227949999999999717e-04 -1.460689999999999949e-03
9.198490000000000355e-04 -1.252869999999999895e-03
9.728609999999999949e-04 -1.026009999999999943e-03
9.625729999999999877e-04 -8.160720000000000430e-04
8.643000000000000292e-04 -6.063180000000000045e-04
6.609749999999999523e-04 -3.420580000000000105e-04
3.562320000000000005e-04 1.885379999999999896e-05
-1.914579999999999887e-05 4.707639999999999806e-04
-4.124439999999999834e-04 9.640290000000000361e-04
-7.656749999999999494e-04 1.434090000000000061e-03
-1.035420000000000004e-03 1.815669999999999914e-03
-1.203679999999999941e-03 2.041160000000000196e-03
-1.273709999999999946e-03 2.051830000000000147e-03
-1.256310000000000066e-03 1.816560000000000050e-03
-1.158329999999999950e-03 1.363269999999999977e-03
-9.809440000000000867e-04 7.765530000000000306e-04
-7.241119999999999545e-04 1.293929999999999993e-04
-3.900139999999999965e-04 -5.337649999999999556e-04
1.332410000000000004e-05 -1.155439999999999983e-03
4.651619999999999757e-04 -1.669420000000000018e-03
9.256169999999999979e-04 -2.009280000000000007e-03
1.336799999999999967e-03 -2.127529999999999873e-03
1.635900000000000028e-03 -2.043600000000000017e-03
1.775399999999999895e-03 -1.826549999999999918e-03
1.736719999999999974e-03 -1.536770000000000020e-03
1.528400000000000071e-03 -1.184479999999999908e-03
1.173860000000000094e-03 -7.359050000000000227e-04
7.023560000000000090e-04 -1.659320000000000098e-04
1.504420000000000074e-04 5.092770000000000370e-04
-4.328709999999999828e-04 1.233460000000000025e-03
-9.883640000000000394e-04 1.920529999999999937e-03
-1.458499999999999944e-03 2.465310000000000071e-03
-1.800359999999999981e-03 2.759810000000000128e-03
-1.990009999999999956e-03 2.720680000000000060e-03
-2.016829999999999838e-03 2.313250000000000202e-03
-1.875230000000000083e-03 1.574950000000000091e-03
-1.563200000000000050e-03 6.345149999999999922e-04
-1.089850000000000063e-03 -3.237819999999999978e-04
-4.836150000000000106e-04 -1.141450000000000017e-03
2.071130000000000074e-04 -1.730379999999999896e-03
9.198579999999999604e-04 -2.076779999999999859e-03
1.584550000000000108e-03 -2.223269999999999847e-03
2.128160000000000034e-03 -2.239119999999999826e-03
2.479180000000000099e-03 -2.146850000000000060e-03
2.575660000000000015e-03 -1.910690000000000045e-03
2.381439999999999859e-03 -1.517789999999999981e-03
1.905009999999999950e-03 -9.650550000000000361e-04
1.205439999999999897e-03 -2.613219999999999757e-04
3.779809999999999984e-04 5.447030000000000058e-04
-4.726530000000000163e-04 1.372769999999999936e-03
-1.256189999999999911e-03 2.108420000000000172e-03
-1.906050000000000062e-03 2.610710000000000027e-03
-2.374550000000000011e-03 2.756080000000000162e-03
-2.624449999999999960e-03 2.470410000000000141e-03
-2.626799999999999882e-03 1.781150000000000008e-03
-2.369870000000000049e-03 8.820990000000000124e-04
-1.870829999999999976e-03 2.219949999999999980e-05
-1.175590000000000012e-03 -6.239140000000000441e-04
-3.466230000000000049e-04 -1.002709999999999973e-03
5.471970000000000263e-04 -1.181790000000000054e-03
1.427279999999999955e-03 -1.254270000000000038e-03
2.195100000000000176e-03 -1.292930000000000077e-03
2.736210000000000205e-03 -1.355370000000000056e-03
2.947959999999999903e-03 -1.412010000000000001e-03
2.775609999999999970e-03 -1.346259999999999948e-03
2.237240000000000149e-03 -1.077700000000000012e-03
1.425190000000000007e-03 -6.085490000000000040e-04
4.819269999999999956e-04 -5.011239999999999814e-05
-4.398429999999999831e-04 4.292440000000000123e-04
-1.217830000000000041e-03 7.242070000000000408e-04
-1.783780000000000001e-03 7.814459999999999852e-04
-2.120239999999999798e-03 6.532219999999999607e-04
-2.240110000000000018e-03 5.057129999999999742e-04
-2.163770000000000190e-03 4.907800000000000140e-04
-1.903640000000000063e-03 6.484239999999999839e-04
-1.462769999999999956e-03 8.678390000000000236e-04
-8.507210000000000293e-04 9.847849999999999573e-04
-1.111159999999999980e-04 9.175020000000000528e-04
6.596660000000000501e-04 6.803879999999999780e-04
1.326579999999999947e-03 3.249029999999999757e-04
1.762249999999999928e-03 -6.649400000000000406e-05
1.896619999999999903e-03 -4.070310000000000269e-04
1.740519999999999958e-03 -6.702659999999999825e-04
1.374250000000000037e-03 -9.140560000000000048e-04
9.118120000000000175e-04 -1.225369999999999931e-03
4.578769999999999802e-04 -1.598379999999999940e-03
7.524939999999999819e-05 -1.896640000000000001e-03
-2.224820000000000020e-04 -1.935010000000000029e-03
-4.509229999999999922e-04 -1.584469999999999932e-03
-6.244599999999999674e-04 -8.335970000000000489e-04
-7.386040000000000183e-04 1.855249999999999966e-04
-7.752489999999999902e-04 1.222339999999999928e-03
-7.242000000000000390e-04 2.033699999999999831e-03
-6.043819999999999878e-04 2.488119999999999915e-03
-4.656729999999999984e-04 2.552420000000000123e-03
-3.653840000000000104e-04 2.273559999999999991e-03
-3.354030000000000141e-04 1.751670000000000093e-03
-3.621590000000000269e-04 1.057699999999999960e-03
-3.906210000000000129e-04 2.116809999999999948e-04
-3.508550000000000145e-04 -7.478269999999999536e-04
-1.952029999999999944e-04 -1.679759999999999977e-03
7.446580000000000115e-05 -2.366570000000000132e-03
4.086459999999999767e-04 -2.646550000000000118e-03
7.395890000000000233e-04 -2.473429999999999986e-03
1.011830000000000021e-03 -1.881939999999999915e-03
1.190050000000000005e-03 -9.684739999999999842e-04
1.248680000000000059e-03 7.240949999999999850e-05
1.164789999999999966e-03 9.864229999999999440e-04
9.237279999999999623e-04 1.579649999999999934e-03
5.305489999999999512e-04 1.781119999999999969e-03
1.809720000000000014e-05 1.629540000000000068e-03
-5.502610000000000227e-04 1.187230000000000056e-03
-1.084300000000000064e-03 5.286219999999999678e-04
-1.482929999999999925e-03 -2.077830000000000128e-04
-1.662789999999999928e-03 -8.307940000000000420e-04
-1.586259999999999927e-03 -1.146080000000000059e-03
-1.272429999999999959e-03 -1.042879999999999936e-03
-7.855180000000000235e-04 -5.467020000000000386e-04
-2.124779999999999941e-04 2.103490000000000015e-04
3.560430000000000062e-04 9.987769999999999548e-04
8.380879999999999623e-04 1.529350000000000067e-03
1.167539999999999897e-03 1.621169999999999903e-03
1.297739999999999918e-03 1.277020000000000021e-03
1.209369999999999976e-03 6.038750000000000281e-04
9.265560000000000376e-04 -2.855180000000000131e-04
5.265410000000000533e-04 -1.256629999999999900e-03
1.211000000000000027e-04 -2.090219999999999839e-03
-1.877629999999999978e-04 -2.561900000000000201e-03
-3.473940000000000014e-04 -2.528439999999999854e-03
-3.635900000000000069e-04 -1.975619999999999980e-03
-2.813560000000000214e-04 -9.941469999999999127e-04
-1.604339999999999889e-04 2.917689999999999910e-04
-5.939279999999999825e-05 1.649459999999999945e-03
-2.284240000000000004e-05 2.729200000000000202e-03
-7.064189999999999868e-05 3.233639999999999865e-03
-1.952550000000000000e-04 3.009500000000000022e-03
-3.653729999999999999e-04 2.047400000000000001e-03
-5.328969999999999497e-04 5.584770000000000402e-04
-6.453039999999999731e-04 -1.040659999999999892e-03
-6.582289999999999756e-04 -2.322339999999999995e-03
-5.421459999999999691e-04 -2.958859999999999789e-03
-2.872530000000000092e-04 -2.804210000000000123e-03
8.921920000000000122e-05 -1.953750000000000191e-03
5.338790000000000159e-04 -6.416370000000000233e-04
9.538059999999999681e-04 8.189700000000000278e-04
1.235680000000000068e-03 1.996379999999999856e-03
1.288599999999999988e-03 2.493560000000000134e-03
1.083329999999999970e-03 2.136569999999999962e-03
6.624079999999999638e-04 1.033260000000000038e-03
1.222879999999999920e-04 -4.913959999999999552e-04
-4.141200000000000263e-04 -2.023720000000000119e-03
-8.263240000000000255e-04 -3.062989999999999810e-03
-1.027090000000000034e-03 -3.190360000000000158e-03
-9.852549999999999850e-04 -2.295059999999999809e-03
-7.307099999999999750e-04 -6.097459999999999859e-04
-3.442319999999999798e-04 1.375670000000000061e-03
6.211060000000000127e-05 3.061200000000000032e-03
3.728480000000000054e-04 3.895660000000000008e-03
5.003629999999999797e-04 3.627200000000000129e-03
4.114079999999999885e-04 2.335690000000000075e-03
1.446859999999999900e-04 3.443690000000000227e-04
-1.931500000000000057e-04 -1.767319999999999959e-03
-4.639980000000000254e-04 -3.332020000000000207e-03
-5.521579999999999674e-04 -3.863839999999999896e-03
-4.050290000000000010e-04 -3.279620000000000018e-03
-4.718460000000000221e-05 -1.825199999999999913e-03
4.236420000000000073e-04 9.219989999999999794e-05
8.603719999999999814e-04 1.864269999999999903e-03
1.115539999999999934e-03 2.886999999999999809e-03
1.095009999999999994e-03 2.848230000000000206e-03
7.897649999999999983e-04 1.804889999999999967e-03
2.766360000000000260e-04 1.550429999999999994e-04
-3.072630000000000023e-04 -1.503269999999999910e-03
-8.061690000000000262e-04 -2.561830000000000183e-03
-1.091369999999999927e-03 -2.626020000000000177e-03
-1.097480000000000070e-03 -1.681259999999999959e-03
-8.400550000000000335e-04 -7.430970000000000446e-05
-4.106080000000000233e-04 1.601610000000000056e-03
5.242920000000000279e-05 2.698599999999999784e-03
4.078999999999999944e-04 2.823979999999999806e-03
5.544569999999999534e-04 2.005559999999999982e-03
4.625790000000000175e-04 5.814149999999999483e-04
1.900620000000000109e-04 -9.428540000000000228e-04
-1.335440000000000075e-04 -2.018960000000000199e-03
-3.575569999999999920e-04 -2.283460000000000177e-03
-3.734890000000000150e-04 -1.727019999999999901e-03
-1.603719999999999885e-04 -6.608560000000000302e-04
2.063509999999999899e-04 4.395080000000000211e-04
5.841600000000000178e-04 1.135930000000000056e-03
8.187700000000000230e-04 1.203290000000000089e-03
8.044149999999999478e-04 7.007060000000000502e-04
5.268169999999999537e-04 -8.189779999999999369e-05
7.200669999999999619e-05 -7.653710000000000417e-04
-4.043040000000000240e-04 -1.047959999999999907e-03
-7.367790000000000146e-04 -8.252179999999999585e-04
-8.163829999999999525e-04 -2.196629999999999872e-04
-6.341709999999999969e-04 4.899709999999999612e-04
-2.834199999999999935e-04 1.003870000000000023e-03
8.140040000000000079e-05 1.130879999999999906e-03
3.113239999999999758e-04 8.570480000000000112e-04
3.260930000000000100e-04 3.320619999999999930e-04
1.461059999999999865e-04 -2.128909999999999917e-04
-1.205409999999999967e-04 -5.733780000000000387e-04
-3.293589999999999886e-04 -6.539579999999999482e-04
-3.656339999999999894e-04 -4.898599999999999483e-04
-1.959379999999999932e-04 -2.078709999999999889e-04
1.176130000000000003e-04 4.418579999999999969e-05
4.461380000000000033e-04 1.620319999999999963e-04
6.522610000000000083e-04 1.172889999999999946e-04
6.508790000000000409e-04 -4.468209999999999695e-05
4.444960000000000079e-04 -2.314209999999999922e-04
1.179459999999999987e-04 -3.469880000000000056e-04
-2.026089999999999976e-04 -3.340209999999999924e-04
-4.052929999999999836e-04 -1.937379999999999940e-04
-4.371299999999999839e-04 2.143869999999999855e-05
-3.196459999999999818e-04 2.352780000000000062e-04
-1.318079999999999957e-04 3.803069999999999758e-04
2.935070000000000005e-05 4.213469999999999759e-04
9.198980000000000481e-05 3.625710000000000087e-04
3.824249999999999850e-05 2.388480000000000008e-04
-9.245389999999999923e-05 9.789439999999999568e-05
-2.251459999999999887e-04 -1.846889999999999863e-05
-2.853110000000000064e-04 -8.722539999999999330e-05
-2.324930000000000117e-04 -1.079209999999999989e-04
-7.702819999999999546e-05 -9.764480000000000403e-05
1.264229999999999922e-04 -8.056339999999999509e-05
3.041750000000000074e-04 -7.674080000000000224e-05
3.952480000000000077e-04 -9.451399999999999667e-05
3.752939999999999748e-04 -1.286919999999999937e-04
2.631639999999999761e-04 -1.642670000000000046e-04
1.089910000000000005e-04 -1.833170000000000069e-04
-2.932010000000000071e-05 -1.721109999999999925e-04
-1.101189999999999938e-04 -1.259800000000000102e-04
-1.224780000000000020e-04 -5.077679999999999808e-05
-8.611700000000000236e-05 3.900420000000000173e-05
-3.843570000000000200e-05 1.245390000000000082e-04
-1.550160000000000080e-05 1.880499999999999902e-04
-3.571729999999999767e-05 2.177000000000000061e-04
-9.288819999999999607e-05 2.106099999999999910e-04
-1.607889999999999949e-04 1.730780000000000122e-04
-2.062099999999999925e-04 1.179420000000000034e-04
-2.041129999999999887e-04 6.001170000000000007e-05
-1.481979999999999929e-04 1.118699999999999979e-05
-5.279080000000000285e-05 -2.294300000000000039e-05
5.394020000000000238e-05 -4.384340000000000107e-05
1.417810000000000034e-04 -5.796040000000000160e-05
1.898860000000000044e-04 -7.279069999999999410e-05
1.932030000000000000e-04 -9.277110000000000358e-05
1.618980000000000007e-04 -1.167149999999999964e-04
1.149190000000000021e-04 -1.378739999999999881e-04
