-2.442180000000000101e-08 8.955539999999999471e-07
-1.616840000000000070e-07 3.481939999999999904e-06
-5.266389999999999819e-07 6.785379999999999737e-06
-1.236669999999999969e-06 1.253390000000000039e-05
-2.648349999999999809e-06 2.796180000000000052e-05
-5.756569999999999672e-06 6.251650000000000360e-05
-1.220550000000000028e-05 1.185879999999999969e-04
-2.338190000000000055e-05 1.806110000000000094e-04
-3.898550000000000138e-05 2.216529999999999868e-04
-5.619049999999999674e-05 2.115899999999999986e-04
-6.991749999999999593e-05 1.254200000000000020e-04
-7.426369999999999846e-05 -3.153889999999999716e-05
-6.478749999999999592e-05 -2.153489999999999875e-04
-4.020350000000000226e-05 -3.678040000000000042e-04
-1.912009999999999927e-06 -4.507409999999999997e-04
4.823580000000000326e-05 -4.650839999999999944e-04
1.094930000000000035e-04 -4.457870000000000062e-04
1.809880000000000093e-04 -4.386540000000000187e-04
2.580959999999999765e-04 -4.671589999999999770e-04
3.291149999999999957e-04 -5.060200000000000375e-04
3.757189999999999987e-04 -4.962750000000000147e-04
3.791849999999999821e-04 -3.951769999999999740e-04
3.297710000000000246e-04 -1.989609999999999946e-04
2.323670000000000065e-04 6.824189999999999456e-05
1.036160000000000054e-04 3.610829999999999986e-04
-3.720999999999999780e-05 6.197449999999999964e-04
-1.768809999999999892e-04 7.978570000000000150e-04
-3.110699999999999880e-04 8.872020000000000210e-04
-4.404610000000000101e-04 9.172940000000000304e-04
-5.633419999999999877e-04 9.351220000000000365e-04
-6.696739999999999854e-04 9.663150000000000342e-04
-7.398650000000000322e-04 9.760590000000000412e-04
-7.492599999999999651e-04 8.899739999999999734e-04
-6.776150000000000099e-04 6.542590000000000254e-04
-5.192309999999999894e-04 2.551389999999999843e-04
-2.871680000000000261e-04 -2.729100000000000146e-04
-8.937049999999999416e-06 -8.388589999999999589e-04
2.831949999999999745e-04 -1.325039999999999985e-03
5.617280000000000537e-04 -1.638039999999999895e-03
8.085380000000000301e-04 -1.743729999999999976e-03
1.012869999999999916e-03 -1.675370000000000028e-03
1.164780000000000025e-03 -1.504979999999999946e-03
1.248760000000000018e-03 -1.298930000000000006e-03
1.242620000000000053e-03 -1.090580000000000065e-03
1.123679999999999948e-03 -8.614230000000000498e-04
8.797990000000000107e-04 -5.561369999999999508e-04
5.197339999999999946e-04 -1.334700000000000079e-04
7.761639999999999772e-05 3.976849999999999981e-04
-3.923050000000000192e-04 9.818190000000000944e-04
-8.301369999999999973e-04 1.546929999999999963e-03
-1.187719999999999965e-03 2.020360000000000125e-03
-1.439320000000000009e-03 2.327529999999999964e-03
-1.579880000000000086e-03 2.401959999999999859e-03
-1.613630000000000012e-03 2.203670000000000021e-03
-1.542270000000000099e-03 1.753109999999999998e-03
-1.361369999999999985e-03 1.133010000000000050e-03
-1.065130000000000070e-03 4.212020000000000239e-04
-6.539480000000000076e-04 -3.303059999999999915e-04
-1.415889999999999890e-04 -1.058260000000000103e-03
4.392080000000000138e-04 -1.692340000000000077e-03
1.035150000000000089e-03 -2.159770000000000092e-03
1.577140000000000096e-03 -2.401669999999999847e-03
1.992680000000000146e-03 -2.423170000000000098e-03
2.223010000000000090e-03 -2.281660000000000025e-03
2.236960000000000077e-03 -2.031639999999999922e-03
2.034230000000000153e-03 -1.680819999999999970e-03
1.638399999999999926e-03 -1.192289999999999930e-03
1.087209999999999913e-03 -5.375630000000000165e-04
4.272559999999999900e-04 2.653490000000000102e-04
-2.866669999999999982e-04 1.148499999999999998e-03
-9.928070000000000644e-04 2.006500000000000037e-03
-1.627860000000000071e-03 2.714680000000000131e-03
-2.135109999999999959e-03 3.151249999999999971e-03
-2.470630000000000135e-03 3.224369999999999840e-03
-2.604369999999999949e-03 2.891669999999999831e-03
-2.517440000000000129e-03 2.180819999999999981e-03
-2.201119999999999986e-03 1.211829999999999895e-03
-1.661499999999999999e-03 1.675679999999999921e-04
-9.272010000000000017e-04 -7.846539999999999722e-04
-5.413430000000000108e-05 -1.541480000000000020e-03
8.765160000000000355e-04 -2.073900000000000049e-03
1.766720000000000053e-03 -2.411879999999999927e-03
2.514300000000000129e-03 -2.612220000000000167e-03
3.026570000000000128e-03 -2.681080000000000182e-03
3.232140000000000100e-03 -2.561719999999999969e-03
3.092979999999999948e-03 -2.221719999999999945e-03
2.615489999999999829e-03 -1.648500000000000009e-03
1.853770000000000027e-03 -8.549420000000000283e-04
9.001579999999999694e-04 9.701360000000000235e-05
-1.345220000000000107e-04 1.111669999999999933e-03
-1.142730000000000004e-03 2.059880000000000044e-03
-2.034069999999999802e-03 2.784270000000000148e-03
-2.737199999999999963e-03 3.139530000000000185e-03
-3.194110000000000005e-03 3.025910000000000145e-03
-3.355900000000000202e-03 2.448300000000000042e-03
-3.188770000000000059e-03 1.589780000000000056e-03
-2.688589999999999817e-03 7.036289999999999949e-04
-1.891670000000000027e-03 -2.305399999999999984e-05
-8.734790000000000306e-04 -5.270719999999999572e-04
2.619370000000000097e-04 -8.730050000000000483e-04
1.393319999999999975e-03 -1.150039999999999960e-03
2.390320000000000032e-03 -1.414890000000000028e-03
3.124829999999999882e-03 -1.695420000000000000e-03
3.491160000000000097e-03 -1.929359999999999973e-03
3.430460000000000193e-03 -1.977249999999999841e-03
2.950320000000000199e-03 -1.750789999999999898e-03
2.129999999999999949e-03 -1.256450000000000101e-03
1.104790000000000025e-03 -6.157050000000000283e-04
3.255720000000000060e-05 -9.054810000000000809e-06
-9.456280000000000067e-04 4.449330000000000038e-04
-1.733329999999999940e-03 6.777239999999999914e-04
-2.282839999999999956e-03 7.239209999999999829e-04
-2.580639999999999930e-03 7.325990000000000106e-04
-2.628000000000000128e-03 8.438669999999999895e-04
-2.428519999999999984e-03 1.092529999999999977e-03
-1.989069999999999901e-03 1.365370000000000082e-03
-1.333629999999999928e-03 1.494740000000000044e-03
-5.227720000000000153e-04 1.396230000000000041e-03
3.364309999999999913e-04 1.087759999999999899e-03
1.105630000000000024e-03 6.313929999999999499e-04
1.654700000000000051e-03 1.221259999999999891e-04
1.905330000000000001e-03 -3.435269999999999925e-04
1.855370000000000066e-03 -7.319139999999999587e-04
1.573519999999999910e-03 -1.093610000000000068e-03
1.168710000000000105e-03 -1.507709999999999996e-03
7.487039999999999928e-04 -1.961510000000000076e-03
3.853880000000000174e-04 -2.313560000000000096e-03
1.022000000000000041e-04 -2.375560000000000085e-03
-1.126020000000000037e-04 -2.017650000000000172e-03
-2.794520000000000207e-04 -1.230009999999999914e-03
-4.073920000000000189e-04 -1.474280000000000122e-04
-4.919310000000000306e-04 9.774860000000000666e-04
-5.288330000000000374e-04 1.900360000000000027e-03
-5.314890000000000066e-04 2.487759999999999885e-03
-5.352420000000000094e-04 2.700520000000000091e-03
-5.807549999999999648e-04 2.572130000000000163e-03
-6.863670000000000101e-04 2.182460000000000216e-03
-8.280139999999999636e-04 1.581170000000000015e-03
-9.400419999999999826e-04 7.726480000000000197e-04
-9.393010000000000248e-04 -2.107140000000000022e-04
-7.628830000000000073e-04 -1.223780000000000050e-03
-4.001550000000000202e-04 -2.036580000000000074e-03
1.004919999999999994e-04 -2.471820000000000007e-03
6.536860000000000023e-04 -2.470270000000000105e-03
1.169490000000000026e-03 -2.056510000000000109e-03
1.573490000000000088e-03 -1.312959999999999952e-03
1.809190000000000017e-03 -4.119120000000000095e-04
1.834539999999999955e-03 4.168120000000000202e-04
1.623829999999999935e-03 9.939110000000001000e-04
1.177080000000000053e-03 1.246799999999999948e-03
5.315470000000000524e-04 1.200340000000000044e-03
-2.316940000000000080e-04 8.990100000000000001e-04
-9.930019999999999906e-04 3.999499999999999908e-04
-1.616529999999999920e-03 -1.745759999999999901e-04
-1.985869999999999823e-03 -6.480970000000000394e-04
-2.038069999999999899e-03 -8.382339999999999843e-04
-1.779699999999999945e-03 -6.428960000000000057e-04
-1.278569999999999924e-03 -9.397949999999999696e-05
-6.394699999999999473e-04 6.724839999999999941e-04
2.239320000000000102e-05 1.427740000000000042e-03
6.026020000000000421e-04 1.889220000000000049e-03
1.020850000000000013e-03 1.887210000000000059e-03
1.226679999999999958e-03 1.438019999999999923e-03
1.204320000000000043e-03 6.609860000000000171e-04
9.815950000000000369e-04 -3.252749999999999782e-04
6.349209999999999880e-04 -1.389159999999999961e-03
2.744189999999999759e-04 -2.316560000000000060e-03
6.958730000000000373e-06 -2.879519999999999996e-03
-1.039009999999999934e-04 -2.919779999999999858e-03
-5.803279999999999772e-05 -2.405959999999999956e-03
8.949060000000000001e-05 -1.421170000000000029e-03
2.543429999999999736e-04 -9.297430000000000191e-05
3.519829999999999942e-04 1.340019999999999926e-03
3.226600000000000041e-04 2.524960000000000138e-03
1.462540000000000129e-04 3.161220000000000176e-03
-1.566469999999999928e-04 3.086290000000000214e-03
-5.317730000000000330e-04 2.273069999999999865e-03
-9.009899999999999506e-04 9.095050000000000140e-04
-1.176720000000000023e-03 -6.075450000000000251e-04
-1.279970000000000066e-03 -1.859289999999999988e-03
-1.157889999999999961e-03 -2.516299999999999960e-03
-7.990609999999999987e-04 -2.425479999999999824e-03
-2.432930000000000032e-04 -1.673970000000000102e-03
4.172220000000000247e-04 -4.860789999999999924e-04
1.048490000000000012e-03 8.400460000000000002e-04
1.503589999999999961e-03 1.891309999999999996e-03
1.667620000000000083e-03 2.284500000000000072e-03
1.498589999999999948e-03 1.849409999999999899e-03
1.043070000000000108e-03 6.920049999999999856e-04
4.213469999999999759e-04 -8.624099999999999778e-04
-2.075670000000000000e-04 -2.396419999999999800e-03
-6.899770000000000382e-04 -3.407030000000000128e-03
-9.210349999999999527e-04 -3.477379999999999968e-03
-8.728349999999999737e-04 -2.502449999999999813e-03
-5.970840000000000045e-04 -7.231110000000000228e-04
-2.055290000000000036e-04 1.361940000000000069e-03
1.629599999999999983e-04 3.145620000000000013e-03
3.814390000000000185e-04 4.071609999999999813e-03
3.711879999999999975e-04 3.883580000000000192e-03
1.261980000000000003e-04 2.656340000000000090e-03
-2.783419999999999991e-04 7.055470000000000535e-04
-7.010680000000000037e-04 -1.399010000000000011e-03
-9.781930000000000312e-04 -2.995949999999999828e-03
-9.825070000000000851e-04 -3.596119999999999959e-03
-6.705009999999999963e-04 -3.106349999999999910e-03
-9.934280000000000031e-05 -1.762939999999999950e-03
5.860740000000000133e-04 3.511859999999999949e-05
1.193650000000000093e-03 1.690520000000000043e-03
1.545970000000000026e-03 2.612699999999999918e-03
1.539949999999999999e-03 2.501639999999999853e-03
1.179149999999999903e-03 1.422719999999999931e-03
5.693340000000000076e-04 -2.216960000000000133e-04
-1.176349999999999943e-04 -1.834080000000000085e-03
-6.982289999999999721e-04 -2.812219999999999824e-03
-1.032499999999999998e-03 -2.772730000000000160e-03
-1.062900000000000086e-03 -1.715759999999999985e-03
-8.261190000000000503e-04 -3.259119999999999977e-06
-4.363510000000000240e-04 1.759769999999999911e-03
-4.449349999999999676e-05 2.919020000000000035e-03
2.132380000000000072e-04 3.080750000000000155e-03
2.584260000000000224e-04 2.277120000000000099e-03
9.421569999999999988e-05 8.536709999999999654e-04
-1.943790000000000036e-04 -6.793889999999999695e-04
-4.685469999999999848e-04 -1.775850000000000041e-03
-5.884669999999999615e-04 -2.078110000000000200e-03
-4.704679999999999821e-04 -1.580800000000000044e-03
-1.234619999999999912e-04 -5.947479999999999781e-04
3.508839999999999832e-04 4.091799999999999821e-04
7.949129999999999564e-04 1.001300000000000107e-03
1.054550000000000019e-03 9.691780000000000100e-04
1.038150000000000054e-03 3.884639999999999860e-04
7.514559999999999556e-04 -4.341069999999999825e-04
2.949590000000000198e-04 -1.108720000000000105e-03
-1.753539999999999884e-04 -1.334740000000000058e-03
-5.083620000000000499e-04 -1.021449999999999919e-03
-6.152910000000000150e-04 -3.126580000000000006e-04
-5.011640000000000148e-04 4.923479999999999827e-04
-2.576650000000000208e-04 1.080970000000000108e-03
-2.067879999999999927e-05 1.259680000000000001e-03
8.965639999999999764e-05 1.020279999999999928e-03
2.101069999999999858e-05 5.210969999999999882e-04
-1.893619999999999939e-04 -6.456310000000000193e-07
-4.326180000000000108e-04 -3.405169999999999790e-04
-5.781080000000000290e-04 -4.095050000000000036e-04
-5.328390000000000123e-04 -2.531379999999999741e-04
-2.841739999999999934e-04 -7.728280000000000484e-06
9.318209999999999677e-05 1.752590000000000105e-04
4.688459999999999763e-04 1.971359999999999909e-04
7.126259999999999496e-04 4.419769999999999867e-05
7.492160000000000313e-04 -2.183540000000000036e-04
5.870540000000000480e-04 -4.790759999999999919e-04
3.092239999999999789e-04 -6.295699999999999777e-04
3.249819999999999998e-05 -6.099680000000000119e-04
-1.449009999999999871e-04 -4.291270000000000132e-04
-1.826900000000000008e-04 -1.540889999999999946e-04
-1.087909999999999957e-04 1.229649999999999992e-04
1.248599999999999997e-06 3.233390000000000157e-04
6.370580000000000253e-05 4.090429999999999934e-04
2.607609999999999925e-05 3.892079999999999910e-04
-1.106099999999999998e-04 3.066990000000000124e-04
-2.946579999999999967e-04 2.140339999999999908e-04
-4.485649999999999989e-04 1.504010000000000123e-04
-5.036939999999999517e-04 1.287190000000000122e-04
-4.294519999999999805e-04 1.358900000000000017e-04
-2.449840000000000112e-04 1.435979999999999895e-04
-9.519239999999999682e-06 1.235030000000000134e-04
2.032559999999999933e-04 6.023369999999999896e-05
3.349930000000000095e-04 -4.241389999999999722e-05
3.637730000000000152e-04 -1.634539999999999973e-04
3.082420000000000212e-04 -2.730540000000000050e-04
2.144459999999999997e-04 -3.434169999999999953e-04
1.325619999999999956e-04 -3.579580000000000175e-04
9.457120000000000012e-05 -3.156880000000000038e-04
1.025129999999999992e-04 -2.298749999999999904e-04
1.314470000000000037e-04 -1.222490000000000013e-04
1.443820000000000010e-04 -1.543609999999999947e-05
1.114040000000000061e-04 7.348960000000000193e-05
2.417600000000000028e-05 1.363779999999999875e-04
-1.001949999999999987e-04 1.737750000000000091e-04
-2.267009999999999967e-04 1.919140000000000060e-04
-3.172229999999999950e-04 1.985199999999999899e-04
-3.457150000000000197e-04 1.990720000000000076e-04
-3.074110000000000015e-04 1.947329999999999938e-04
-2.188159999999999866e-04 1.824229999999999981e-04
-1.093930000000000011e-04 1.568119999999999887e-04
-9.184100000000000718e-06 1.133709999999999959e-04
6.213930000000000321e-05 5.133939999999999842e-05
1.004959999999999946e-04 -2.454489999999999941e-05
1.154400000000000060e-04 -1.042830000000000043e-04
1.227649999999999944e-04 -1.748630000000000095e-04
