-1.525499999999999995e-08 9.100429999999999917e-07
-1.072719999999999960e-07 3.574590000000000194e-06
-3.790620000000000097e-07 7.071610000000000045e-06
-9.717159999999999643e-07 1.316270000000000020e-05
-2.208029999999999847e-06 2.923860000000000158e-05
-4.885819999999999581e-06 6.523909999999999681e-05
-1.044700000000000010e-05 1.243019999999999900e-04
-2.060390000000000105e-05 1.912270000000000040e-04
-3.635779999999999942e-05 2.382449999999999932e-04
-5.683029999999999695e-05 2.330309999999999988e-04
-7.836270000000000106e-05 1.477410000000000073e-04
-9.446120000000000287e-05 -1.439159999999999956e-05
-9.713020000000000052e-05 -2.092309999999999895e-04
-7.925600000000000147e-05 -3.756240000000000208e-04
-3.687150000000000095e-05 -4.712590000000000225e-04
2.964419999999999986e-05 -4.945530000000000065e-04
1.155080000000000061e-04 -4.815239999999999928e-04
2.121219999999999996e-04 -4.818490000000000143e-04
3.078600000000000238e-04 -5.224750000000000011e-04
3.889289999999999891e-04 -5.776320000000000152e-04
4.407160000000000136e-04 -5.827379999999999626e-04
4.504180000000000098e-04 -4.870969999999999749e-04
4.106849999999999889e-04 -2.818739999999999917e-04
3.221620000000000234e-04 7.694869999999999393e-06
1.928809999999999986e-04 3.304049999999999782e-04
3.487659999999999740e-05 6.203040000000000160e-04
-1.397299999999999920e-04 8.282190000000000472e-04
-3.208390000000000092e-04 9.468369999999999608e-04
-4.995870000000000128e-04 1.007880000000000061e-03
-6.655050000000000462e-04 1.058920000000000087e-03
-8.038369999999999543e-04 1.122979999999999985e-03
-8.951010000000000346e-04 1.159670000000000015e-03
-9.179459999999999963e-04 1.087470000000000103e-03
-8.551389999999999859e-04 8.463200000000000150e-04
-7.002360000000000225e-04 4.199070000000000168e-04
-4.609759999999999856e-04 -1.552550000000000035e-04
-1.574249999999999912e-04 -7.828279999999999527e-04
1.836680000000000040e-04 -1.338690000000000019e-03
5.349769999999999569e-04 -1.723450000000000069e-03
8.719010000000000128e-04 -1.898120000000000102e-03
1.171769999999999930e-03 -1.892140000000000054e-03
1.410489999999999921e-03 -1.774179999999999984e-03
1.560030000000000010e-03 -1.607059999999999999e-03
1.590300000000000004e-03 -1.420159999999999955e-03
1.476459999999999969e-03 -1.190829999999999927e-03
1.208869999999999910e-03 -8.601439999999999694e-04
8.011560000000000252e-04 -3.849219999999999985e-04
2.919260000000000236e-04 2.248370000000000023e-04
-2.617869999999999789e-04 9.086749999999999558e-04
-7.979559999999999475e-04 1.586750000000000053e-03
-1.264460000000000020e-03 2.177759999999999939e-03
-1.628450000000000036e-03 2.598880000000000027e-03
-1.875900000000000007e-03 2.774840000000000206e-03
-2.002519999999999821e-03 2.654829999999999950e-03
-2.002830000000000148e-03 2.247470000000000110e-03
-1.864849999999999928e-03 1.626880000000000036e-03
-1.573629999999999907e-03 8.694630000000000067e-04
-1.121040000000000014e-03 3.269700000000000221e-05
-5.173719999999999925e-04 -8.114590000000000518e-04
2.001320000000000009e-04 -1.583769999999999969e-03
9.661869999999999703e-04 -2.202640000000000067e-03
1.695139999999999928e-03 -2.599059999999999825e-03
2.296069999999999882e-03 -2.766160000000000146e-03
2.691119999999999970e-03 -2.749600000000000048e-03
2.830710000000000170e-03 -2.594649999999999995e-03
2.700220000000000137e-03 -2.301960000000000030e-03
2.317150000000000026e-03 -1.827199999999999961e-03
1.722500000000000073e-03 -1.133429999999999941e-03
9.715499999999999527e-04 -2.328529999999999879e-04
1.272300000000000134e-04 8.041170000000000262e-04
-7.440290000000000011e-04 1.858660000000000043e-03
-1.575240000000000104e-03 2.784490000000000142e-03
-2.301559999999999804e-03 3.436209999999999872e-03
-2.862770000000000158e-03 3.701509999999999870e-03
-3.205509999999999957e-03 3.522210000000000011e-03
-3.285610000000000006e-03 2.913259999999999982e-03
-3.072270000000000209e-03 1.984420000000000194e-03
-2.555500000000000046e-03 9.129290000000000408e-04
-1.755089999999999949e-03 -1.319980000000000057e-04
-7.273670000000000309e-04 -1.037469999999999972e-03
4.341710000000000144e-04 -1.760540000000000108e-03
1.606739999999999948e-03 -2.316809999999999876e-03
2.654529999999999997e-03 -2.749859999999999804e-03
3.449869999999999846e-03 -3.051819999999999793e-03
3.893639999999999862e-03 -3.147229999999999993e-03
3.931079999999999991e-03 -2.979840000000000093e-03
3.560059999999999874e-03 -2.513669999999999967e-03
2.829239999999999793e-03 -1.745849999999999963e-03
1.826270000000000063e-03 -7.341999999999999568e-04
6.602409999999999963e-04 4.189439999999999787e-04
-5.558540000000000486e-04 1.570760000000000038e-03
-1.716800000000000097e-03 2.545640000000000056e-03
-2.728620000000000177e-03 3.175550000000000074e-03
-3.506319999999999836e-03 3.333079999999999984e-03
-3.971889999999999622e-03 2.993070000000000019e-03
-4.059759999999999931e-03 2.313609999999999799e-03
-3.731459999999999812e-03 1.536189999999999995e-03
-2.992980000000000119e-03 8.500320000000000228e-04
-1.905919999999999967e-03 3.258779999999999858e-04
-5.865840000000000203e-04 -9.811770000000000420e-05
8.075940000000000202e-04 -5.152950000000000325e-04
2.100869999999999908e-03 -9.847689999999999222e-04
3.127650000000000048e-03 -1.523990000000000023e-03
3.761190000000000193e-03 -2.043909999999999911e-03
3.934879999999999975e-03 -2.367530000000000068e-03
3.651499999999999798e-03 -2.370240000000000020e-03
2.978680000000000043e-03 -2.034849999999999940e-03
2.031919999999999994e-03 -1.476249999999999915e-03
9.493690000000000375e-04 -8.812960000000000542e-04
-1.347569999999999974e-04 -3.782230000000000140e-04
-1.110120000000000030e-03 -4.137619999999999867e-05
-1.897459999999999902e-03 1.613739999999999901e-04
-2.445300000000000078e-03 3.745980000000000208e-04
-2.722780000000000165e-03 7.271060000000000413e-04
-2.715289999999999978e-03 1.233930000000000053e-03
-2.426559999999999915e-03 1.755349999999999923e-03
-1.886719999999999934e-03 2.095520000000000022e-03
-1.161780000000000061e-03 2.147909999999999837e-03
-3.554189999999999932e-04 1.920999999999999965e-03
4.053519999999999910e-04 1.479480000000000031e-03
1.000510000000000028e-03 9.254040000000000052e-04
1.351189999999999943e-03 3.594380000000000101e-04
1.442219999999999917e-03 -1.842819999999999951e-04
1.322629999999999986e-03 -7.544480000000000110e-04
1.084310000000000005e-03 -1.420739999999999980e-03
8.273300000000000359e-04 -2.150040000000000198e-03
6.261080000000000031e-04 -2.770429999999999941e-03
5.104340000000000396e-04 -3.059049999999999790e-03
4.677479999999999811e-04 -2.857249999999999981e-03
4.612470000000000242e-04 -2.140539999999999804e-03
4.509159999999999904e-04 -1.044779999999999928e-03
4.063800000000000225e-04 1.660809999999999977e-04
3.079150000000000225e-04 1.234370000000000042e-03
1.400800000000000005e-04 2.017430000000000178e-03
-1.119160000000000039e-04 2.470029999999999795e-03
-4.553520000000000137e-04 2.615249999999999953e-03
-8.749540000000000529e-04 2.510870000000000116e-03
-1.319759999999999900e-03 2.172589999999999851e-03
-1.702589999999999919e-03 1.566850000000000057e-03
-1.917719999999999928e-03 6.962239999999999531e-04
-1.873469999999999910e-03 -3.052169999999999883e-04
-1.526859999999999893e-03 -1.196629999999999959e-03
-9.032270000000000446e-04 -1.776019999999999899e-03
-9.095789999999999865e-05 -1.960649999999999980e-03
7.834790000000000114e-04 -1.762630000000000056e-03
1.585590000000000003e-03 -1.258919999999999961e-03
2.196399999999999828e-03 -6.112140000000000064e-04
2.526689999999999839e-03 -2.632969999999999966e-05
2.524530000000000090e-03 3.473740000000000118e-04
2.180280000000000152e-03 4.646270000000000087e-04
1.531040000000000005e-03 3.640119999999999836e-04
6.635910000000000506e-04 8.708709999999999498e-05
-2.897549999999999930e-04 -3.243179999999999804e-04
-1.169440000000000106e-03 -7.663470000000000134e-04
-1.821909999999999936e-03 -1.074700000000000048e-03
-2.138629999999999871e-03 -1.070130000000000083e-03
-2.085560000000000191e-03 -6.509320000000000080e-04
-1.710439999999999921e-03 1.421969999999999940e-04
-1.125869999999999952e-03 1.149639999999999950e-03
-4.759149999999999861e-04 2.108660000000000048e-03
1.019330000000000014e-04 2.704059999999999884e-03
5.074419999999999842e-04 2.746960000000000113e-03
6.929139999999999865e-04 2.254490000000000053e-03
6.642389999999999536e-04 1.363599999999999968e-03
4.744300000000000231e-04 2.146299999999999966e-04
2.127370000000000064e-04 -1.047729999999999972e-03
-1.395080000000000033e-05 -2.205219999999999923e-03
-1.088169999999999985e-04 -3.022299999999999900e-03
-1.517700000000000055e-05 -3.317899999999999929e-03
2.625990000000000247e-04 -3.024039999999999975e-03
6.564249999999999773e-04 -2.188079999999999799e-03
1.051290000000000080e-03 -9.175809999999999956e-04
1.316670000000000037e-03 5.479359999999999526e-04
1.344630000000000087e-03 1.838189999999999963e-03
1.082449999999999992e-03 2.628140000000000163e-03
5.485099999999999915e-04 2.733709999999999873e-03
-1.708670000000000024e-04 2.112999999999999861e-03
-9.398609999999999517e-04 9.431729999999999498e-04
-1.602450000000000055e-03 -3.892030000000000207e-04
-2.015869999999999902e-03 -1.476019999999999980e-03
-2.081239999999999826e-03 -1.998209999999999830e-03
-1.766970000000000086e-03 -1.811450000000000039e-03
-1.120780000000000040e-03 -1.009279999999999986e-03
-2.665820000000000169e-04 1.803890000000000105e-04
6.157180000000000162e-04 1.459720000000000071e-03
1.329319999999999937e-03 2.418689999999999816e-03
1.713220000000000107e-03 2.675519999999999808e-03
1.691599999999999918e-03 2.058939999999999989e-03
1.299819999999999925e-03 6.780319999999999620e-04
6.760849999999999889e-04 -1.125480000000000100e-03
2.104989999999999983e-05 -2.902500000000000132e-03
-4.631460000000000004e-04 -4.110390000000000224e-03
-6.367089999999999512e-04 -4.295529999999999661e-03
-4.666709999999999912e-04 -3.330370000000000032e-03
-3.587579999999999963e-05 -1.455579999999999938e-03
4.850570000000000012e-04 8.074840000000000229e-04
8.922150000000000220e-04 2.814790000000000174e-03
1.012789999999999958e-03 3.971210000000000191e-03
7.601939999999999522e-04 3.990249999999999873e-03
1.637250000000000088e-04 2.930490000000000005e-03
-6.337890000000000537e-04 1.102689999999999920e-03
-1.411460000000000015e-03 -9.229299999999999744e-04
-1.933559999999999966e-03 -2.481010000000000073e-03
-2.023270000000000190e-03 -3.073719999999999838e-03
-1.621360000000000075e-03 -2.597369999999999887e-03
-8.096060000000000409e-04 -1.283140000000000105e-03
2.078009999999999981e-04 4.662609999999999867e-04
1.161549999999999909e-03 2.043570000000000195e-03
1.799830000000000093e-03 2.846330000000000214e-03
1.968129999999999793e-03 2.567250000000000087e-03
1.656659999999999903e-03 1.277850000000000080e-03
9.992280000000000086e-04 -5.945119999999999485e-04
2.247089999999999927e-04 -2.411669999999999873e-03
-4.215700000000000176e-04 -3.527020000000000068e-03
-7.591639999999999977e-04 -3.524359999999999819e-03
-7.284690000000000349e-04 -2.394779999999999999e-03
-4.031540000000000232e-04 -5.185429999999999987e-04
4.308710000000000290e-05 1.460520000000000091e-03
4.031780000000000216e-04 2.842059999999999986e-03
5.126619999999999918e-04 3.193510000000000099e-03
3.072840000000000077e-04 2.527080000000000125e-03
-1.560529999999999914e-04 1.190450000000000015e-03
-7.193489999999999867e-04 -2.901569999999999800e-04
-1.178620000000000015e-03 -1.351470000000000015e-03
-1.357200000000000030e-03 -1.626499999999999908e-03
-1.170870000000000070e-03 -1.111039999999999988e-03
-6.600100000000000454e-04 -1.263070000000000089e-04
2.358750000000000075e-05 8.413920000000000513e-04
6.711640000000000271e-04 1.348280000000000095e-03
1.092670000000000013e-03 1.176460000000000049e-03
1.184919999999999897e-03 4.104070000000000027e-04
9.658009999999999642e-04 -6.186790000000000171e-04
5.611410000000000269e-04 -1.485930000000000107e-03
1.499480000000000084e-04 -1.855279999999999950e-03
-1.094990000000000031e-04 -1.611650000000000062e-03
-1.422270000000000055e-04 -8.930799999999999806e-04
1.773290000000000093e-05 -1.201129999999999967e-05
2.482599999999999846e-04 6.938639999999999825e-04
3.966970000000000001e-04 1.004670000000000042e-03
3.488419999999999781e-04 8.937920000000000240e-04
7.990770000000000067e-05 5.126970000000000008e-04
-3.338810000000000107e-04 1.005690000000000056e-04
-7.471760000000000033e-04 -1.339110000000000127e-04
-1.006450000000000096e-03 -1.016639999999999943e-04
-1.013540000000000057e-03 1.445659999999999979e-04
-7.648779999999999772e-04 4.553560000000000225e-04
-3.505529999999999757e-04 6.648789999999999475e-04
8.520180000000000136e-05 6.642040000000000530e-04
4.041879999999999865e-04 4.372250000000000160e-04
5.288159999999999866e-04 5.565109999999999984e-05
4.679800000000000019e-04 -3.548159999999999856e-04
3.043869999999999844e-04 -6.663059999999999729e-04
1.509340000000000020e-04 -7.977530000000000038e-04
9.715500000000000069e-05 -7.393239999999999708e-04
1.700440000000000003e-04 -5.459399999999999670e-04
3.258000000000000045e-04 -3.064839999999999882e-04
4.742239999999999780e-04 -1.043109999999999979e-04
5.228130000000000104e-04 1.379170000000000045e-05
4.197100000000000049e-04 4.883220000000000318e-05
1.765589999999999879e-04 3.934229999999999769e-05
-1.374720000000000011e-04 3.705400000000000132e-05
-4.259679999999999847e-04 8.071250000000000353e-05
-6.051230000000000541e-04 1.792159999999999999e-04
-6.354919999999999796e-04 3.097719999999999879e-04
-5.329370000000000374e-04 4.297330000000000138e-04
-3.560489999999999922e-04 4.954090000000000403e-04
-1.775670000000000026e-04 4.793700000000000131e-04
-5.334439999999999701e-05 3.796930000000000118e-04
-2.166419999999999834e-06 2.187880000000000066e-04
-3.793850000000000107e-06 3.381099999999999866e-05
-1.417689999999999974e-05 -1.365639999999999888e-04
1.042279999999999955e-05 -2.637550000000000116e-04
9.168799999999999357e-05 -3.355589999999999767e-04
2.191320000000000019e-04 -3.559430000000000037e-04
3.550879999999999857e-04 -3.396420000000000255e-04
4.515380000000000262e-04 -3.043419999999999806e-04
4.707140000000000065e-04 -2.636070000000000123e-04
4.004610000000000136e-04 -2.228580000000000133e-04
2.582659999999999969e-04 -1.793809999999999957e-04
8.313860000000000390e-05 -1.258060000000000081e-04
-8.031110000000000429e-05 -5.533600000000000010e-05
-1.983610000000000072e-04 3.342379999999999668e-05
-2.584350000000000015e-04 1.339230000000000119e-04
-2.696120000000000200e-04 2.323600000000000047e-04
-2.543239999999999997e-04 3.113290000000000003e-04
-2.358100000000000072e-04 3.550679999999999960e-04
-2.272080000000000106e-04 3.543810000000000211e-04
-2.268279999999999906e-04 3.094630000000000015e-04
-2.209799999999999883e-04 2.297029999999999927e-04
-1.923290000000000080e-04 1.306120000000000024e-04
