-1.495010000000000031e-08 9.100239999999999966e-07
-1.053860000000000015e-07 3.574390000000000179e-06
-3.736029999999999871e-07 7.070610000000000393e-06
-9.609909999999999527e-07 1.315960000000000018e-05
-2.188880000000000209e-06 2.923159999999999978e-05
-4.847829999999999967e-06 6.522520000000000021e-05
-1.037019999999999941e-05 1.242749999999999985e-04
-2.047299999999999863e-05 1.911749999999999984e-04
-3.619550000000000268e-05 2.381550000000000127e-04
-5.672790000000000281e-05 2.329029999999999892e-04
-7.847669999999999353e-05 1.476150000000000021e-04
-9.495270000000000316e-05 -1.441580000000000011e-05
-9.805340000000000551e-05 -2.090070000000000133e-04
-8.044799999999999954e-05 -3.750189999999999817e-04
-3.793190000000000185e-05 -4.702660000000000000e-04
2.922420000000000050e-05 -4.933809999999999845e-04
1.161019999999999939e-04 -4.806109999999999831e-04
2.137359999999999878e-04 -4.817299999999999837e-04
3.100719999999999952e-04 -5.235300000000000240e-04
3.910639999999999949e-04 -5.798399999999999778e-04
4.421930000000000131e-04 -5.855870000000000433e-04
4.510550000000000106e-04 -4.897369999999999631e-04
4.107609999999999929e-04 -2.834879999999999800e-04
3.221720000000000183e-04 7.508320000000000307e-06
1.931539999999999874e-04 3.314489999999999906e-04
3.528900000000000043e-05 6.219399999999999712e-04
-1.397579999999999992e-04 8.297730000000000123e-04
-3.220450000000000244e-04 9.480200000000000475e-04
-5.024250000000000287e-04 1.008970000000000092e-03
-6.698000000000000178e-04 1.060530000000000066e-03
-8.087460000000000525e-04 1.125640000000000017e-03
-8.994190000000000431e-04 1.163339999999999904e-03
-9.206210000000000478e-04 1.091359999999999986e-03
-8.557190000000000109e-04 8.492019999999999647e-04
-6.989890000000000122e-04 4.206580000000000237e-04
-4.586270000000000255e-04 -1.570719999999999896e-04
-1.546779999999999987e-04 -7.867469999999999672e-04
1.865539999999999896e-04 -1.343610000000000073e-03
5.383130000000000076e-04 -1.728230000000000087e-03
8.763160000000000307e-04 -1.902199999999999941e-03
1.177709999999999998e-03 -1.895710000000000103e-03
1.417709999999999977e-03 -1.777960000000000087e-03
1.567440000000000022e-03 -1.611620000000000023e-03
1.596219999999999974e-03 -1.425290000000000064e-03
1.479159999999999980e-03 -1.195340000000000031e-03
1.207289999999999969e-03 -8.622169999999999748e-04
7.953020000000000098e-04 -3.828629999999999967e-04
2.828689999999999915e-04 2.317329999999999987e-04
-2.723720000000000004e-04 9.196780000000000536e-04
-8.084309999999999717e-04 1.599869999999999981e-03
-1.273739999999999985e-03 2.190479999999999858e-03
-1.636160000000000002e-03 2.609049999999999911e-03
-1.882180000000000008e-03 2.781340000000000201e-03
-2.007590000000000069e-03 2.657699999999999819e-03
-2.006609999999999817e-03 2.247489999999999991e-03
-1.866720000000000098e-03 1.624919999999999967e-03
-1.572499999999999896e-03 8.659600000000000370e-04
-1.115749999999999988e-03 2.744880000000000052e-05
-5.072180000000000352e-04 -8.190680000000000530e-04
2.148920000000000019e-04 -1.594289999999999943e-03
9.841640000000000457e-04 -2.216089999999999987e-03
1.714060000000000106e-03 -2.614599999999999910e-03
2.313309999999999846e-03 -2.782160000000000102e-03
2.704339999999999956e-03 -2.763949999999999827e-03
2.838260000000000002e-03 -2.605199999999999790e-03
2.701339999999999991e-03 -2.306910000000000124e-03
2.311929999999999801e-03 -1.825400000000000026e-03
1.711719999999999908e-03 -1.124510000000000006e-03
9.563980000000000137e-04 -2.173219999999999904e-04
1.089889999999999961e-04 8.248660000000000540e-04
-7.641879999999999550e-04 1.882460000000000079e-03
-1.596289999999999992e-03 2.808689999999999971e-03
-2.322450000000000209e-03 3.458129999999999798e-03
-2.882169999999999871e-03 3.718969999999999828e-03
-3.221640000000000007e-03 3.533820000000000017e-03
-3.296320000000000153e-03 2.918519999999999968e-03
-3.075410000000000210e-03 1.983410000000000121e-03
-2.549399999999999843e-03 9.058939999999999701e-04
-1.739069999999999895e-03 -1.449590000000000058e-04
-7.020970000000000509e-04 -1.056440000000000070e-03
4.666070000000000135e-04 -1.785480000000000097e-03
1.642999999999999929e-03 -2.346990000000000187e-03
2.690469999999999928e-03 -2.783349999999999973e-03
3.481189999999999892e-03 -3.085309999999999962e-03
3.916649999999999819e-03 -3.176270000000000135e-03
3.943330000000000099e-03 -2.999719999999999991e-03
3.560610000000000077e-03 -2.520479999999999856e-03
2.818460000000000062e-03 -1.737590000000000011e-03
1.805430000000000012e-03 -7.113570000000000266e-04
6.310239999999999946e-04 4.535340000000000118e-04
-5.916079999999999776e-04 1.612649999999999978e-03
-1.757010000000000039e-03 2.589880000000000133e-03
-2.770690000000000132e-03 3.217680000000000106e-03
-3.546950000000000103e-03 3.369660000000000016e-03
-4.007059999999999789e-03 3.021750000000000130e-03
-4.085090000000000422e-03 2.332750000000000188e-03
-3.742740000000000043e-03 1.544419999999999907e-03
-2.986990000000000131e-03 8.459729999999999724e-04
-1.881360000000000107e-03 3.082739999999999829e-04
-5.448789999999999580e-04 -1.298980000000000089e-04
8.619930000000000257e-04 -5.604639999999999926e-04
2.161049999999999863e-03 -1.040349999999999999e-03
3.185630000000000059e-03 -1.584459999999999992e-03
3.809680000000000184e-03 -2.101650000000000046e-03
3.968819999999999640e-03 -2.414159999999999830e-03
3.668699999999999999e-03 -2.398480000000000143e-03
2.979419999999999985e-03 -2.040370000000000118e-03
2.017759999999999953e-03 -1.458749999999999977e-03
9.219789999999999626e-04 -8.442810000000000028e-04
-1.740970000000000104e-04 -3.277080000000000140e-04
-1.160030000000000045e-03 1.599519999999999892e-05
-1.955339999999999856e-03 2.198529999999999972e-04
-2.506319999999999815e-03 4.298850000000000219e-04
-2.779810000000000180e-03 7.758749999999999805e-04
-2.760059999999999944e-03 1.272880000000000105e-03
-2.451720000000000114e-03 1.780609999999999962e-03
-1.888169999999999996e-03 2.102979999999999954e-03
-1.139859999999999918e-03 2.134590000000000012e-03
-3.147210000000000112e-04 1.886689999999999895e-03
4.576860000000000086e-04 1.427770000000000081e-03
1.056950000000000077e-03 8.633039999999999594e-04
1.405570000000000083e-03 2.957680000000000183e-04
1.490400000000000015e-03 -2.412109999999999916e-04
1.362160000000000063e-03 -7.986850000000000416e-04
1.113510000000000064e-03 -1.449379999999999896e-03
8.445339999999999748e-04 -2.162709999999999980e-03
6.296760000000000204e-04 -2.768039999999999824e-03
4.994119999999999679e-04 -3.042870000000000037e-03
4.427449999999999767e-04 -2.828699999999999964e-03
4.248829999999999773e-04 -2.101819999999999904e-03
4.074969999999999916e-04 -9.994940000000000768e-04
3.609330000000000220e-04 2.128560000000000098e-04
2.650539999999999732e-04 1.277029999999999962e-03
1.032229999999999975e-04 2.051379999999999783e-03
-1.407029999999999978e-04 2.493050000000000127e-03
-4.750479999999999959e-04 2.627780000000000133e-03
-8.851409999999999877e-04 2.515110000000000089e-03
-1.320350000000000083e-03 2.170860000000000151e-03
-1.693810000000000020e-03 1.560170000000000046e-03
-1.900219999999999991e-03 6.839040000000000440e-04
-1.848339999999999966e-03 -3.247239999999999762e-04
-1.495470000000000046e-03 -1.224279999999999900e-03
-8.670289999999999551e-04 -1.810959999999999914e-03
-5.156869999999999976e-05 -2.000050000000000178e-03
8.238920000000000054e-04 -1.802479999999999968e-03
1.623929999999999992e-03 -1.295219999999999922e-03
2.228679999999999811e-03 -6.408370000000000039e-04
2.548540000000000180e-03 -4.711719999999999673e-05
2.532239999999999838e-03 3.371410000000000032e-04
2.171680000000000051e-03 4.667310000000000144e-04
1.506170000000000035e-03 3.802249999999999857e-04
6.247450000000000095e-04 1.183719999999999976e-04
-3.385430000000000145e-04 -2.789399999999999822e-04
-1.223120000000000067e-03 -7.105860000000000301e-04
-1.875029999999999969e-03 -1.014890000000000063e-03
-2.185719999999999937e-03 -1.014139999999999963e-03
-2.121459999999999926e-03 -6.065629999999999590e-04
-1.730830000000000042e-03 1.687910000000000040e-04
-1.128050000000000016e-03 1.154950000000000074e-03
-4.596310000000000044e-04 2.092199999999999789e-03
1.341330000000000116e-04 2.668269999999999930e-03
5.506140000000000513e-04 2.696829999999999887e-03
7.408999999999999570e-04 2.196930000000000150e-03
7.111780000000000272e-04 1.306539999999999915e-03
5.159090000000000507e-04 1.655759999999999882e-04
2.460849999999999995e-04 -1.083119999999999916e-03
9.906130000000000309e-06 -2.224299999999999802e-03
-9.511600000000000209e-05 -3.025749999999999794e-03
-1.189810000000000048e-05 -3.308900000000000036e-03
2.557029999999999741e-04 -3.006899999999999851e-03
6.403780000000000409e-04 -2.166700000000000136e-03
1.027970000000000012e-03 -8.945879999999999804e-04
1.288499999999999932e-03 5.713330000000000405e-04
1.314000000000000064e-03 1.861720000000000085e-03
1.051129999999999946e-03 2.651849999999999867e-03
5.175009999999999636e-04 2.757560000000000046e-03
-2.009380000000000064e-04 2.136780000000000016e-03
-9.679730000000000105e-04 9.664609999999999477e-04
-1.626520000000000006e-03 -3.672430000000000074e-04
-2.032630000000000114e-03 -1.457050000000000099e-03
-2.086810000000000141e-03 -1.985119999999999940e-03
-1.758079999999999973e-03 -1.808230000000000080e-03
-1.096119999999999907e-03 -1.020139999999999892e-03
-2.277140000000000089e-04 1.525850000000000036e-04
6.643309999999999927e-04 1.415199999999999922e-03
1.381120000000000004e-03 2.361779999999999956e-03
1.760910000000000079e-03 2.614410000000000171e-03
1.728520000000000100e-03 2.004020000000000020e-03
1.321249999999999942e-03 6.393320000000000513e-04
6.801080000000000146e-04 -1.140820000000000072e-03
8.815339999999999526e-06 -2.892089999999999939e-03
-4.878290000000000078e-04 -4.077039999999999657e-03
-6.684189999999999576e-04 -4.246549999999999978e-03
-4.998000000000000055e-04 -3.275660000000000117e-03
-6.609769999999999567e-05 -1.405350000000000089e-03
4.597790000000000037e-04 8.450940000000000101e-04
8.714929999999999856e-04 2.835550000000000050e-03
9.946700000000000159e-04 3.975669999999999725e-03
7.426639999999999761e-04 3.983320000000000263e-03
1.462740000000000025e-04 2.919709999999999840e-03
-6.493700000000000253e-04 1.095499999999999903e-03
-1.421409999999999904e-03 -9.220090000000000013e-04
-1.933489999999999948e-03 -2.472289999999999818e-03
-2.009819999999999836e-03 -3.062510000000000059e-03
-1.593749999999999898e-03 -2.592179999999999918e-03
-7.702990000000000054e-04 -1.292439999999999952e-03
2.533969999999999864e-04 4.375270000000000005e-04
1.206360000000000071e-03 1.996449999999999874e-03
1.836860000000000055e-03 2.788329999999999888e-03
1.992030000000000103e-03 2.510520000000000026e-03
1.664899999999999974e-03 1.235739999999999929e-03
9.924079999999999620e-04 -6.114179999999999659e-04
2.061459999999999877e-04 -2.398749999999999841e-03
-4.469769999999999863e-04 -3.487070000000000100e-03
-7.864470000000000141e-04 -3.466789999999999976e-03
-7.540239999999999486e-04 -2.332949999999999868e-03
-4.256169999999999875e-04 -4.658959999999999859e-04
2.289360000000000049e-05 1.494289999999999898e-03
3.832600000000000134e-04 2.853650000000000110e-03
4.914550000000000168e-04 3.186589999999999995e-03
2.852159999999999743e-04 2.510520000000000026e-03
-1.758220000000000117e-04 1.174719999999999974e-03
-7.315309999999999998e-04 -2.971240000000000101e-04
-1.177700000000000058e-03 -1.347509999999999897e-03
-1.339850000000000069e-03 -1.616119999999999970e-03
-1.137830000000000048e-03 -1.103540000000000076e-03
-6.165450000000000270e-04 -1.317269999999999943e-04
6.899720000000000408e-05 8.168280000000000202e-04
7.094589999999999577e-04 1.305399999999999963e-03
1.117179999999999953e-03 1.123590000000000049e-03
1.193480000000000018e-03 3.607770000000000052e-04
9.611140000000000004e-04 -6.516280000000000162e-04
5.492420000000000245e-04 -1.493430000000000018e-03
1.373880000000000066e-04 -1.836369999999999929e-03
-1.185629999999999963e-04 -1.573249999999999996e-03
-1.477709999999999918e-04 -8.471610000000000295e-04
1.180700000000000063e-05 2.908129999999999887e-05
2.362540000000000050e-04 7.218430000000000072e-04
3.742540000000000255e-04 1.017810000000000069e-03
3.157149999999999952e-04 8.965709999999999782e-04
4.102719999999999913e-05 5.128770000000000160e-04
-3.696190000000000131e-04 1.051269999999999982e-04
-7.700380000000000159e-04 -1.222159999999999967e-04
-1.009630000000000076e-03 -8.561789999999999895e-05
-9.959249999999999353e-04 1.579030000000000093e-04
-7.316020000000000335e-04 4.578790000000000117e-04
-3.110310000000000245e-04 6.511499999999999710e-04
1.209369999999999976e-04 6.340270000000000064e-04
4.292380000000000262e-04 3.960030000000000234e-04
5.416509999999999814e-04 1.247430000000000015e-05
4.722220000000000063e-04 -3.904690000000000049e-04
3.063489999999999768e-04 -6.878010000000000373e-04
1.561309999999999998e-04 -8.031730000000000163e-04
1.073879999999999957e-04 -7.313649999999999882e-04
1.823919999999999979e-04 -5.300910000000000040e-04
3.339139999999999882e-04 -2.884550000000000156e-04
4.713019999999999948e-04 -8.785590000000000023e-05
5.048879999999999948e-04 2.782679999999999927e-05
3.877819999999999813e-04 6.201129999999999360e-05
1.366369999999999998e-04 5.412560000000000233e-05
-1.764100000000000000e-04 5.505530000000000124e-05
-4.552180000000000180e-04 1.015080000000000046e-04
-6.193070000000000389e-04 2.001589999999999923e-04
-6.341679999999999496e-04 3.268030000000000219e-04
-5.201760000000000151e-04 4.387819999999999741e-04
-3.382719999999999759e-04 4.938030000000000154e-04
-1.606679999999999870e-04 4.667219999999999811e-04
-4.037680000000000278e-05 3.580049999999999986e-04
7.448229999999999668e-06 1.918060000000000132e-04
5.703990000000000084e-06 5.921890000000000149e-06
-1.081499999999999937e-06 -1.614739999999999925e-04
2.898930000000000042e-05 -2.831099999999999914e-04
1.143799999999999992e-04 -3.483660000000000185e-04
2.415560000000000027e-04 -3.625330000000000067e-04
3.714120000000000008e-04 -3.410600000000000177e-04
4.567969999999999973e-04 -3.016839999999999800e-04
4.627820000000000154e-04 -2.575389999999999884e-04
3.808689999999999884e-04 -2.134980000000000081e-04
2.315709999999999958e-04 -1.665279999999999885e-04
5.518729999999999930e-05 -1.093899999999999945e-04
-1.044329999999999944e-04 -3.587789999999999746e-05
-2.158340000000000074e-04 5.453560000000000010e-05
-2.691179999999999939e-04 1.544799999999999982e-04
-2.753149999999999890e-04 2.497010000000000137e-04
-2.573979999999999910e-04 3.229290000000000112e-04
-2.377459999999999968e-04 3.591600000000000239e-04
-2.278760000000000117e-04 3.504049999999999765e-04
-2.246419999999999949e-04 2.982090000000000175e-04
-2.138420000000000034e-04 2.130830000000000061e-04
-1.788700000000000001e-04 1.111529999999999978e-04
