-1.465070000000000029e-08 9.099849999999999789e-07
-1.035320000000000035e-07 3.574050000000000111e-06
-3.682240000000000023e-07 7.069190000000000159e-06
-9.503899999999999757e-07 1.315559999999999988e-05
-2.169900000000000180e-06 2.922280000000000082e-05
-4.810140000000000163e-06 6.520740000000000184e-05
-1.029379999999999960e-05 1.242399999999999895e-04
-2.034250000000000047e-05 1.911089999999999892e-04
-3.603249999999999764e-05 2.380419999999999954e-04
-5.662089999999999859e-05 2.327460000000000108e-04
-7.857870000000000035e-05 1.474590000000000124e-04
-9.542210000000000243e-05 -1.446029999999999943e-05
-9.894459999999999453e-05 -2.087830000000000100e-04
-8.160219999999999605e-05 -3.743929999999999914e-04
-3.895710000000000009e-05 -4.692349999999999755e-04
2.882769999999999845e-05 -4.921669999999999517e-04
1.167000000000000041e-04 -4.796620000000000029e-04
2.153330000000000066e-04 -4.815800000000000072e-04
3.122439999999999873e-04 -5.245469999999999907e-04
3.931359999999999846e-04 -5.819869999999999557e-04
4.435810000000000209e-04 -5.883359999999999588e-04
4.515790000000000212e-04 -4.922429999999999558e-04
4.107010000000000239e-04 -2.849540000000000232e-04
3.220370000000000068e-04 7.452179999999999858e-06
1.932930000000000076e-04 3.325830000000000106e-04
3.559649999999999707e-05 6.236119999999999511e-04
-1.398489999999999954e-04 8.313110000000000508e-04
-3.232709999999999750e-04 9.491470000000000115e-04
-5.052429999999999465e-04 1.009960000000000068e-03
-6.740370000000000519e-04 1.062030000000000049e-03
-8.135469999999999681e-04 1.128150000000000073e-03
-9.035599999999999752e-04 1.166809999999999896e-03
-9.230350000000000013e-04 1.094989999999999896e-03
-8.559579999999999793e-04 8.517719999999999892e-04
-6.973529999999999486e-04 4.210759999999999915e-04
-4.558960000000000139e-04 -1.591970000000000006e-04
-1.516169999999999953e-04 -7.909030000000000270e-04
1.896420000000000115e-04 -1.348660000000000006e-03
5.417240000000000466e-04 -1.733010000000000106e-03
8.806870000000000063e-04 -1.906139999999999961e-03
1.183500000000000090e-03 -1.899040000000000060e-03
1.424689999999999941e-03 -1.781409999999999981e-03
1.574520000000000043e-03 -1.615770000000000097e-03
1.601669999999999917e-03 -1.429949999999999928e-03
1.481270000000000026e-03 -1.199329999999999971e-03
1.205020000000000006e-03 -8.637000000000000146e-04
7.887239999999999789e-04 -3.801890000000000152e-04
2.731580000000000162e-04 2.392030000000000068e-04
-2.834399999999999832e-04 9.311309999999999726e-04
-8.191480000000000115e-04 1.613230000000000003e-03
-1.283000000000000069e-03 2.203169999999999955e-03
-1.643630000000000091e-03 2.618909999999999901e-03
-1.888020000000000019e-03 2.787289999999999993e-03
-2.012089999999999799e-03 2.659830000000000180e-03
-2.009679999999999800e-03 2.246660000000000150e-03
-1.867750000000000053e-03 1.622079999999999919e-03
-1.570420000000000106e-03 8.615839999999999827e-04
-1.109409999999999910e-03 2.137490000000000096e-05
-4.960389999999999851e-04 -8.274229999999999823e-04
2.305150000000000113e-04 -1.605429999999999921e-03
1.002700000000000032e-03 -2.229950000000000074e-03
1.733120000000000103e-03 -2.630260000000000150e-03
2.330249999999999856e-03 -2.797930000000000122e-03
2.716829999999999939e-03 -2.777690000000000194e-03
2.844750000000000056e-03 -2.614770000000000202e-03
2.701190000000000015e-03 -2.310609999999999834e-03
2.305359999999999788e-03 -1.822180000000000067e-03
1.699599999999999896e-03 -1.114149999999999949e-03
9.399700000000000416e-04 -2.004650000000000128e-04
8.960320000000000296e-05 8.467109999999999914e-04
-7.852840000000000254e-04 1.907030000000000097e-03
-1.617970000000000042e-03 2.833270000000000146e-03
-2.343549999999999800e-03 3.480000000000000020e-03
-2.901270000000000064e-03 3.735930000000000153e-03
-3.236919999999999902e-03 3.544509999999999848e-03
-3.305649999999999821e-03 2.922489999999999810e-03
-3.076750000000000058e-03 1.980829999999999830e-03
-2.541260000000000047e-03 8.971279999999999663e-04
-1.720989999999999933e-03 -1.596729999999999873e-04
-6.749570000000000092e-04 -1.077049999999999969e-03
5.005329999999999458e-04 -1.811789999999999972e-03
1.680230000000000005e-03 -2.378159999999999823e-03
2.726759999999999948e-03 -2.817350000000000149e-03
3.512229999999999866e-03 -3.118699999999999858e-03
3.938780000000000232e-03 -3.204579999999999842e-03
3.954159999999999967e-03 -3.018219999999999844e-03
3.559290000000000110e-03 -2.525379999999999812e-03
2.805499999999999834e-03 -1.727079999999999978e-03
1.782259999999999921e-03 -6.861400000000000138e-04
5.994999999999999895e-04 4.903660000000000007e-04
-6.294340000000000048e-04 1.656429999999999968e-03
-1.798839999999999901e-03 2.635489999999999881e-03
-2.813770000000000160e-03 3.260550000000000080e-03
-3.587809999999999871e-03 3.406320000000000008e-03
-4.041630000000000049e-03 3.049860000000000158e-03
-4.108969999999999984e-03 2.350710000000000213e-03
-3.751840000000000210e-03 1.550909999999999962e-03
-2.978310000000000072e-03 8.397079999999999909e-04
-1.853880000000000024e-03 2.881100000000000045e-04
-5.003330000000000494e-04 -1.644139999999999881e-04
9.188640000000000306e-04 -6.082940000000000005e-04
2.223109999999999930e-03 -1.098199999999999914e-03
3.244749999999999805e-03 -1.646520000000000058e-03
3.858499999999999951e-03 -2.160060000000000105e-03
4.002280000000000421e-03 -2.460410000000000114e-03
3.684639999999999877e-03 -2.425360000000000103e-03
2.978220000000000173e-03 -2.043740000000000053e-03
2.001109999999999955e-03 -1.438569999999999910e-03
8.917519999999999961e-04 -8.043409999999999753e-04
-2.164059999999999877e-04 -2.742639999999999748e-04
-1.212790000000000049e-03 7.610150000000000313e-05
-2.015680000000000163e-03 2.806999999999999925e-04
-2.569179999999999901e-03 4.870030000000000127e-04
-2.837829999999999953e-03 8.257639999999999902e-04
-2.804790000000000148e-03 1.312070000000000033e-03
-2.475820000000000104e-03 1.805119999999999902e-03
-1.887599999999999912e-03 2.108699999999999811e-03
-1.115230000000000041e-03 2.118679999999999956e-03
-2.709379999999999731e-04 1.849189999999999905e-03
5.131159999999999844e-04 1.372600000000000079e-03
1.116189999999999977e-03 7.978889999999999767e-04
1.462259999999999949e-03 2.292560000000000019e-04
1.540319999999999970e-03 -3.002409999999999736e-04
1.402830000000000093e-03 -8.441170000000000227e-04
1.143200000000000032e-03 -1.478249999999999963e-03
8.615190000000000434e-04 -2.174639999999999820e-03
6.321929999999999694e-04 -2.764029999999999786e-03
4.864410000000000001e-04 -3.024320000000000046e-03
4.149590000000000093e-04 -2.797249999999999823e-03
3.851470000000000176e-04 -2.059889999999999985e-03
3.605260000000000105e-04 -9.509839999999999873e-04
3.122320000000000152e-04 2.625770000000000035e-04
2.196490000000000107e-04 1.322080000000000000e-03
6.478419999999999546e-05 2.086939999999999802e-03
-1.700569999999999881e-04 2.516749999999999890e-03
-4.943880000000000106e-04 2.640009999999999926e-03
-8.941949999999999725e-04 2.518129999999999934e-03
-1.319150000000000053e-03 2.167109999999999870e-03
-1.682649999999999944e-03 1.550850000000000102e-03
-1.879830000000000086e-03 6.685719999999999814e-04
-1.819960000000000024e-03 -3.473589999999999924e-04
-1.460729999999999928e-03 -1.254899999999999982e-03
-8.277640000000000388e-04 -1.848489999999999942e-03
-9.802850000000000512e-06 -2.041429999999999894e-03
8.656669999999999773e-04 -1.843500000000000087e-03
1.662470000000000094e-03 -1.331769999999999916e-03
2.259999999999999856e-03 -6.697629999999999773e-04
2.568480000000000155e-03 -6.632419999999999765e-05
2.537310000000000086e-03 3.292079999999999963e-04
2.159990000000000087e-03 4.716249999999999848e-04
1.478039999999999909e-03 3.994739999999999771e-04
5.827220000000000360e-04 1.527070000000000001e-04
-3.901560000000000097e-04 -2.307119999999999961e-04
-1.279020000000000070e-03 -6.523819999999999619e-04
-1.929560000000000086e-03 -9.532559999999999818e-04
-2.233300000000000129e-03 -9.571649999999999473e-04
-2.156920000000000105e-03 -5.622140000000000080e-04
-1.749920000000000078e-03 1.942699999999999950e-04
-1.128239999999999972e-03 1.158109999999999955e-03
-4.408290000000000038e-04 2.072790000000000136e-03
1.691960000000000111e-04 2.629090000000000159e-03
5.967910000000000532e-04 2.643270000000000081e-03
7.917980000000000244e-04 2.136289999999999890e-03
7.606789999999999993e-04 1.246960000000000082e-03
5.593450000000000462e-04 1.147549999999999948e-04
2.805910000000000110e-04 -1.119460000000000073e-03
3.402099999999999835e-05 -2.243489999999999894e-03
-8.205560000000000089e-05 -3.028419999999999983e-03
-1.008359999999999948e-05 -3.298279999999999788e-03
2.466370000000000172e-04 -2.987370000000000043e-03
6.216019999999999619e-04 -2.142390000000000093e-03
1.001549999999999923e-03 -8.684190000000000485e-04
1.257120000000000026e-03 5.978230000000000393e-04
1.280349999999999978e-03 1.887950000000000001e-03
1.017310000000000002e-03 2.677639999999999795e-03
4.848070000000000222e-04 2.782730000000000186e-03
-2.316859999999999905e-04 2.161059999999999804e-03
-9.957060000000000650e-04 9.894220000000000011e-04
-1.649250000000000108e-03 -3.463809999999999893e-04
-2.047250000000000025e-03 -1.439860000000000055e-03
-2.089660000000000128e-03 -1.974360000000000091e-03
-1.746149999999999916e-03 -1.807730000000000014e-03
-1.068350000000000029e-03 -1.033920000000000021e-03
-1.859420000000000029e-04 1.219100000000000034e-04
7.153580000000000312e-04 1.368089999999999975e-03
1.434600000000000068e-03 2.302810000000000187e-03
1.809370000000000032e-03 2.552000000000000015e-03
1.765290000000000088e-03 1.948719999999999923e-03
1.341699999999999924e-03 6.012940000000000472e-04
6.824970000000000082e-04 -1.154499999999999927e-03
-5.489889999999999881e-06 -2.879150000000000025e-03
-5.148470000000000260e-04 -4.040619999999999976e-03
-7.026099999999999967e-04 -4.194309999999999705e-03
-5.354690000000000057e-04 -3.217910000000000041e-03
-9.880390000000000450e-05 -1.352600000000000026e-03
4.322470000000000240e-04 8.844960000000000235e-04
8.489889999999999720e-04 2.857319999999999999e-03
9.754969999999999744e-04 3.980369999999999568e-03
7.250250000000000184e-04 3.975959999999999737e-03
1.297500000000000096e-04 2.907900000000000155e-03
-6.630470000000000504e-04 1.086740000000000102e-03
-1.428690000000000038e-03 -9.231190000000000229e-04
-1.930279999999999930e-03 -2.465970000000000054e-03
-1.993159999999999897e-03 -3.053919999999999899e-03
-1.563200000000000050e-03 -2.589629999999999883e-03
-7.286540000000000204e-04 -1.304189999999999993e-03
3.005099999999999807e-04 4.067909999999999885e-04
1.251780000000000080e-03 1.948019999999999960e-03
1.873609999999999946e-03 2.729890000000000008e-03
2.014929999999999846e-03 2.454329999999999793e-03
1.671589999999999925e-03 1.195150000000000075e-03
9.836870000000000162e-04 -6.259650000000000283e-04
1.854670000000000049e-04 -2.382930000000000118e-03
-4.746320000000000053e-04 -3.444040000000000209e-03
-8.160479999999999904e-04 -3.406360000000000204e-03
-7.818750000000000179e-04 -2.268800000000000070e-03
-4.501919999999999750e-04 -4.116699999999999938e-04
1.010630000000000097e-06 1.528870000000000099e-03
3.623380000000000264e-04 2.865379999999999837e-03
4.701479999999999852e-04 3.179270000000000099e-03
2.640459999999999856e-04 2.493110000000000204e-03
-1.937580000000000107e-04 1.157760000000000082e-03
-7.411689999999999641e-04 -3.057339999999999971e-04
-1.173849999999999937e-03 -1.345630000000000003e-03
-1.319569999999999944e-03 -1.608220000000000049e-03
-1.102190000000000071e-03 -1.098730000000000019e-03
-5.710690000000000037e-04 -1.397779999999999888e-04
1.156879999999999942e-04 7.900679999999999986e-04
7.482790000000000231e-04 1.261130000000000063e-03
1.141529999999999975e-03 1.070399999999999997e-03
1.201309999999999921e-03 3.119740000000000187e-04
9.552589999999999693e-04 -6.827419999999999626e-04
5.358379999999999610e-04 -1.498420000000000090e-03
1.230380000000000102e-04 -1.814690000000000096e-03
-1.296819999999999961e-04 -1.532259999999999915e-03
-1.555989999999999988e-04 -7.990859999999999587e-04
3.483760000000000167e-06 7.178239999999999903e-05
2.219640000000000046e-04 7.509459999999999486e-04
3.499679999999999805e-04 1.031730000000000017e-03
2.815280000000000191e-04 8.998810000000000532e-04
2.134500000000000062e-06 5.133219999999999754e-04
-4.042469999999999939e-04 1.095310000000000055e-04
-7.908299999999999618e-04 -1.113110000000000054e-04
-1.010140000000000083e-03 -7.115940000000000177e-05
-9.755159999999999483e-04 1.688709999999999896e-04
-6.958379999999999470e-04 4.574949999999999828e-04
-2.695950000000000234e-04 6.344150000000000440e-04
1.579499999999999904e-04 6.012500000000000049e-04
4.550479999999999976e-04 3.530189999999999891e-04
5.549179999999999478e-04 -3.140349999999999842e-05
4.767039999999999949e-04 -4.257889999999999852e-04
3.083590000000000202e-04 -7.081589999999999803e-04
1.610220000000000043e-04 -8.069820000000000335e-04
1.167259999999999934e-04 -7.216209999999999812e-04
1.930740000000000017e-04 -5.124710000000000203e-04
3.396030000000000077e-04 -2.687240000000000245e-04
4.654619999999999830e-04 -6.973050000000000602e-05
4.840329999999999785e-04 4.353840000000000314e-05
3.534690000000000271e-04 7.683719999999999678e-05
9.533019999999999743e-05 7.037859999999999732e-05
-2.155389999999999975e-04 7.411230000000000530e-05
-4.835829999999999946e-04 1.226929999999999991e-04
-6.318930000000000163e-04 2.206490000000000079e-04
-6.309860000000000468e-04 3.425130000000000188e-04
-5.056610000000000228e-04 4.457919999999999765e-04
-3.190010000000000176e-04 4.897309999999999771e-04
-1.424689999999999941e-04 4.515410000000000192e-04
-2.611589999999999843e-05 3.340530000000000083e-04
1.850749999999999856e-05 1.630690000000000069e-04
1.679289999999999977e-05 -2.309999999999999906e-05
1.353380000000000076e-05 -1.868919999999999989e-04
4.863479999999999724e-05 -3.024169999999999745e-04
1.373310000000000036e-04 -3.606619999999999835e-04
2.631910000000000217e-04 -3.682269999999999966e-04
3.859360000000000264e-04 -3.412539999999999823e-04
4.595479999999999986e-04 -2.975140000000000250e-04
4.521169999999999811e-04 -2.497259999999999736e-04
3.588159999999999744e-04 -2.022489999999999943e-04
2.030430000000000006e-04 -1.517810000000000025e-04
2.616160000000000038e-05 -9.125159999999999890e-05
-1.289589999999999964e-04 -1.507190000000000049e-05
-2.332579999999999951e-04 7.643809999999999581e-05
-2.795130000000000054e-04 1.751420000000000114e-04
-2.805980000000000128e-04 2.664219999999999913e-04
-2.598799999999999851e-04 3.332510000000000116e-04
-2.387799999999999873e-04 3.614800000000000153e-04
-2.271960000000000114e-04 3.443969999999999757e-04
-2.206379999999999973e-04 2.849139999999999897e-04
-2.045639999999999882e-04 1.946329999999999913e-04
-1.632550000000000082e-04 9.022930000000000024e-05
