-2.646549999999999965e-08 8.853120000000000332e-07
-1.727440000000000015e-07 3.415590000000000107e-06
-5.521550000000000100e-07 6.576620000000000401e-06
-1.271870000000000072e-06 1.206640000000000021e-05
-2.695549999999999967e-06 2.700489999999999957e-05
-5.857560000000000208e-06 6.049130000000000137e-05
-1.241350000000000066e-05 1.143739999999999996e-04
-2.361159999999999938e-05 1.727950000000000015e-04
-3.883259999999999815e-05 2.093990000000000055e-04
-5.493379999999999910e-05 1.957709999999999930e-04
-6.679359999999999692e-05 1.093890000000000059e-04
-6.888480000000000156e-05 -4.221810000000000157e-05
-5.745579999999999969e-05 -2.146550000000000107e-04
-3.187460000000000141e-05 -3.520730000000000018e-04
6.251960000000000193e-06 -4.210379999999999895e-04
5.538350000000000261e-05 -4.274540000000000175e-04
1.150980000000000015e-04 -4.088590000000000236e-04
1.841210000000000080e-04 -4.096139999999999851e-04
2.564810000000000267e-04 -4.481889999999999876e-04
3.189809999999999738e-04 -4.932689999999999558e-04
3.531540000000000005e-04 -4.822280000000000186e-04
3.426459999999999988e-04 -3.731620000000000163e-04
2.822400000000000082e-04 -1.672339999999999916e-04
1.812759999999999903e-04 1.048090000000000057e-04
5.796630000000000098e-05 3.922740000000000189e-04
-7.090080000000000395e-05 6.338630000000000262e-04
-1.969829999999999943e-04 7.868480000000000396e-04
-3.198809999999999956e-04 8.505919999999999497e-04
-4.405839999999999952e-04 8.623969999999999900e-04
-5.540130000000000098e-04 8.727640000000000484e-04
-6.455719999999999644e-04 9.042160000000000041e-04
-6.932390000000000080e-04 9.142759999999999993e-04
-6.742039999999999709e-04 8.219920000000000134e-04
-5.743690000000000297e-04 5.733259999999999789e-04
-3.963880000000000138e-04 1.617500000000000014e-04
-1.604730000000000067e-04 -3.670160000000000111e-04
1.030489999999999954e-04 -9.128800000000000282e-04
3.645780000000000049e-04 -1.356929999999999898e-03
6.032779999999999523e-04 -1.614119999999999921e-03
8.083539999999999519e-04 -1.664979999999999932e-03
9.736740000000000022e-04 -1.556620000000000096e-03
1.089670000000000048e-03 -1.367369999999999914e-03
1.138160000000000040e-03 -1.159550000000000077e-03
1.094509999999999927e-03 -9.551229999999999963e-04
9.374780000000000526e-04 -7.238659999999999843e-04
6.618330000000000176e-04 -4.059479999999999968e-04
2.870899999999999906e-04 3.337769999999999724e-05
-1.423800000000000022e-04 5.701869999999999942e-04
-5.676550000000000259e-04 1.132839999999999975e-03
-9.328980000000000388e-04 1.640350000000000055e-03
-1.202020000000000042e-03 2.023120000000000213e-03
-1.364680000000000060e-03 2.221429999999999932e-03
-1.428229999999999951e-03 2.190800000000000126e-03
-1.402089999999999934e-03 1.913009999999999928e-03
-1.286309999999999927e-03 1.422730000000000088e-03
-1.072339999999999969e-03 8.047319999999999517e-04
-7.530269999999999716e-04 1.274550000000000054e-04
-3.326690000000000094e-04 -5.713060000000000490e-04
1.667100000000000081e-04 -1.239450000000000014e-03
7.031900000000000216e-04 -1.810580000000000002e-03
1.217680000000000064e-03 -2.209909999999999826e-03
1.642510000000000020e-03 -2.375289999999999953e-03
1.915959999999999972e-03 -2.311399999999999913e-03
1.998409999999999943e-03 -2.079140000000000155e-03
1.881539999999999905e-03 -1.739469999999999905e-03
1.584700000000000084e-03 -1.308920000000000092e-03
1.142140000000000039e-03 -7.618609999999999619e-04
5.920940000000000404e-04 -8.255939999999999427e-05
-2.506820000000000166e-05 6.998030000000000353e-04
-6.622839999999999630e-04 1.511919999999999931e-03
-1.263849999999999956e-03 2.251459999999999833e-03
-1.771020000000000103e-03 2.805080000000000160e-03
-2.132259999999999971e-03 3.068580000000000006e-03
-2.311199999999999800e-03 2.971220000000000111e-03
-2.288029999999999925e-03 2.492219999999999852e-03
-2.056409999999999835e-03 1.677770000000000086e-03
-1.621999999999999961e-03 6.589760000000000279e-04
-1.006589999999999915e-03 -3.810449999999999948e-04
-2.538209999999999945e-04 -1.285109999999999898e-03
5.699389999999999925e-04 -1.964749999999999917e-03
1.381679999999999931e-03 -2.402580000000000080e-03
2.092109999999999890e-03 -2.631510000000000099e-03
2.617110000000000183e-03 -2.703080000000000066e-03
2.887610000000000090e-03 -2.616629999999999998e-03
2.857450000000000094e-03 -2.316250000000000166e-03
2.512710000000000030e-03 -1.783789999999999942e-03
1.881260000000000050e-03 -1.033220000000000059e-03
1.033939999999999903e-03 -1.095589999999999992e-04
7.219419999999999397e-05 8.963509999999999837e-04
-8.937220000000000060e-04 1.871150000000000027e-03
-1.765590000000000041e-03 2.684649999999999797e-03
-2.467159999999999926e-03 3.196510000000000063e-03
-2.941630000000000199e-03 3.293340000000000069e-03
-3.144290000000000106e-03 2.914270000000000055e-03
-3.040460000000000038e-03 2.099530000000000059e-03
-2.615569999999999787e-03 1.054170000000000107e-03
-1.891590000000000068e-03 3.553090000000000230e-05
-9.344829999999999500e-04 -7.781500000000000222e-04
1.542799999999999933e-04 -1.333280000000000055e-03
1.254970000000000000e-03 -1.693229999999999996e-03
2.243960000000000139e-03 -1.932090000000000023e-03
3.001510000000000202e-03 -2.085179999999999846e-03
3.422220000000000123e-03 -2.165110000000000038e-03
3.434509999999999993e-03 -2.111480000000000214e-03
3.022180000000000179e-03 -1.809540000000000107e-03
2.237119999999999994e-03 -1.217119999999999921e-03
1.194780000000000104e-03 -3.987059999999999736e-04
5.013500000000000026e-05 4.695419999999999846e-04
-1.038089999999999976e-03 1.171310000000000059e-03
-1.941769999999999998e-03 1.580390000000000093e-03
-2.581509999999999968e-03 1.647800000000000046e-03
-2.922099999999999958e-03 1.444610000000000035e-03
-2.956419999999999968e-03 1.157669999999999966e-03
-2.692040000000000145e-03 9.531490000000000318e-04
-2.148129999999999831e-03 8.776819999999999631e-04
-1.362469999999999957e-03 8.253730000000000138e-04
-4.036740000000000250e-04 6.457290000000000512e-04
6.185690000000000199e-04 2.887359999999999948e-04
1.557489999999999916e-03 -1.820269999999999972e-04
2.258019999999999906e-03 -6.629850000000000500e-04
2.603400000000000072e-03 -1.038309999999999971e-03
2.554700000000000026e-03 -1.221649999999999906e-03
2.161419999999999834e-03 -1.219950000000000027e-03
1.539180000000000019e-03 -1.143090000000000035e-03
8.274299999999999841e-04 -1.130319999999999979e-03
1.464690000000000100e-04 -1.215289999999999947e-03
-4.296689999999999819e-04 -1.284849999999999924e-03
-8.742959999999999924e-04 -1.166139999999999972e-03
-1.186570000000000073e-03 -7.398010000000000003e-04
-1.365480000000000079e-03 -5.117880000000000033e-06
-1.399379999999999982e-03 8.988270000000000461e-04
-1.277149999999999900e-03 1.728280000000000007e-03
-1.011039999999999942e-03 2.268140000000000087e-03
-6.533560000000000105e-04 2.434309999999999859e-03
-2.901210000000000095e-04 2.247180000000000098e-03
-9.283999999999999542e-06 1.795029999999999976e-03
1.385520000000000111e-04 1.193629999999999995e-03
1.630889999999999966e-04 5.026030000000000124e-04
1.283300000000000131e-04 -2.859779999999999918e-04
1.202410000000000029e-04 -1.162910000000000072e-03
2.034299999999999954e-04 -2.005779999999999976e-03
3.894950000000000105e-04 -2.601950000000000009e-03
6.359809999999999812e-04 -2.787640000000000083e-03
8.747919999999999958e-04 -2.517450000000000070e-03
1.046089999999999954e-03 -1.834069999999999928e-03
1.113129999999999935e-03 -8.437670000000000413e-04
1.056450000000000011e-03 2.549930000000000165e-04
8.641809999999999986e-04 1.212579999999999995e-03
5.317339999999999610e-04 1.844329999999999928e-03
7.069060000000000382e-05 2.087079999999999838e-03
-4.802879999999999931e-04 1.981450000000000052e-03
-1.049629999999999964e-03 1.583109999999999986e-03
-1.537769999999999936e-03 9.505790000000000073e-04
-1.837579999999999899e-03 2.002750000000000027e-04
-1.866770000000000018e-03 -4.968309999999999870e-04
-1.597670000000000036e-03 -9.555269999999999606e-04
-1.068740000000000098e-03 -1.057369999999999968e-03
-3.724479999999999956e-04 -8.036439999999999513e-04
3.709489999999999749e-04 -2.898450000000000006e-04
1.039949999999999989e-03 2.975799999999999799e-04
1.532479999999999910e-03 7.115240000000000540e-04
1.778819999999999967e-03 8.034679999999999990e-04
1.746809999999999899e-03 5.899879999999999491e-04
1.445560000000000031e-03 1.661350000000000077e-04
9.321169999999999933e-04 -3.953839999999999807e-04
3.124220000000000252e-04 -1.021299999999999942e-03
-2.793329999999999902e-04 -1.557650000000000050e-03
-7.220300000000000242e-04 -1.829560000000000040e-03
-9.470159999999999603e-04 -1.716869999999999898e-03
-9.526660000000000163e-04 -1.204039999999999971e-03
-7.905800000000000370e-04 -3.644659999999999762e-04
-5.393919999999999748e-04 7.054119999999999878e-04
-2.811609999999999869e-04 1.809630000000000006e-03
-8.267750000000000251e-05 2.640780000000000124e-03
1.680829999999999965e-05 2.941920000000000212e-03
9.007650000000000062e-06 2.589479999999999907e-03
-8.454919999999999341e-05 1.586750000000000053e-03
-2.160300000000000035e-04 1.383099999999999954e-04
-3.217809999999999876e-04 -1.362410000000000097e-03
-3.389029999999999907e-04 -2.522330000000000145e-03
-2.223480000000000064e-04 -3.053010000000000099e-03
3.989450000000000233e-05 -2.842690000000000147e-03
4.166649999999999824e-04 -2.003689999999999811e-03
8.316919999999999782e-04 -7.596480000000000289e-04
1.173149999999999974e-03 6.152729999999999484e-04
1.322309999999999935e-03 1.743540000000000020e-03
1.198269999999999978e-03 2.274449999999999909e-03
7.955209999999999886e-04 2.052930000000000119e-03
1.921079999999999977e-04 1.171299999999999902e-03
-4.737969999999999769e-04 -9.048890000000000026e-05
-1.043780000000000012e-03 -1.382500000000000048e-03
-1.382289999999999994e-03 -2.272150000000000124e-03
-1.414480000000000078e-03 -2.395229999999999929e-03
-1.145879999999999945e-03 -1.664670000000000039e-03
-6.566319999999999839e-04 -2.948030000000000030e-04
-7.644500000000000416e-05 1.285169999999999976e-03
4.491979999999999910e-04 2.566409999999999872e-03
7.952039999999999846e-04 3.095999999999999794e-03
8.881409999999999522e-04 2.699060000000000088e-03
7.252989999999999958e-04 1.486710000000000028e-03
3.792849999999999846e-04 -2.445270000000000256e-04
-1.864509999999999873e-05 -1.993550000000000183e-03
-3.213709999999999831e-04 -3.197989999999999947e-03
-4.199790000000000120e-04 -3.469910000000000095e-03
-2.818140000000000228e-04 -2.787899999999999840e-03
4.197009999999999988e-05 -1.406799999999999934e-03
4.332970000000000224e-04 3.124900000000000117e-04
7.439459999999999953e-04 1.848940000000000089e-03
8.478889999999999995e-04 2.696609999999999892e-03
6.880999999999999747e-04 2.616779999999999974e-03
2.962509999999999796e-04 1.688870000000000085e-03
-2.197450000000000043e-04 2.743309999999999998e-04
-7.122909999999999875e-04 -1.112689999999999946e-03
-1.041129999999999920e-03 -1.967389999999999851e-03
-1.116239999999999897e-03 -1.982990000000000013e-03
-9.232080000000000147e-04 -1.185740000000000014e-03
-5.249280000000000265e-04 1.009489999999999986e-04
-4.068939999999999704e-05 1.367830000000000001e-03
3.920279999999999945e-04 2.086419999999999855e-03
6.607520000000000190e-04 1.979739999999999799e-03
7.098830000000000201e-04 1.148039999999999911e-03
5.545009999999999956e-04 -6.809779999999999707e-05
2.757880000000000097e-04 -1.234150000000000047e-03
-5.858959999999999890e-06 -1.922340000000000030e-03
-1.770119999999999918e-04 -1.894199999999999964e-03
-1.774120000000000016e-04 -1.222769999999999977e-03
-2.385450000000000005e-05 -2.302340000000000051e-04
1.987129999999999929e-04 6.683939999999999977e-04
3.745999999999999981e-04 1.139529999999999927e-03
4.071610000000000138e-04 1.063549999999999912e-03
2.600139999999999808e-04 5.636699999999999480e-04
-2.701259999999999951e-05 -7.288549999999999868e-05
-3.533580000000000141e-04 -5.350700000000000118e-04
-5.982490000000000247e-04 -6.260709999999999626e-04
-6.698700000000000357e-04 -3.385260000000000179e-04
-5.429280000000000304e-04 1.579039999999999979e-04
-2.686909999999999928e-04 6.084639999999999667e-04
4.696629999999999788e-05 7.990850000000000513e-04
2.882779999999999935e-04 6.505690000000000387e-04
3.779389999999999876e-04 2.412600000000000042e-04
3.080369999999999918e-04 -2.426109999999999985e-04
1.398829999999999887e-04 -6.004800000000000242e-04
-2.701930000000000065e-05 -7.088850000000000273e-04
-1.024119999999999946e-04 -5.675289999999999935e-04
-4.713480000000000144e-05 -2.818089999999999983e-04
1.097989999999999969e-04 1.926449999999999995e-06
2.864170000000000192e-04 1.693069999999999970e-04
3.877320000000000072e-04 1.823700000000000039e-04
3.514239999999999747e-04 7.943170000000000048e-05
1.775910000000000010e-04 -5.698279999999999930e-05
-7.150009999999999667e-05 -1.413099999999999871e-04
-3.010749999999999863e-04 -1.226260000000000013e-04
-4.276670000000000102e-04 -4.744820000000000423e-06
-4.153839999999999789e-04 1.608360000000000031e-04
-2.879170000000000015e-04 3.026929999999999833e-04
-1.125499999999999981e-04 3.630099999999999820e-04
3.394600000000000330e-05 3.210469999999999774e-04
1.001459999999999997e-04 1.974040000000000094e-04
7.968099999999999825e-05 4.003380000000000285e-05
8.508900000000000813e-06 -9.894189999999999539e-05
-5.670500000000000003e-05 -1.840339999999999934e-04
-6.757509999999999613e-05 -2.064830000000000083e-04
-6.698800000000000136e-06 -1.815909999999999898e-04
1.055750000000000048e-04 -1.370490000000000087e-04
2.221529999999999989e-04 -9.885729999999999962e-05
2.918269999999999827e-04 -8.098330000000000101e-05
2.825950000000000142e-04 -8.207400000000000058e-05
1.951250000000000131e-04 -8.914850000000000205e-05
6.094230000000000095e-05 -8.554579999999999671e-05
-7.285420000000000459e-05 -5.928129999999999771e-05
-1.644670000000000095e-04 -8.438400000000000387e-06
-1.940649999999999927e-04 5.814260000000000131e-05
-1.691300000000000019e-04 1.245569999999999935e-04
-1.171859999999999992e-04 1.739330000000000032e-04
-7.052550000000000095e-05 1.943079999999999970e-04
-5.073109999999999951e-05 1.821209999999999865e-04
-6.007410000000000137e-05 1.424080000000000094e-04
-8.295780000000000049e-05 8.617960000000000410e-05
-9.564590000000000526e-05 2.634369999999999987e-05
-7.894089999999999495e-05 -2.619979999999999943e-05
-2.770980000000000022e-05 -6.508929999999999360e-05
4.678820000000000038e-05 -8.911890000000000491e-05
1.221849999999999965e-04 -1.010940000000000048e-04
1.748850000000000036e-04 -1.055750000000000048e-04
1.897869999999999906e-04 -1.064150000000000035e-04
1.656410000000000087e-04 -1.049930000000000026e-04
1.141389999999999994e-04 -9.976619999999999358e-05
5.379740000000000097e-05 -8.728549999999999634e-05
1.824149999999999933e-06 -6.424269999999999395e-05
-3.227720000000000328e-05 -2.967189999999999962e-05
