-1.698799999999999965e-08 9.014609999999999483e-07
-1.179210000000000009e-07 3.517650000000000109e-06
-4.096949999999999903e-07 6.886979999999999747e-06
-1.031810000000000079e-06 1.273739999999999938e-05
-2.315990000000000081e-06 2.835849999999999962e-05
-5.100439999999999739e-06 6.338609999999999947e-05
-1.087549999999999947e-05 1.204560000000000000e-04
-2.131300000000000075e-05 1.840219999999999942e-04
-3.718040000000000066e-05 2.267269999999999995e-04
-5.718220000000000285e-05 2.177790000000000032e-04
-7.721849999999999938e-05 1.317719999999999981e-04
-9.059479999999999530e-05 -2.569650000000000037e-05
-8.961750000000000044e-05 -2.097579999999999931e-04
-6.805339999999999458e-05 -3.614089999999999816e-04
-2.314819999999999972e-05 -4.431169999999999792e-04
4.363579999999999987e-05 -4.585939999999999938e-04
1.269329999999999992e-04 -4.467240000000000143e-04
2.181200000000000055e-04 -4.556240000000000138e-04
3.058979999999999772e-04 -5.066460000000000278e-04
3.769490000000000124e-04 -5.673409999999999608e-04
4.173410000000000010e-04 -5.693430000000000409e-04
4.154769999999999796e-04 -4.635039999999999993e-04
3.659709999999999830e-04 -2.470500000000000148e-04
2.717849999999999737e-04 4.758459999999999838e-05
1.425719999999999895e-04 3.645599999999999926e-04
-9.701099999999999326e-06 6.380480000000000006e-04
-1.746560000000000029e-04 8.235640000000000452e-04
-3.444270000000000144e-04 9.206079999999999515e-04
-5.112260000000000415e-04 9.663259999999999905e-04
-6.635739999999999998e-04 1.009490000000000040e-03
-7.842450000000000376e-04 1.069609999999999918e-03
-8.517750000000000364e-04 1.100459999999999937e-03
-8.454649999999999969e-04 1.016580000000000001e-03
-7.524139999999999691e-04 7.592680000000000089e-04
-5.732820000000000450e-04 3.189630000000000156e-04
-3.229719999999999835e-04 -2.585810000000000235e-04
-2.564910000000000147e-05 -8.699139999999999521e-04
2.926219999999999776e-04 -1.389999999999999960e-03
6.092229999999999911e-04 -1.726010000000000044e-03
9.055229999999999833e-04 -1.850499999999999931e-03
1.162999999999999971e-03 -1.804110000000000045e-03
1.358389999999999901e-03 -1.661060000000000010e-03
1.462210000000000029e-03 -1.481579999999999920e-03
1.443609999999999902e-03 -1.286379999999999945e-03
1.280700000000000068e-03 -1.043599999999999996e-03
9.716020000000000125e-04 -6.909530000000000099e-04
5.405940000000000354e-04 -1.912689999999999876e-04
3.581369999999999899e-05 4.316599999999999973e-04
-4.815870000000000090e-04 1.102029999999999937e-03
-9.531290000000000422e-04 1.730479999999999952e-03
-1.336890000000000083e-03 2.236919999999999881e-03
-1.612850000000000091e-03 2.550709999999999870e-03
-1.777359999999999964e-03 2.615979999999999955e-03
-1.830779999999999951e-03 2.402370000000000026e-03
-1.766819999999999892e-03 1.933590000000000005e-03
-1.571120000000000069e-03 1.289100000000000055e-03
-1.229609999999999904e-03 5.405089999999999981e-04
-7.410230000000000506e-04 -2.653110000000000082e-04
-1.274749999999999950e-04 -1.066330000000000099e-03
5.613939999999999989e-04 -1.787890000000000095e-03
1.252800000000000094e-03 -2.346990000000000187e-03
1.862729999999999941e-03 -2.670350000000000154e-03
2.312149999999999796e-03 -2.748299999999999962e-03
2.543039999999999884e-03 -2.627879999999999973e-03
2.528480000000000050e-03 -2.360430000000000167e-03
2.273489999999999973e-03 -1.956849999999999996e-03
1.807769999999999993e-03 -1.386459999999999949e-03
1.175950000000000042e-03 -6.279620000000000297e-04
4.307070000000000082e-04 2.916390000000000041e-04
-3.697759999999999914e-04 1.292050000000000099e-03
-1.162709999999999959e-03 2.252940000000000151e-03
-1.882839999999999991e-03 3.036259999999999827e-03
-2.466830000000000151e-03 3.513319999999999898e-03
-2.858630000000000025e-03 3.593489999999999965e-03
-3.014000000000000186e-03 3.240789999999999903e-03
-2.903460000000000069e-03 2.488869999999999798e-03
-2.515429999999999923e-03 1.459369999999999981e-03
-1.861309999999999918e-03 3.329830000000000203e-04
-9.812090000000000308e-04 -7.250730000000000152e-04
5.294750000000000086e-05 -1.609390000000000039e-03
1.140399999999999964e-03 -2.282429999999999789e-03
2.161670000000000084e-03 -2.759000000000000168e-03
2.995119999999999987e-03 -3.075679999999999907e-03
3.535869999999999985e-03 -3.216440000000000098e-03
3.712200000000000135e-03 -3.105000000000000121e-03
3.496759999999999799e-03 -2.698550000000000081e-03
2.911289999999999972e-03 -1.989519999999999830e-03
2.022529999999999814e-03 -1.012620000000000100e-03
9.297590000000000542e-04 1.377550000000000118e-04
-2.525259999999999875e-04 1.333779999999999905e-03
-1.410919999999999969e-03 2.424599999999999846e-03
-2.443349999999999949e-03 3.245140000000000090e-03
-3.261539999999999839e-03 3.652509999999999871e-03
-3.789119999999999988e-03 3.551789999999999982e-03
-3.961509999999999684e-03 2.949460000000000102e-03
-3.734040000000000102e-03 2.026739999999999965e-03
-3.098010000000000000e-03 1.035490000000000022e-03
-2.095829999999999915e-03 1.648510000000000112e-04
-8.257839999999999799e-04 -5.160709999999999993e-04
5.673050000000000445e-04 -1.061719999999999938e-03
1.912669999999999995e-03 -1.543890000000000019e-03
3.039309999999999928e-03 -1.990940000000000071e-03
3.802859999999999921e-03 -2.393319999999999996e-03
4.109279999999999877e-03 -2.653389999999999829e-03
3.929799999999999786e-03 -2.613869999999999909e-03
3.303770000000000144e-03 -2.197719999999999795e-03
2.329480000000000092e-03 -1.451430000000000081e-03
1.144620000000000056e-03 -5.515879999999999915e-04
-9.909229999999999991e-05 2.720670000000000228e-04
-1.260719999999999896e-03 8.748900000000000210e-04
-2.227069999999999831e-03 1.189539999999999998e-03
-2.917240000000000198e-03 1.268180000000000045e-03
-3.279189999999999969e-03 1.276409999999999958e-03
-3.286030000000000114e-03 1.357300000000000086e-03
-2.937180000000000173e-03 1.534299999999999943e-03
-2.264910000000000187e-03 1.678910000000000038e-03
-1.342179999999999892e-03 1.619680000000000078e-03
-2.855329999999999782e-04 1.291510000000000054e-03
7.545860000000000154e-04 7.548259999999999996e-04
1.621049999999999965e-03 1.232960000000000067e-04
2.188760000000000098e-03 -4.689730000000000244e-04
2.398219999999999952e-03 -9.150799999999999733e-04
2.268379999999999962e-03 -1.201320000000000079e-03
1.883130000000000004e-03 -1.416020000000000039e-03
1.358910000000000066e-03 -1.675730000000000058e-03
8.073050000000000235e-04 -1.990860000000000112e-03
3.074439999999999790e-04 -2.225500000000000048e-03
-1.022329999999999951e-04 -2.186759999999999832e-03
-4.131750000000000006e-04 -1.742810000000000019e-03
-6.282409999999999774e-04 -8.927990000000000015e-04
-7.497359999999999788e-04 2.111600000000000044e-04
-7.806920000000000396e-04 1.302680000000000071e-03
-7.356319999999999526e-04 2.140099999999999815e-03
-6.501620000000000272e-04 2.613889999999999790e-03
-5.776110000000000098e-04 2.721499999999999961e-03
-5.688359999999999727e-04 2.527970000000000043e-03
-6.448219999999999733e-04 2.123490000000000013e-03
-7.782680000000000370e-04 1.542519999999999916e-03
-8.960679999999999730e-04 7.587060000000000505e-04
-9.045880000000000067e-04 -2.239929999999999948e-04
-7.283409999999999711e-04 -1.271079999999999953e-03
-3.444410000000000180e-04 -2.141409999999999841e-03
2.049560000000000075e-04 -2.634440000000000046e-03
8.279070000000000136e-04 -2.672159999999999813e-03
1.413949999999999972e-03 -2.275119999999999833e-03
1.862369999999999911e-03 -1.533070000000000092e-03
2.097130000000000001e-03 -6.246780000000000388e-04
2.070690000000000031e-03 2.241560000000000134e-04
1.764830000000000001e-03 8.472759999999999970e-04
1.193870000000000087e-03 1.184659999999999923e-03
4.109930000000000137e-04 1.262110000000000098e-03
-4.869939999999999794e-04 1.107839999999999910e-03
-1.364250000000000011e-03 7.485340000000000266e-04
-2.067030000000000083e-03 2.721390000000000180e-04
-2.459799999999999834e-03 -1.705140000000000009e-04
-2.463860000000000008e-03 -4.059620000000000004e-04
-2.081659999999999934e-03 -3.242799999999999784e-04
-1.396120000000000043e-03 6.128809999999999347e-05
-5.466890000000000508e-04 6.381960000000000540e-04
3.065319999999999850e-04 1.203810000000000036e-03
1.018779999999999946e-03 1.504130000000000007e-03
1.487019999999999922e-03 1.398579999999999962e-03
1.661930000000000048e-03 9.274059999999999769e-04
1.548890000000000032e-03 2.195200000000000124e-04
1.204350000000000082e-03 -6.199320000000000134e-04
7.279979999999999915e-04 -1.496689999999999956e-03
2.440889999999999868e-04 -2.245759999999999857e-03
-1.297709999999999879e-04 -2.680000000000000090e-03
-3.166029999999999908e-04 -2.658419999999999880e-03
-3.021750000000000130e-04 -2.142419999999999915e-03
-1.357540000000000016e-04 -1.194949999999999962e-03
8.885950000000000532e-05 7.649320000000000143e-05
2.638660000000000246e-04 1.447259999999999909e-03
3.008250000000000073e-04 2.573549999999999970e-03
1.562850000000000122e-04 3.163120000000000168e-03
-1.581580000000000128e-04 3.063460000000000055e-03
-5.800210000000000088e-04 2.255909999999999860e-03
-1.009619999999999919e-03 9.283769999999999783e-04
-1.331399999999999945e-03 -5.353989999999999878e-04
-1.439809999999999918e-03 -1.741069999999999944e-03
-1.265400000000000075e-03 -2.387289999999999811e-03
-7.971459999999999874e-04 -2.341820000000000099e-03
-9.518119999999999597e-05 -1.695440000000000098e-03
7.121389999999999795e-04 -6.539539999999999936e-04
1.449870000000000022e-03 5.230190000000000013e-04
1.937939999999999975e-03 1.469739999999999979e-03
2.044779999999999948e-03 1.842010000000000045e-03
1.733149999999999925e-03 1.485769999999999973e-03
1.077389999999999902e-03 4.953009999999999661e-04
2.445459999999999995e-04 -8.389339999999999471e-04
-5.531349999999999548e-04 -2.148170000000000027e-03
-1.119310000000000097e-03 -2.980730000000000011e-03
-1.330749999999999902e-03 -2.961720000000000151e-03
-1.171320000000000000e-03 -2.008359999999999833e-03
-7.314830000000000030e-04 -3.578969999999999786e-04
-1.761049999999999953e-04 1.521409999999999950e-03
3.068650000000000240e-04 3.074749999999999792e-03
5.623089999999999859e-04 3.807800000000000074e-03
5.129890000000000448e-04 3.518139999999999896e-03
1.816280000000000032e-04 2.308300000000000109e-03
-3.138750000000000264e-04 4.831190000000000072e-04
-7.927729999999999803e-04 -1.436530000000000099e-03
-1.067589999999999989e-03 -2.859379999999999908e-03
-1.008049999999999918e-03 -3.361260000000000029e-03
-5.884879999999999669e-04 -2.885589999999999943e-03
9.900289999999999362e-05 -1.665360000000000061e-03
8.683729999999999748e-04 -5.763989999999999679e-05
1.494670000000000026e-03 1.407360000000000078e-03
1.786840000000000043e-03 2.208610000000000174e-03
1.652089999999999939e-03 2.094280000000000013e-03
1.126510000000000055e-03 1.141000000000000087e-03
3.618280000000000194e-04 -2.781470000000000188e-04
-4.255160000000000236e-04 -1.627149999999999951e-03
-1.024649999999999997e-03 -2.379940000000000094e-03
-1.295909999999999944e-03 -2.221139999999999920e-03
-1.209889999999999924e-03 -1.189270000000000084e-03
-8.486280000000000342e-04 3.587460000000000106e-04
-3.708340000000000074e-04 1.867189999999999909e-03
4.646750000000000191e-05 2.760820000000000201e-03
2.694169999999999855e-04 2.728869999999999994e-03
2.496390000000000132e-04 1.861929999999999922e-03
3.501760000000000164e-05 5.181300000000000011e-04
-2.515199999999999771e-04 -8.321760000000000095e-04
-4.592139999999999981e-04 -1.721510000000000097e-03
-4.685420000000000145e-04 -1.878780000000000033e-03
-2.397929999999999994e-04 -1.357359999999999947e-03
1.690600000000000110e-04 -4.748590000000000016e-04
6.229690000000000184e-04 3.453649999999999841e-04
9.615259999999999823e-04 7.551980000000000021e-04
1.061620000000000098e-03 6.240409999999999837e-04
8.856629999999999668e-04 7.612180000000000021e-05
4.956059999999999979e-04 -5.861399999999999683e-04
2.692739999999999904e-05 -1.028529999999999939e-03
-3.663280000000000204e-04 -1.035200000000000009e-03
-5.722929999999999771e-04 -5.957290000000000285e-04
-5.623310000000000071e-04 1.021000000000000016e-04
-3.957100000000000179e-04 7.684200000000000188e-04
-1.872090000000000028e-04 1.148649999999999975e-03
-5.298140000000000065e-05 1.131209999999999898e-03
-5.879420000000000029e-05 7.795089999999999528e-04
-1.929660000000000088e-04 2.838979999999999846e-04
-3.749949999999999833e-04 -1.374810000000000073e-04
-4.949569999999999708e-04 -3.393620000000000078e-04
-4.653619999999999805e-04 -3.038030000000000049e-04
-2.621219999999999952e-04 -1.269949999999999996e-04
6.329630000000000586e-05 4.624609999999999756e-05
4.053479999999999822e-04 9.990149999999999887e-05
6.493609999999999920e-04 -3.399119999999999907e-06
7.196490000000000482e-04 -2.189319999999999971e-04
6.094619999999999595e-04 -4.517149999999999941e-04
3.798890000000000079e-04 -6.004680000000000521e-04
1.291879999999999971e-04 -5.997869999999999547e-04
-5.234460000000000024e-05 -4.450410000000000238e-04
-1.205719999999999969e-04 -1.890410000000000083e-04
-9.165099999999999376e-05 8.451870000000000108e-05
-2.711700000000000143e-05 2.970049999999999795e-04
1.063179999999999916e-06 4.039830000000000114e-04
-5.236839999999999822e-05 4.062599999999999762e-04
-1.842819999999999951e-04 3.407099999999999821e-04
-3.460439999999999957e-04 2.577319999999999915e-04
-4.678950000000000188e-04 1.970410000000000130e-04
-4.919860000000000292e-04 1.724849999999999994e-04
-3.982960000000000233e-04 1.710790000000000065e-04
-2.122079999999999984e-04 1.643729999999999931e-04
8.199990000000000412e-06 1.252120000000000067e-04
1.978290000000000061e-04 4.168610000000000056e-05
3.108019999999999967e-04 -7.738369999999999570e-05
3.358529999999999979e-04 -2.065059999999999910e-04
2.953540000000000050e-04 -3.140509999999999786e-04
2.301980000000000074e-04 -3.740500000000000118e-04
1.787210000000000122e-04 -3.744959999999999869e-04
1.596289999999999992e-04 -3.196240000000000149e-04
1.660630000000000125e-04 -2.263730000000000093e-04
1.723460000000000064e-04 -1.173370000000000050e-04
1.491150000000000114e-04 -1.326199999999999940e-05
7.919580000000000499e-05 7.226839999999999404e-05
-3.310369999999999952e-05 1.346259999999999948e-04
-1.630590000000000121e-04 1.764729999999999890e-04
-2.758099999999999766e-04 2.038920000000000055e-04
-3.406700000000000028e-04 2.221129999999999925e-04
-3.429230000000000234e-04 2.325329999999999910e-04
-2.881849999999999928e-04 2.320719999999999966e-04
-1.981349999999999995e-04 2.149089999999999985e-04
-1.002919999999999945e-04 1.757539999999999981e-04
-1.686989999999999920e-05 1.132099999999999952e-04
4.238409999999999964e-05 3.181320000000000231e-05
8.079970000000000500e-05 -5.812370000000000053e-05
1.094589999999999967e-04 -1.428559999999999889e-04
1.391599999999999890e-04 -2.088760000000000107e-04
1.737440000000000089e-04 -2.465489999999999869e-04
