-3.702770000000000274e-08 8.575960000000000515e-07
-2.256940000000000091e-07 3.245820000000000037e-06
-6.560999999999999524e-07 6.079449999999999874e-06
-1.367510000000000100e-06 1.102350000000000042e-05
-2.761179999999999794e-06 2.490570000000000110e-05
-6.051069999999999987e-06 5.594500000000000053e-05
-1.282259999999999985e-05 1.048390000000000037e-04
-2.342060000000000070e-05 1.555089999999999912e-04
-3.562159999999999789e-05 1.833899999999999907e-04
-4.525040000000000301e-05 1.636270000000000107e-04
-4.808940000000000073e-05 7.774749999999999381e-05
-4.172700000000000215e-05 -6.388159999999999498e-05
-2.669990000000000164e-05 -2.171440000000000067e-04
-5.714919999999999825e-06 -3.303989999999999922e-04
1.950850000000000134e-05 -3.766449999999999963e-04
5.108470000000000236e-05 -3.669720000000000230e-04
9.363739999999999900e-05 -3.401780000000000082e-04
1.485389999999999953e-04 -3.378260000000000009e-04
2.081600000000000128e-04 -3.736020000000000053e-04
2.552279999999999762e-04 -4.126290000000000231e-04
2.693129999999999743e-04 -3.927150000000000237e-04
2.381329999999999916e-04 -2.767480000000000005e-04
1.662310000000000014e-04 -7.275569999999999867e-05
7.262670000000000041e-05 1.821539999999999911e-04
-2.193769999999999835e-05 4.333960000000000091e-04
-1.071380000000000032e-04 6.209469999999999486e-04
-1.851350000000000088e-04 7.109049999999999571e-04
-2.634080000000000232e-04 7.169760000000000282e-04
-3.453899999999999982e-04 6.888519999999999973e-04
-4.247869999999999836e-04 6.796690000000000413e-04
-4.852699999999999939e-04 7.037639999999999521e-04
-5.042129999999999919e-04 7.076650000000000084e-04
-4.602049999999999891e-04 6.075880000000000516e-04
-3.445270000000000168e-04 3.586700000000000066e-04
-1.701870000000000021e-04 -3.037789999999999929e-05
3.128400000000000066e-05 -5.018180000000000123e-04
2.249069999999999932e-04 -9.534809999999999466e-04
3.880059999999999846e-04 -1.276940000000000063e-03
5.162110000000000353e-04 -1.408229999999999899e-03
6.173389999999999520e-04 -1.352630000000000065e-03
6.984619999999999544e-04 -1.176139999999999998e-03
7.545600000000000397e-04 -9.623820000000000161e-04
7.653399999999999873e-04 -7.646579999999999827e-04
7.027780000000000398e-04 -5.887200000000000419e-04
5.461970000000000020e-04 -3.918470000000000178e-04
2.966660000000000087e-04 -1.138250000000000020e-04
-1.678039999999999946e-05 2.678949999999999821e-04
-3.427309999999999818e-04 7.131769999999999516e-04
-6.242539999999999764e-04 1.142020000000000101e-03
-8.205960000000000424e-04 1.480280000000000051e-03
-9.215169999999999525e-04 1.679820000000000054e-03
-9.437000000000000076e-04 1.711250000000000097e-03
-9.113339999999999722e-04 1.561270000000000019e-03
-8.358719999999999822e-04 1.234990000000000046e-03
-7.104159999999999555e-04 7.746829999999999689e-04
-5.211659999999999904e-04 2.537029999999999797e-04
-2.626010000000000020e-04 -2.829609999999999764e-04
5.615139999999999910e-05 -8.185370000000000406e-04
4.110699999999999792e-04 -1.310280000000000038e-03
7.631689999999999568e-04 -1.693740000000000002e-03
1.061670000000000018e-03 -1.899679999999999945e-03
1.255320000000000090e-03 -1.881419999999999967e-03
1.310369999999999938e-03 -1.664749999999999997e-03
1.224309999999999938e-03 -1.327800000000000074e-03
1.022410000000000072e-03 -9.406380000000000427e-04
7.381210000000000028e-04 -5.247509999999999501e-04
3.947129999999999866e-04 -5.984039999999999715e-05
5.109940000000000241e-06 4.665709999999999888e-04
-4.121239999999999864e-04 1.031620000000000020e-03
-8.197939999999999915e-04 1.580610000000000088e-03
-1.166890000000000071e-03 2.036290000000000062e-03
-1.406520000000000079e-03 2.309719999999999916e-03
-1.510639999999999943e-03 2.320099999999999853e-03
-1.471690000000000107e-03 2.023919999999999799e-03
-1.295120000000000082e-03 1.432200000000000010e-03
-9.928630000000000788e-04 6.184019999999999925e-04
-5.841130000000000367e-04 -2.780349999999999900e-04
-1.000519999999999968e-04 -1.092700000000000051e-03
4.163099999999999765e-04 -1.707289999999999979e-03
9.173080000000000339e-04 -2.074480000000000074e-03
1.356970000000000095e-03 -2.205780000000000067e-03
1.690909999999999896e-03 -2.149059999999999946e-03
1.874669999999999939e-03 -1.964730000000000035e-03
1.867460000000000040e-03 -1.663720000000000043e-03
1.643029999999999968e-03 -1.209079999999999964e-03
1.206159999999999958e-03 -6.059659999999999916e-04
6.044689999999999482e-04 1.116529999999999964e-04
-7.898730000000000182e-05 8.869400000000000157e-04
-7.504039999999999799e-04 1.627909999999999991e-03
-1.330889999999999938e-03 2.234959999999999811e-03
-1.768510000000000047e-03 2.611909999999999839e-03
-2.033679999999999950e-03 2.673270000000000160e-03
-2.107589999999999898e-03 2.371630000000000005e-03
-1.976059999999999969e-03 1.705270000000000050e-03
-1.633850000000000059e-03 7.498879999999999869e-04
-1.097639999999999987e-03 -2.862230000000000004e-04
-4.162939999999999956e-04 -1.170419999999999924e-03
3.358179999999999889e-04 -1.760030000000000101e-03
1.077049999999999969e-03 -2.029430000000000036e-03
1.730900000000000060e-03 -2.056389999999999954e-03
2.224090000000000181e-03 -1.924920000000000103e-03
2.481639999999999801e-03 -1.688599999999999953e-03
2.439320000000000030e-03 -1.389470000000000071e-03
2.072280000000000129e-03 -1.001500000000000003e-03
1.415479999999999993e-03 -4.468319999999999801e-04
5.619639999999999748e-04 2.764590000000000038e-04
-3.578030000000000164e-04 1.066700000000000070e-03
-1.205990000000000100e-03 1.729770000000000049e-03
-1.867160000000000087e-03 2.067090000000000160e-03
-2.270970000000000193e-03 2.007160000000000021e-03
-2.398139999999999994e-03 1.576099999999999984e-03
-2.265559999999999796e-03 9.166270000000000450e-04
-1.905159999999999926e-03 2.625899999999999914e-04
-1.351310000000000098e-03 -2.055229999999999904e-04
-6.403650000000000531e-04 -4.484119999999999751e-04
1.796369999999999879e-04 -5.786479999999999662e-04
1.033669999999999988e-03 -7.368789999999999629e-04
1.808029999999999967e-03 -9.512340000000000205e-04
2.360450000000000048e-03 -1.143640000000000021e-03
2.564020000000000188e-03 -1.219280000000000103e-03
2.364349999999999872e-03 -1.098339999999999950e-03
1.808630000000000090e-03 -7.545699999999999803e-04
1.026500000000000069e-03 -2.703699999999999745e-04
1.793069999999999961e-04 1.720000000000000066e-04
-5.911339999999999954e-04 3.876740000000000155e-04
-1.194460000000000053e-03 3.368959999999999945e-04
-1.598550000000000014e-03 1.564960000000000006e-04
-1.811120000000000048e-03 4.967129999999999994e-05
-1.846269999999999899e-03 1.562669999999999999e-04
-1.700469999999999933e-03 4.877169999999999791e-04
-1.358550000000000035e-03 9.184370000000000294e-04
-8.252939999999999625e-04 1.236020000000000001e-03
-1.580320000000000075e-04 1.281500000000000087e-03
5.257369999999999708e-04 1.043279999999999945e-03
1.079639999999999983e-03 6.107870000000000053e-04
1.386660000000000063e-03 1.167490000000000032e-04
1.408240000000000056e-03 -3.182680000000000231e-04
1.194940000000000021e-03 -6.712979999999999685e-04
8.568340000000000027e-04 -1.013009999999999952e-03
5.114580000000000081e-04 -1.398780000000000075e-03
2.344249999999999925e-04 -1.756090000000000081e-03
3.761910000000000037e-05 -1.907190000000000014e-03
-1.110930000000000018e-04 -1.716059999999999938e-03
-2.425930000000000133e-04 -1.163949999999999967e-03
-3.561869999999999967e-04 -3.221480000000000198e-04
-4.287520000000000176e-04 6.727179999999999922e-04
-4.453090000000000151e-04 1.600869999999999897e-03
-4.166269999999999804e-04 2.221400000000000111e-03
-3.735529999999999927e-04 2.400690000000000029e-03
-3.506070000000000128e-04 2.155209999999999852e-03
-3.696010000000000007e-04 1.601530000000000098e-03
-4.246780000000000021e-04 8.427140000000000498e-04
-4.740859999999999736e-04 -4.536559999999999811e-05
-4.529469999999999850e-04 -9.461899999999999651e-04
-3.082259999999999861e-04 -1.695319999999999943e-03
-3.320910000000000024e-05 -2.116589999999999791e-03
3.246209999999999807e-04 -2.100719999999999931e-03
6.864570000000000177e-04 -1.655329999999999996e-03
9.740970000000000488e-04 -8.811109999999999602e-04
1.129309999999999906e-03 2.430069999999999927e-05
1.119790000000000065e-03 7.922520000000000170e-04
9.378299999999999571e-04 1.244340000000000029e-03
5.958610000000000469e-04 1.362109999999999927e-03
1.277270000000000055e-04 1.204449999999999922e-03
-4.007400000000000155e-04 8.147060000000000022e-04
-8.889780000000000121e-04 2.499310000000000030e-04
-1.227809999999999969e-03 -3.426929999999999798e-04
-1.343819999999999910e-03 -7.933499999999999580e-04
-1.225890000000000096e-03 -9.813669999999999165e-04
-9.159360000000000071e-04 -8.707260000000000520e-04
-4.814059999999999780e-04 -4.872079999999999879e-04
1.576809999999999943e-06 1.338970000000000091e-04
4.520470000000000174e-04 8.496559999999999573e-04
7.950579999999999627e-04 1.391829999999999934e-03
9.800790000000000196e-04 1.537249999999999988e-03
9.904469999999999854e-04 1.192729999999999919e-03
8.419939999999999890e-04 3.781179999999999871e-04
5.772120000000000159e-04 -7.140469999999999890e-04
2.554580000000000197e-04 -1.740199999999999907e-03
-5.652529999999999903e-05 -2.388350000000000022e-03
-2.923399999999999827e-04 -2.459080000000000207e-03
-3.999900000000000243e-04 -1.911890000000000074e-03
-3.620300000000000015e-04 -8.966840000000000227e-04
-2.114709999999999951e-04 3.610840000000000143e-04
-3.011389999999999979e-05 1.612689999999999957e-03
8.407269999999999891e-05 2.525260000000000091e-03
6.842479999999999580e-05 2.806330000000000109e-03
-7.374429999999999798e-05 2.357349999999999810e-03
-2.840219999999999854e-04 1.301709999999999976e-03
-4.820450000000000104e-04 -8.713740000000000363e-05
-5.911550000000000008e-04 -1.489560000000000016e-03
-5.545269999999999713e-04 -2.502499999999999950e-03
-3.533930000000000231e-04 -2.777790000000000033e-03
-1.820039999999999942e-05 -2.228630000000000107e-03
3.796019999999999885e-04 -1.051040000000000047e-03
7.486590000000000432e-04 3.649910000000000025e-04
9.993129999999999374e-04 1.564910000000000086e-03
1.062940000000000065e-03 2.150079999999999960e-03
9.078219999999999693e-04 1.978290000000000170e-03
5.502010000000000537e-04 1.151939999999999952e-03
6.221419999999999804e-05 -8.690450000000000117e-05
-4.365530000000000061e-04 -1.326149999999999898e-03
-8.166920000000000473e-04 -2.109750000000000080e-03
-9.868819999999999069e-04 -2.148610000000000016e-03
-9.195810000000000442e-04 -1.478319999999999981e-03
-6.494260000000000397e-04 -3.423920000000000110e-04
-2.637000000000000129e-04 9.716850000000000183e-04
1.178550000000000024e-04 2.047189999999999947e-03
3.851840000000000038e-04 2.482830000000000106e-03
4.799129999999999976e-04 2.120480000000000108e-03
4.097029999999999769e-04 1.075070000000000019e-03
2.340219999999999898e-04 -3.109440000000000099e-04
3.635650000000000334e-05 -1.586560000000000097e-03
-1.042979999999999965e-04 -2.326560000000000086e-03
-1.367300000000000004e-04 -2.287850000000000127e-03
-5.119779999999999964e-05 -1.519890000000000086e-03
1.183539999999999988e-04 -3.209139999999999974e-04
3.039790000000000113e-04 8.622420000000000431e-04
4.268979999999999910e-04 1.576879999999999905e-03
4.260199999999999903e-04 1.604689999999999979e-03
2.777109999999999843e-04 1.057020000000000095e-03
6.073769999999999786e-06 2.242350000000000105e-04
-3.147800000000000186e-04 -5.553910000000000227e-04
-5.794669999999999595e-04 -9.623950000000000039e-04
-6.941729999999999689e-04 -8.433260000000000365e-04
-6.190790000000000268e-04 -3.035889999999999964e-04
-3.843639999999999947e-04 3.708970000000000235e-04
-7.499800000000000260e-05 8.613979999999999814e-04
2.044699999999999990e-04 9.551870000000000282e-04
3.694829999999999859e-04 6.300669999999999969e-04
3.856099999999999892e-04 4.628079999999999911e-05
2.794070000000000169e-04 -5.401260000000000392e-04
1.251280000000000122e-04 -8.942620000000000516e-04
1.047929999999999977e-05 -9.003190000000000108e-04
-4.870320000000000322e-06 -5.995889999999999814e-04
8.186040000000000655e-05 -1.589740000000000131e-04
2.157559999999999990e-04 2.161040000000000031e-04
3.122849999999999823e-04 3.821529999999999849e-04
2.999400000000000048e-04 3.167609999999999849e-04
1.563389999999999951e-04 1.117540000000000010e-04
-7.927810000000000250e-05 -8.678429999999999510e-05
-3.226260000000000109e-04 -1.578050000000000112e-04
-4.819029999999999972e-04 -6.410240000000000480e-05
-4.986829999999999822e-04 1.373710000000000100e-04
-3.733389999999999842e-04 3.350580000000000030e-04
-1.634709999999999939e-04 4.262509999999999953e-04
4.379259999999999810e-05 3.674980000000000109e-04
1.724979999999999873e-04 1.874269999999999929e-04
1.920229999999999875e-04 -3.876350000000000249e-05
1.278680000000000029e-04 -2.300690000000000092e-04
4.370619999999999838e-05 -3.314330000000000097e-04
4.662559999999999791e-06 -3.305469999999999914e-04
4.225049999999999807e-05 -2.560010000000000042e-04
1.396740000000000047e-04 -1.571540000000000068e-04
2.435740000000000095e-04 -7.796569999999999792e-05
2.936260000000000107e-04 -3.842630000000000172e-05
2.533699999999999950e-04 -3.132490000000000225e-05
1.272409999999999969e-04 -3.278910000000000087e-05
-4.279010000000000219e-05 -1.843389999999999981e-05
-1.975219999999999971e-04 2.378919999999999917e-05
-2.871710000000000191e-04 8.904910000000000093e-05
-2.918269999999999827e-04 1.593669999999999939e-04
-2.268620000000000109e-04 2.122460000000000004e-04
-1.318889999999999971e-04 2.298880000000000053e-04
-4.975300000000000290e-05 2.054640000000000101e-04
-6.453189999999999620e-06 1.446490000000000037e-04
-1.653009999999999950e-06 6.253160000000000283e-05
-1.332340000000000020e-05 -2.223430000000000157e-05
-1.269019999999999922e-05 -9.343299999999999804e-05
1.907909999999999831e-05 -1.412449999999999936e-04
8.090910000000000094e-05 -1.632570000000000126e-04
1.527739999999999979e-04 -1.629869999999999897e-04
2.060320000000000088e-04 -1.470870000000000098e-04
2.173200000000000132e-04 -1.224549999999999922e-04
1.791399999999999959e-04 -9.405799999999999968e-05
1.025340000000000046e-04 -6.394950000000000157e-05
1.134769999999999979e-05 -3.164630000000000226e-05
-6.850539999999999635e-05 4.328289999999999856e-06
-1.194190000000000030e-04 4.434939999999999927e-05
-1.374690000000000081e-04 8.598599999999999972e-05
-1.310170000000000095e-04 1.235800000000000060e-04
-1.141119999999999944e-04 1.494859999999999982e-04
-9.855079999999999841e-05 1.566010000000000004e-04
-8.853599999999999394e-05 1.411449999999999912e-04
-8.012619999999999866e-05 1.045149999999999980e-04
-6.505670000000000344e-05 5.332659999999999863e-05
-3.647429999999999737e-05 -2.443329999999999949e-06
6.474419999999999923e-06 -5.252080000000000035e-05
5.734649999999999719e-05 -8.936650000000000572e-05
1.047379999999999991e-04 -1.099659999999999971e-04
