-1.611680000000000043e-08 8.928729999999999511e-07
-1.127209999999999940e-07 3.460399999999999937e-06
-3.955980000000000196e-07 6.700559999999999591e-06
-1.006919999999999966e-06 1.230760000000000054e-05
-2.275750000000000192e-06 2.747319999999999981e-05
-5.019679999999999855e-06 6.153629999999999560e-05
-1.070179999999999976e-05 1.166349999999999971e-04
-2.100929999999999890e-05 1.768890000000000067e-04
-3.680990000000000141e-05 2.153930000000000026e-04
-5.694449999999999664e-05 2.030079999999999916e-04
-7.732829999999999619e-05 1.169520000000000011e-04
-9.096189999999999387e-05 -3.466399999999999880e-05
-8.945009999999999929e-05 -2.063640000000000049e-04
-6.569830000000000082e-05 -3.418930000000000146e-04
-1.654480000000000124e-05 -4.095650000000000267e-04
5.578089999999999985e-05 -4.195170000000000019e-04
1.436859999999999928e-04 -4.139419999999999883e-04
2.354710000000000093e-04 -4.384689999999999790e-04
3.173839999999999821e-04 -5.064800000000000161e-04
3.759270000000000211e-04 -5.758960000000000034e-04
4.000219999999999861e-04 -5.726270000000000318e-04
3.830470000000000207e-04 -4.495330000000000072e-04
3.243030000000000153e-04 -2.129619999999999983e-04
2.285660000000000068e-04 9.325560000000000208e-05
1.033620000000000041e-04 4.058089999999999766e-04
-4.405499999999999748e-05 6.594910000000000052e-04
-2.074429999999999991e-04 8.183589999999999485e-04
-3.792860000000000003e-04 8.936839999999999498e-04
-5.472250000000000334e-04 9.307830000000000227e-04
-6.922710000000000538e-04 9.778849999999999522e-04
-7.910769999999999478e-04 1.045080000000000097e-03
-8.217969999999999789e-04 1.073359999999999983e-03
-7.708079999999999966e-04 9.696120000000000129e-04
-6.374069999999999910e-04 6.786010000000000306e-04
-4.341090000000000140e-04 2.049800000000000059e-04
-1.817040000000000072e-04 -3.873950000000000136e-04
9.828510000000000534e-05 -9.827340000000000814e-04
3.888499999999999921e-04 -1.456669999999999970e-03
6.771439999999999664e-04 -1.730600000000000107e-03
9.489799999999999841e-04 -1.797889999999999905e-03
1.182209999999999945e-03 -1.715649999999999988e-03
1.344319999999999977e-03 -1.561349999999999977e-03
1.397479999999999990e-03 -1.383810000000000075e-03
1.310490000000000092e-03 -1.184530000000000045e-03
1.072339999999999969e-03 -9.166279999999999524e-04
7.006140000000000111e-04 -5.171769999999999579e-04
2.398570000000000042e-04 3.440190000000000007e-05
-2.498229999999999830e-04 6.874119999999999840e-04
-7.091279999999999502e-04 1.341949999999999957e-03
-1.094200000000000034e-03 1.899569999999999948e-03
-1.383319999999999949e-03 2.290799999999999954e-03
-1.572910000000000063e-03 2.470770000000000171e-03
-1.665400000000000040e-03 2.413620000000000002e-03
-1.656670000000000061e-03 2.111819999999999930e-03
-1.531320000000000077e-03 1.597939999999999951e-03
-1.269820000000000063e-03 9.459969999999999620e-04
-8.631879999999999761e-04 2.138219999999999867e-04
-3.261900000000000194e-04 -5.646299999999999930e-04
2.978240000000000271e-04 -1.332180000000000083e-03
9.421020000000000002e-04 -2.009570000000000019e-03
1.529299999999999930e-03 -2.504460000000000020e-03
1.986690000000000157e-03 -2.736909999999999950e-03
2.259010000000000098e-03 -2.698859999999999974e-03
2.316209999999999970e-03 -2.447560000000000100e-03
2.154619999999999886e-03 -2.049389999999999892e-03
1.792360000000000004e-03 -1.530619999999999897e-03
1.262220000000000095e-03 -8.740770000000000137e-04
6.063699999999999559e-04 -7.014330000000000315e-05
-1.249769999999999928e-04 8.441269999999999633e-04
-8.730090000000000029e-04 1.781419999999999922e-03
-1.571829999999999972e-03 2.620459999999999803e-03
-2.154280000000000170e-03 3.231420000000000039e-03
-2.560649999999999819e-03 3.503909999999999837e-03
-2.746549999999999946e-03 3.373280000000000202e-03
-2.686839999999999801e-03 2.831479999999999934e-03
-2.375410000000000108e-03 1.935260000000000062e-03
-1.824110000000000098e-03 8.189850000000000472e-04
-1.063960000000000079e-03 -3.363570000000000188e-04
-1.488550000000000105e-04 -1.374840000000000003e-03
8.421089999999999565e-04 -2.202930000000000079e-03
1.807559999999999939e-03 -2.789820000000000147e-03
2.634220000000000051e-03 -3.147800000000000077e-03
3.214129999999999938e-03 -3.303980000000000198e-03
3.464099999999999905e-03 -3.234270000000000027e-03
3.341160000000000137e-03 -2.866810000000000018e-03
2.850660000000000086e-03 -2.182599999999999818e-03
2.045710000000000063e-03 -1.215310000000000045e-03
1.017450000000000038e-03 -4.747170000000000155e-05
-1.213110000000000045e-04 1.186699999999999951e-03
-1.253860000000000087e-03 2.339990000000000125e-03
-2.273390000000000133e-03 3.267529999999999827e-03
-3.089310000000000059e-03 3.831900000000000063e-03
-3.627029999999999837e-03 3.929779999999999905e-03
-3.826069999999999992e-03 3.506500000000000068e-03
-3.642380000000000183e-03 2.600770000000000078e-03
-3.059200000000000200e-03 1.413589999999999942e-03
-2.103629999999999996e-03 2.044960000000000018e-04
-8.587109999999999578e-04 -8.361689999999999965e-04
5.384359999999999927e-04 -1.635359999999999982e-03
1.914429999999999951e-03 -2.232989999999999801e-03
3.088319999999999867e-03 -2.674800000000000181e-03
3.902230000000000022e-03 -2.960539999999999786e-03
4.247899999999999766e-03 -3.064690000000000122e-03
4.084090000000000290e-03 -2.900810000000000194e-03
3.440780000000000054e-03 -2.357039999999999916e-03
2.410149999999999793e-03 -1.430300000000000018e-03
1.128239999999999972e-03 -2.511920000000000168e-04
-2.478140000000000095e-04 9.337619999999999818e-04
-1.561509999999999895e-03 1.858840000000000058e-03
-2.674000000000000161e-03 2.383360000000000166e-03
-3.473869999999999996e-03 2.474070000000000089e-03
-3.880269999999999900e-03 2.228110000000000160e-03
-3.845569999999999978e-03 1.848110000000000031e-03
-3.362260000000000162e-03 1.497590000000000032e-03
-2.473079999999999896e-03 1.210190000000000094e-03
-1.277810000000000100e-03 8.746269999999999999e-04
7.066290000000000407e-05 3.599389999999999838e-04
1.384430000000000079e-03 -3.327779999999999909e-04
2.472219999999999800e-03 -1.067680000000000105e-03
3.178990000000000028e-03 -1.673980000000000043e-03
3.421130000000000091e-03 -2.003149999999999983e-03
3.202620000000000206e-03 -1.985719999999999846e-03
2.604910000000000211e-03 -1.686360000000000029e-03
1.756650000000000008e-03 -1.286870000000000071e-03
7.980609999999999744e-04 -9.840170000000000080e-04
-1.461339999999999937e-04 -8.387069999999999508e-04
-9.785749999999999744e-04 -7.376540000000000223e-04
-1.627570000000000058e-03 -4.980569999999999919e-04
-2.040150000000000123e-03 -6.957720000000000445e-07
-2.180559999999999790e-03 7.369359999999999930e-04
-2.039420000000000122e-03 1.550200000000000059e-03
-1.647969999999999904e-03 2.184900000000000037e-03
-1.085569999999999894e-03 2.449259999999999979e-03
-4.700819999999999760e-04 2.317159999999999966e-03
7.122280000000000527e-05 1.881260000000000050e-03
4.413630000000000092e-04 1.284750000000000085e-03
6.055659999999999819e-04 6.571149999999999994e-04
5.990999999999999798e-04 2.900510000000000119e-05
5.072349999999999776e-04 -6.588759999999999712e-04
4.268510000000000099e-04 -1.442029999999999961e-03
4.268300000000000045e-04 -2.215159999999999872e-03
5.244530000000000285e-04 -2.754040000000000134e-03
6.875559999999999745e-04 -2.872819999999999888e-03
8.580830000000000445e-04 -2.517339999999999856e-03
9.797189999999999892e-04 -1.745030000000000062e-03
1.012370000000000067e-03 -6.890309999999999968e-04
9.303990000000000480e-04 4.355580000000000064e-04
7.152210000000000425e-04 1.386630000000000024e-03
3.546800000000000126e-04 2.006749999999999853e-03
-1.465170000000000068e-04 2.261710000000000109e-03
-7.505780000000000091e-04 2.204150000000000206e-03
-1.375700000000000100e-03 1.876000000000000063e-03
-1.901310000000000023e-03 1.301139999999999892e-03
-2.194510000000000211e-03 5.566629999999999929e-04
-2.151230000000000069e-03 -2.114859999999999874e-04
-1.735269999999999911e-03 -8.172900000000000303e-04
-9.970759999999999519e-04 -1.117410000000000105e-03
-6.384929999999999870e-05 -1.076010000000000074e-03
8.935500000000000083e-04 -7.519480000000000044e-04
1.702380000000000082e-03 -3.016939999999999748e-04
2.225299999999999934e-03 5.042060000000000308e-05
2.384279999999999906e-03 1.720939999999999959e-04
2.167790000000000168e-03 8.755769999999999688e-05
1.625989999999999901e-03 -1.154119999999999989e-04
8.608449999999999479e-04 -3.939799999999999921e-04
1.229590000000000030e-05 -7.275880000000000411e-04
-7.644979999999999571e-04 -1.023840000000000037e-03
-1.331539999999999981e-03 -1.155659999999999977e-03
-1.600679999999999941e-03 -1.020669999999999997e-03
-1.553799999999999929e-03 -5.917579999999999542e-04
-1.242690000000000071e-03 8.546530000000000316e-05
-7.713569999999999672e-04 9.458519999999999558e-04
-2.676819999999999894e-04 1.823949999999999964e-03
1.486090000000000132e-04 2.443120000000000014e-03
3.936710000000000057e-04 2.577639999999999966e-03
4.359270000000000159e-04 2.131790000000000160e-03
3.005060000000000261e-04 1.124870000000000037e-03
6.274169999999999595e-05 -2.431900000000000077e-04
-1.706140000000000033e-04 -1.606280000000000078e-03
-2.904170000000000080e-04 -2.614280000000000076e-03
-2.179000000000000110e-04 -3.024629999999999940e-03
6.689159999999999497e-05 -2.759740000000000110e-03
5.108870000000000165e-04 -1.942359999999999963e-03
9.950700000000000257e-04 -7.774670000000000018e-04
1.363330000000000054e-03 5.046669999999999845e-04
1.469019999999999918e-03 1.579890000000000027e-03
1.227079999999999968e-03 2.137480000000000196e-03
6.509210000000000516e-04 2.031369999999999790e-03
-1.432519999999999898e-04 1.329279999999999958e-03
-9.671589999999999875e-04 2.635080000000000256e-04
-1.613840000000000066e-03 -8.716350000000000530e-04
-1.916560000000000095e-03 -1.692979999999999962e-03
-1.796969999999999948e-03 -1.867189999999999909e-03
-1.287329999999999941e-03 -1.311190000000000055e-03
-5.199339999999999995e-04 -2.139090000000000013e-04
3.107879999999999931e-04 1.047559999999999897e-03
1.000849999999999960e-03 2.034999999999999917e-03
1.390479999999999928e-03 2.369299999999999965e-03
1.405449999999999929e-03 1.931760000000000031e-03
1.075140000000000037e-03 8.518479999999999932e-04
5.239139999999999986e-04 -6.054370000000000107e-04
-6.382260000000000114e-05 -2.015499999999999931e-03
-5.000539999999999933e-04 -2.912890000000000010e-03
-6.544510000000000128e-04 -2.992569999999999952e-03
-4.970219999999999586e-04 -2.275029999999999934e-03
-1.059679999999999992e-04 -1.005709999999999937e-03
3.594779999999999894e-04 5.093050000000000441e-04
7.131079999999999494e-04 1.830150000000000006e-03
8.077849999999999918e-04 2.529490000000000124e-03
5.888269999999999919e-04 2.417379999999999789e-03
1.133519999999999949e-04 1.577410000000000010e-03
-4.704619999999999961e-04 3.317540000000000224e-04
-9.751449999999999615e-04 -8.737799999999999994e-04
-1.237770000000000016e-03 -1.608959999999999991e-03
-1.173910000000000014e-03 -1.623129999999999972e-03
-8.035800000000000278e-04 -9.605720000000000317e-04
-2.416150000000000101e-04 8.383279999999999465e-05
3.425130000000000188e-04 1.069840000000000070e-03
7.819510000000000219e-04 1.557540000000000053e-03
9.670090000000000109e-04 1.348440000000000012e-03
8.770670000000000376e-04 5.833579999999999668e-04
5.806080000000000355e-04 -4.112179999999999785e-04
2.063160000000000081e-04 -1.268950000000000026e-03
-1.054320000000000029e-04 -1.662520000000000013e-03
-2.550939999999999805e-04 -1.448169999999999926e-03
-2.198629999999999920e-04 -7.500560000000000300e-04
-5.763330000000000265e-05 1.216070000000000031e-04
1.224359999999999912e-04 8.193849999999999485e-04
2.101489999999999966e-04 1.102399999999999908e-03
1.436850000000000041e-04 9.291720000000000274e-04
-6.329840000000000369e-05 4.547139999999999971e-04
-3.285769999999999815e-04 -5.960589999999999796e-05
-5.387700000000000475e-04 -3.729229999999999936e-04
-6.001519999999999555e-04 -3.711470000000000025e-04
-4.799170000000000063e-04 -1.052669999999999935e-04
-2.196239999999999965e-04 2.474609999999999809e-04
8.455940000000000223e-05 4.798529999999999744e-04
3.248840000000000018e-04 4.607510000000000208e-04
4.281329999999999750e-04 1.935860000000000131e-04
3.840329999999999872e-04 -1.967109999999999941e-04
2.440920000000000069e-04 -5.331929999999999482e-04
9.288310000000000522e-05 -6.753160000000000239e-04
6.332310000000000194e-06 -5.828089999999999963e-04
1.688519999999999886e-05 -3.247990000000000187e-04
1.013720000000000045e-04 -3.333920000000000091e-05
1.960759999999999977e-04 1.693289999999999910e-04
2.305979999999999900e-04 2.279849999999999932e-04
1.636820000000000093e-04 1.680510000000000077e-04
3.942669999999999980e-06 6.492630000000000211e-05
-1.938580000000000132e-04 -3.848820000000000023e-06
-3.545840000000000190e-04 5.872210000000000144e-06
-4.177270000000000072e-04 8.999880000000000304e-05
-3.645729999999999804e-04 2.037069999999999929e-04
-2.247050000000000111e-04 2.871710000000000191e-04
-5.951160000000000125e-05 2.951350000000000262e-04
6.814199999999999912e-05 2.165409999999999991e-04
1.225780000000000044e-04 7.665039999999999376e-05
1.084339999999999989e-04 -7.707569999999999797e-05
6.299460000000000161e-05 -1.970239999999999893e-04
3.316990000000000238e-05 -2.546040000000000174e-04
4.982239999999999922e-05 -2.485009999999999845e-04
1.124939999999999973e-04 -1.999720000000000024e-04
1.913290000000000108e-04 -1.392850000000000056e-04
2.438589999999999974e-04 -9.079959999999999713e-05
2.371420000000000006e-04 -6.362830000000000200e-05
1.639119999999999987e-04 -5.114640000000000213e-05
4.535540000000000285e-05 -3.803259999999999904e-05
-7.970240000000000451e-05 -1.027720000000000047e-05
-1.728599999999999950e-04 3.697400000000000209e-05
-2.122799999999999937e-04 9.700450000000000272e-05
-1.995950000000000025e-04 1.547940000000000091e-04
-1.554270000000000011e-04 1.936669999999999874e-04
-1.069470000000000045e-04 2.019839999999999960e-04
-7.424560000000000621e-05 1.771160000000000030e-04
-6.208129999999999801e-05 1.255899999999999953e-04
-6.025420000000000325e-05 5.997139999999999979e-05
-5.142670000000000010e-05 -5.783000000000000366e-06
-2.177350000000000083e-05 -6.060290000000000213e-05
3.101679999999999753e-05 -9.878189999999999692e-05
9.606510000000000288e-05 -1.201449999999999957e-04
1.542589999999999879e-04 -1.282780000000000075e-04
1.869700000000000073e-04 -1.278180000000000017e-04
1.841289999999999984e-04 -1.219759999999999990e-04
1.479680000000000036e-04 -1.112790000000000030e-04
9.110290000000000488e-05 -9.390910000000000522e-05
3.039400000000000071e-05 -6.737889999999999960e-05
-2.016350000000000100e-05 -3.070020000000000127e-05
-5.418829999999999752e-05 1.398110000000000070e-05
-7.346239999999999650e-05 6.108399999999999995e-05
-8.464040000000000365e-05 1.028329999999999961e-04
