-2.339249999999999920e-08 8.813800000000000215e-07
-1.552749999999999925e-07 3.387770000000000007e-06
-5.083619999999999830e-07 6.479860000000000162e-06
-1.203199999999999974e-06 1.183139999999999992e-05
-2.596150000000000122e-06 2.651530000000000006e-05
-5.661250000000000219e-06 5.949090000000000329e-05
-1.200850000000000031e-05 1.123389999999999963e-04
-2.304009999999999985e-05 1.689670000000000104e-04
-3.859700000000000332e-05 2.032000000000000061e-04
-5.608989999999999977e-05 1.876179999999999916e-04
-7.055380000000000202e-05 1.015029999999999936e-04
-7.573110000000000410e-05 -4.570050000000000062e-05
-6.612429999999999979e-05 -2.089670000000000069e-04
-3.893360000000000278e-05 -3.344320000000000127e-04
5.504709999999999851e-06 -3.934100000000000162e-04
6.469380000000000052e-05 -3.975149999999999777e-04
1.347669999999999923e-04 -3.877090000000000245e-04
2.098799999999999895e-04 -4.066109999999999733e-04
2.808010000000000107e-04 -4.653950000000000122e-04
3.344660000000000059e-04 -5.230190000000000013e-04
3.562090000000000178e-04 -5.100750000000000249e-04
3.350709999999999908e-04 -3.852400000000000182e-04
2.694980000000000140e-04 -1.579309999999999894e-04
1.684740000000000001e-04 1.296550000000000046e-04
4.619290000000000288e-05 4.188840000000000098e-04
-8.555159999999999588e-05 6.488260000000000251e-04
-2.210690000000000073e-04 7.852469999999999849e-04
-3.581349999999999855e-04 8.388949999999999836e-04
-4.916029999999999619e-04 8.541819999999999882e-04
-6.084740000000000157e-04 8.796490000000000342e-04
-6.883669999999999503e-04 9.273299999999999729e-04
-7.091590000000000046e-04 9.415549999999999527e-04
-6.547369999999999622e-04 8.334759999999999868e-04
-5.219050000000000251e-04 5.519519999999999765e-04
-3.231029999999999861e-04 1.036799999999999967e-04
-8.224880000000000439e-05 -4.486030000000000009e-04
1.743120000000000075e-04 -9.931440000000000580e-04
4.258949999999999737e-04 -1.411399999999999938e-03
6.598039999999999461e-04 -1.630949999999999935e-03
8.671310000000000432e-04 -1.650379999999999903e-03
1.035389999999999965e-03 -1.530179999999999908e-03
1.143460000000000006e-03 -1.349460000000000026e-03
1.163090000000000087e-03 -1.157779999999999964e-03
1.067889999999999942e-03 -9.577369999999999547e-04
8.461439999999999543e-04 -7.044290000000000143e-04
5.105210000000000000e-04 -3.374100000000000103e-04
9.929389999999999473e-05 1.623399999999999941e-04
-3.321369999999999813e-04 7.454529999999999794e-04
-7.264899999999999917e-04 1.317360000000000059e-03
-1.040729999999999910e-03 1.787989999999999935e-03
-1.255639999999999925e-03 2.096719999999999834e-03
-1.373319999999999923e-03 2.206210000000000115e-03
-1.403890000000000086e-03 2.096910000000000007e-03
-1.350389999999999924e-03 1.767450000000000054e-03
-1.202610000000000007e-03 1.255959999999999976e-03
-9.449530000000000039e-04 6.388960000000000168e-04
-5.719120000000000497e-04 -2.863159999999999875e-05
-9.975559999999999744e-05 -7.193879999999999502e-04
4.310580000000000054e-04 -1.383859999999999995e-03
9.617329999999999889e-04 -1.949849999999999934e-03
1.426149999999999944e-03 -2.332289999999999884e-03
1.763409999999999977e-03 -2.460470000000000192e-03
1.929469999999999970e-03 -2.337090000000000001e-03
1.905460000000000096e-03 -2.028840000000000070e-03
1.698770000000000054e-03 -1.607380000000000050e-03
1.335650000000000075e-03 -1.100550000000000053e-03
8.502800000000000245e-04 -4.916389999999999866e-04
2.782169999999999825e-04 2.281580000000000066e-04
-3.415180000000000190e-04 1.023100000000000094e-03
-9.606190000000000128e-04 1.813240000000000034e-03
-1.520410000000000034e-03 2.491970000000000036e-03
-1.959520000000000185e-03 2.948329999999999874e-03
-2.226590000000000080e-03 3.089740000000000108e-03
-2.290100000000000208e-03 2.864620000000000014e-03
-2.140529999999999863e-03 2.273180000000000079e-03
-1.785890000000000047e-03 1.377270000000000100e-03
-1.247180000000000077e-03 3.137549999999999801e-04
-5.589619999999999788e-04 -7.385169999999999495e-04
2.268589999999999908e-04 -1.632559999999999914e-03
1.039619999999999997e-03 -2.289639999999999904e-03
1.794409999999999972e-03 -2.695780000000000051e-03
2.402089999999999954e-03 -2.878470000000000160e-03
2.782520000000000132e-03 -2.877150000000000193e-03
2.877339999999999932e-03 -2.679190000000000130e-03
2.659190000000000078e-03 -2.226000000000000114e-03
2.138389999999999996e-03 -1.513019999999999903e-03
1.366500000000000093e-03 -5.841550000000000475e-04
4.312540000000000015e-04 4.773450000000000045e-04
-5.586779999999999524e-04 1.547399999999999991e-03
-1.494239999999999978e-03 2.496509999999999962e-03
-2.283100000000000147e-03 3.200380000000000065e-03
-2.856130000000000127e-03 3.542449999999999939e-03
-3.163619999999999800e-03 3.440729999999999917e-03
-3.168770000000000007e-03 2.862700000000000140e-03
-2.847720000000000199e-03 1.867439999999999942e-03
-2.201219999999999826e-03 6.684310000000000382e-04
-1.271720000000000055e-03 -4.761950000000000037e-04
-1.507959999999999975e-04 -1.390160000000000094e-03
1.031189999999999971e-03 -2.018830000000000104e-03
2.127969999999999862e-03 -2.416320000000000013e-03
3.000800000000000082e-03 -2.637459999999999891e-03
3.535200000000000061e-03 -2.693029999999999903e-03
3.654109999999999910e-03 -2.577509999999999871e-03
3.331269999999999891e-03 -2.232850000000000199e-03
2.600199999999999994e-03 -1.576279999999999999e-03
1.553700000000000090e-03 -6.243579999999999876e-04
3.309140000000000237e-04 4.889980000000000368e-04
-9.070460000000000024e-04 1.530469999999999921e-03
-2.006229999999999906e-03 2.257939999999999947e-03
-2.844610000000000020e-03 2.556130000000000208e-03
-3.343640000000000154e-03 2.413329999999999989e-03
-3.464619999999999853e-03 1.944240000000000074e-03
-3.200240000000000029e-03 1.367420000000000050e-03
-2.571879999999999913e-03 8.617549999999999646e-04
-1.634400000000000045e-03 4.752150000000000232e-04
-4.825949999999999966e-04 1.087979999999999975e-04
7.481350000000000326e-04 -3.602529999999999947e-04
1.891719999999999947e-03 -9.308330000000000510e-04
2.775469999999999934e-03 -1.479360000000000093e-03
3.258210000000000099e-03 -1.858709999999999963e-03
3.270279999999999975e-03 -1.948840000000000077e-03
2.834709999999999834e-03 -1.706100000000000108e-03
2.057059999999999878e-03 -1.214610000000000082e-03
1.089679999999999989e-03 -6.693219999999999725e-04
8.860590000000000490e-05 -2.754699999999999900e-04
-8.193659999999999746e-04 -9.955460000000000394e-05
-1.549999999999999946e-03 -3.243589999999999890e-05
-2.055369999999999940e-03 1.066620000000000030e-04
-2.307449999999999952e-03 4.406219999999999972e-04
-2.287470000000000215e-03 9.651650000000000333e-04
-1.991900000000000007e-03 1.538700000000000050e-03
-1.450909999999999917e-03 1.935700000000000051e-03
-7.440230000000000151e-04 1.991849999999999871e-03
2.716179999999999802e-06 1.701059999999999899e-03
6.455610000000000081e-04 1.166530000000000041e-03
1.069539999999999901e-03 5.354980000000000287e-04
1.228869999999999962e-03 -6.067710000000000220e-05
1.159040000000000070e-03 -5.905209999999999930e-04
9.547670000000000289e-04 -1.115859999999999986e-03
7.255160000000000515e-04 -1.682139999999999937e-03
5.497329999999999491e-04 -2.204729999999999798e-03
4.497440000000000227e-04 -2.490329999999999801e-03
3.994830000000000104e-04 -2.387339999999999948e-03
3.569380000000000035e-04 -1.868359999999999899e-03
2.950000000000000148e-04 -1.003409999999999936e-03
2.083329999999999991e-04 7.317099999999999451e-05
9.823249999999999842e-05 1.148689999999999954e-03
-4.387180000000000235e-05 1.983570000000000038e-03
-2.375640000000000043e-04 2.426259999999999962e-03
-4.980870000000000306e-04 2.456959999999999786e-03
-8.150460000000000430e-04 2.152369999999999804e-03
-1.138310000000000016e-03 1.584439999999999894e-03
-1.381230000000000001e-03 8.069950000000000213e-04
-1.445380000000000015e-03 -7.951149999999999928e-05
-1.259149999999999896e-03 -9.172839999999999813e-04
-8.114729999999999470e-04 -1.520979999999999902e-03
-1.630050000000000021e-04 -1.756500000000000032e-03
5.705159999999999702e-04 -1.599390000000000013e-03
1.251689999999999964e-03 -1.118019999999999951e-03
1.755119999999999987e-03 -4.779219999999999823e-04
1.991909999999999948e-03 8.427020000000000506e-05
1.921780000000000103e-03 4.181260000000000011e-04
1.553319999999999961e-03 5.239339999999999883e-04
9.397340000000000120e-04 4.640429999999999750e-04
1.764120000000000044e-04 2.630019999999999732e-04
-6.051379999999999650e-04 -6.248789999999999510e-05
-1.259310000000000030e-03 -4.110410000000000105e-04
-1.664190000000000070e-03 -6.434239999999999708e-04
-1.756970000000000059e-03 -6.498429999999999918e-04
-1.547690000000000003e-03 -3.990350000000000038e-04
-1.107389999999999980e-03 7.248869999999999598e-05
-5.430850000000000087e-04 7.188290000000000391e-04
2.768100000000000145e-05 1.400879999999999964e-03
4.998999999999999538e-04 1.868300000000000039e-03
7.993829999999999729e-04 1.915339999999999968e-03
8.931450000000000283e-04 1.455990000000000105e-03
7.939730000000000095e-04 5.092649999999999564e-04
5.590630000000000512e-04 -7.325889999999999616e-04
2.771869999999999738e-04 -1.917450000000000014e-03
4.494640000000000050e-05 -2.715910000000000199e-03
-6.059529999999999902e-05 -2.911139999999999995e-03
-6.024709999999999954e-06 -2.451950000000000050e-03
1.851780000000000082e-04 -1.482730000000000029e-03
4.351380000000000070e-04 -2.218649999999999908e-04
6.305290000000000070e-04 1.094490000000000046e-03
6.591190000000000026e-04 2.142840000000000023e-03
4.558319999999999820e-04 2.620860000000000030e-03
3.561170000000000329e-05 2.398379999999999870e-03
-5.059100000000000402e-04 1.561270000000000019e-03
-1.023220000000000032e-03 3.554750000000000076e-04
-1.366330000000000018e-03 -9.176419999999999803e-04
-1.425199999999999948e-03 -1.871629999999999995e-03
-1.163289999999999984e-03 -2.170050000000000191e-03
-6.290770000000000216e-04 -1.723890000000000058e-03
5.834020000000000091e-05 -7.109220000000000079e-04
7.417679999999999630e-04 5.071700000000000383e-04
1.264710000000000053e-03 1.506839999999999959e-03
1.508929999999999907e-03 1.916759999999999992e-03
1.423369999999999974e-03 1.614729999999999985e-03
1.037610000000000008e-03 7.143940000000000316e-04
4.585820000000000217e-04 -5.431060000000000141e-04
-1.536909999999999893e-04 -1.758999999999999930e-03
-6.330729999999999474e-04 -2.492690000000000097e-03
-8.618809999999999969e-04 -2.462069999999999797e-03
-8.074370000000000418e-04 -1.704329999999999994e-03
-5.265099999999999988e-04 -4.687350000000000175e-04
-1.431399999999999882e-04 9.492329999999999561e-04
1.931579999999999961e-04 2.130350000000000039e-03
3.606559999999999974e-04 2.672710000000000016e-03
3.088090000000000041e-04 2.411040000000000145e-03
7.242649999999999511e-05 1.446349999999999893e-03
-2.462300000000000057e-04 1.070619999999999992e-04
-5.173120000000000236e-04 -1.164850000000000043e-03
-6.298099999999999619e-04 -1.947469999999999974e-03
-5.292689999999999634e-04 -1.996050000000000081e-03
-2.347150000000000050e-04 -1.353500000000000102e-03
1.691340000000000107e-04 -3.055190000000000271e-04
5.601049999999999779e-04 7.202579999999999876e-04
8.191130000000000026e-04 1.293459999999999966e-03
8.694179999999999487e-04 1.215860000000000031e-03
6.993700000000000480e-04 6.147810000000000080e-04
3.637409999999999992e-04 -2.097760000000000054e-04
-3.317379999999999738e-05 -9.227530000000000064e-04
-3.709289999999999853e-04 -1.222379999999999908e-03
-5.558409999999999523e-04 -9.782759999999999286e-04
-5.554779999999999831e-04 -3.143760000000000001e-04
-4.077730000000000005e-04 4.713389999999999811e-04
-2.006669999999999949e-04 1.051749999999999951e-03
-3.175060000000000057e-05 1.208609999999999936e-03
3.396199999999999772e-05 9.191120000000000323e-04
-1.041819999999999963e-05 3.482720000000000021e-04
-1.151970000000000018e-04 -2.419549999999999967e-04
-2.007880000000000027e-04 -6.157779999999999851e-04
-1.968220000000000071e-04 -6.634629999999999868e-04
-7.602159999999999734e-05 -4.343339999999999788e-04
1.321270000000000040e-04 -9.691520000000000343e-05
3.537190000000000061e-04 1.534589999999999956e-04
5.029229999999999551e-04 1.937829999999999978e-04
5.197430000000000279e-04 2.598929999999999865e-05
3.961440000000000209e-04 -2.379369999999999955e-04
1.789810000000000131e-04 -4.420909999999999792e-04
-5.135960000000000205e-05 -4.683649999999999923e-04
-2.165970000000000135e-04 -2.935559999999999927e-04
-2.738859999999999862e-04 5.441129999999999860e-06
-2.315159999999999972e-04 2.980810000000000078e-04
-1.402709999999999992e-04 4.696999999999999786e-04
-6.540879999999999622e-05 4.744260000000000144e-04
-5.326149999999999819e-05 3.455399999999999748e-04
-1.087039999999999946e-04 1.638219999999999911e-04
-1.942079999999999946e-04 1.074329999999999927e-05
-2.506629999999999817e-04 -6.532810000000000223e-05
-2.292130000000000025e-04 -6.284479999999999841e-05
-1.175820000000000001e-04 -1.949100000000000024e-05
5.272079999999999844e-05 1.285690000000000052e-05
2.215759999999999941e-04 -3.504300000000000059e-06
3.292050000000000033e-04 -7.417270000000000221e-05
3.435639999999999788e-04 -1.724859999999999881e-04
2.726240000000000109e-04 -2.551739999999999933e-04
1.566879999999999879e-04 -2.844489999999999866e-04
4.633090000000000054e-05 -2.451719999999999898e-04
-2.187919999999999882e-05 -1.495979999999999999e-04
-3.992659999999999818e-05 -2.922039999999999894e-05
-2.729359999999999902e-05 8.053919999999999623e-05
-1.662520000000000135e-05 1.546659999999999994e-04
-3.454800000000000194e-05 1.857159999999999952e-04
-8.746569999999999844e-05 1.821190000000000092e-04
-1.587559999999999959e-04 1.602940000000000072e-04
-2.177570000000000091e-04 1.353899999999999895e-04
-2.352880000000000011e-04 1.150010000000000057e-04
-1.978139999999999868e-04 9.787699999999999818e-05
-1.135809999999999955e-04 7.709329999999999590e-05
-8.372140000000000110e-06 4.536730000000000184e-05
8.638460000000000637e-05 -1.815070000000000119e-07
1.470259999999999981e-04 -5.579360000000000059e-05
1.662110000000000117e-04 -1.119710000000000025e-04
1.531310000000000082e-04 -1.567990000000000009e-04
1.261869999999999897e-04 -1.801309999999999869e-04
1.025010000000000000e-04 -1.769180000000000026e-04
8.971000000000000675e-05 -1.485360000000000022e-04
8.378359999999999519e-05 -1.018480000000000047e-04
7.324389999999999850e-05 -4.662929999999999755e-05
4.694729999999999688e-05 7.484399999999999865e-06
1.135589999999999914e-06 5.339449999999999844e-05
-5.773649999999999854e-05 8.758269999999999749e-05
-1.154669999999999975e-04 1.097249999999999972e-04
-1.562579999999999937e-04 1.213369999999999938e-04
-1.693359999999999928e-04 1.241770000000000005e-04
-1.529470000000000113e-04 1.190990000000000061e-04
-1.141809999999999966e-04 1.057749999999999961e-04
-6.516750000000000244e-05 8.332750000000000476e-05
