-2.897919999999999853e-08 8.666609999999999808e-07
-1.854369999999999948e-07 3.295829999999999834e-06
-5.777039999999999961e-07 6.204429999999999819e-06
-1.298360000000000093e-06 1.124440000000000029e-05
-2.723020000000000146e-06 2.533879999999999870e-05
-5.932589999999999894e-06 5.697420000000000078e-05
-1.256860000000000025e-05 1.070690000000000010e-04
-2.366510000000000149e-05 1.593370000000000094e-04
-3.822149999999999989e-05 1.885930000000000017e-04
-5.283559999999999944e-05 1.695739999999999997e-04
-6.251389999999999790e-05 8.410309999999999780e-05
-6.220059999999999532e-05 -5.669739999999999692e-05
-4.864580000000000103e-05 -2.083040000000000033e-04
-2.139699999999999859e-05 -3.199529999999999909e-04
1.814250000000000121e-05 -3.673029999999999763e-04
6.849589999999999585e-05 -3.650069999999999834e-04
1.282450000000000029e-04 -3.538449999999999842e-04
1.936340000000000099e-04 -3.731860000000000147e-04
2.557179999999999935e-04 -4.300320000000000054e-04
3.001219999999999973e-04 -4.811719999999999799e-04
3.110860000000000231e-04 -4.589570000000000173e-04
2.789409999999999980e-04 -3.271400000000000154e-04
2.063099999999999949e-04 -1.006680000000000059e-04
1.069789999999999934e-04 1.750210000000000036e-04
-2.959220000000000104e-06 4.413280000000000002e-04
-1.141890000000000006e-04 6.405029999999999491e-04
-2.258510000000000031e-04 7.440629999999999944e-04
-3.393639999999999851e-04 7.694239999999999977e-04
-4.501959999999999838e-04 7.655230000000000498e-04
-5.440860000000000488e-04 7.804990000000000365e-04
-6.001389999999999676e-04 8.212129999999999994e-04
-5.980379999999999550e-04 8.263889999999999647e-04
-5.254380000000000335e-04 7.070460000000000200e-04
-3.837770000000000222e-04 4.195119999999999774e-04
-1.899679999999999945e-04 -1.833149999999999889e-05
2.915739999999999971e-05 -5.356379999999999562e-04
2.474889999999999881e-04 -1.020869999999999894e-03
4.482760000000000022e-04 -1.365129999999999989e-03
6.252729999999999747e-04 -1.511460000000000060e-03
7.762039999999999565e-04 -1.473279999999999989e-03
8.933829999999999810e-04 -1.319120000000000015e-03
9.582009999999999963e-04 -1.126779999999999969e-03
9.439230000000000493e-04 -9.376480000000000188e-04
8.267100000000000316e-04 -7.453200000000000536e-04
5.995609999999999742e-04 -5.012309999999999856e-04
2.810539999999999827e-04 -1.496199999999999939e-04
-8.625050000000000370e-05 3.177270000000000159e-04
-4.472570000000000040e-04 8.412590000000000172e-04
-7.511700000000000061e-04 1.324150000000000067e-03
-9.669140000000000330e-04 1.685129999999999961e-03
-1.089469999999999935e-03 1.880839999999999942e-03
-1.132439999999999966e-03 1.893649999999999977e-03
-1.110819999999999993e-03 1.720439999999999947e-03
-1.025869999999999907e-03 1.369240000000000084e-03
-8.637340000000000078e-04 8.788630000000000183e-04
-6.093589999999999640e-04 3.182060000000000227e-04
-2.638389999999999789e-04 -2.695689999999999935e-04
1.482680000000000109e-04 -8.669339999999999772e-04
5.832020000000000043e-04 -1.427880000000000078e-03
9.874779999999999669e-04 -1.880170000000000018e-03
1.308039999999999897e-03 -2.141740000000000050e-03
1.501619999999999951e-03 -2.152489999999999959e-03
1.543279999999999956e-03 -1.931269999999999905e-03
1.431980000000000015e-03 -1.559269999999999970e-03
1.187869999999999942e-03 -1.115410000000000056e-03
8.406209999999999464e-04 -6.279950000000000072e-04
4.173900000000000136e-04 -7.870720000000000429e-05
-5.895639999999999681e-05 5.423850000000000459e-04
-5.599729999999999595e-04 1.202280000000000015e-03
-1.041580000000000067e-03 1.829169999999999971e-03
-1.446339999999999952e-03 2.330780000000000178e-03
-1.718890000000000045e-03 2.614000000000000004e-03
-1.823270000000000099e-03 2.604539999999999807e-03
-1.750210000000000090e-03 2.268389999999999903e-03
-1.511369999999999944e-03 1.621920000000000002e-03
-1.128160000000000013e-03 7.391350000000000307e-04
-6.258140000000000360e-04 -2.401260000000000113e-04
-3.675619999999999886e-05 -1.147540000000000062e-03
5.934230000000000407e-04 -1.858300000000000013e-03
1.205459999999999995e-03 -2.318900000000000041e-03
1.732580000000000058e-03 -2.534189999999999967e-03
2.109300000000000151e-03 -2.540880000000000135e-03
2.280340000000000058e-03 -2.382280000000000075e-03
2.208579999999999918e-03 -2.052140000000000040e-03
1.882119999999999930e-03 -1.506119999999999898e-03
1.322440000000000030e-03 -7.593479999999999674e-04
5.897030000000000154e-04 1.278049999999999868e-04
-2.244539999999999892e-04 1.066550000000000093e-03
-1.017550000000000095e-03 1.940410000000000051e-03
-1.699999999999999905e-03 2.638619999999999941e-03
-2.209039999999999788e-03 3.063800000000000204e-03
-2.506800000000000000e-03 3.131909999999999902e-03
-2.568949999999999966e-03 2.795769999999999939e-03
-2.376860000000000171e-03 2.053950000000000133e-03
-1.921919999999999922e-03 9.858329999999999784e-04
-1.222009999999999937e-03 -1.915429999999999921e-04
-3.374699999999999792e-04 -1.233289999999999951e-03
6.305259999999999598e-04 -1.984839999999999868e-03
1.560559999999999899e-03 -2.410090000000000149e-03
2.335929999999999951e-03 -2.572870000000000105e-03
2.859459999999999866e-03 -2.534020000000000109e-03
3.057509999999999829e-03 -2.317169999999999907e-03
2.886590000000000076e-03 -1.941589999999999983e-03
2.347890000000000046e-03 -1.381679999999999931e-03
1.498589999999999948e-03 -5.869830000000000143e-04
4.489909999999999843e-04 4.002699999999999878e-04
-6.562160000000000475e-04 1.432429999999999945e-03
-1.666970000000000040e-03 2.278899999999999936e-03
-2.456069999999999868e-03 2.719629999999999791e-03
-2.938099999999999913e-03 2.678310000000000152e-03
-3.073419999999999885e-03 2.190310000000000000e-03
-2.858669999999999788e-03 1.414029999999999931e-03
-2.316869999999999954e-03 5.975169999999999917e-04
-1.495980000000000053e-03 -6.928510000000000517e-05
-4.730660000000000138e-04 -5.396230000000000341e-04
6.429790000000000115e-04 -9.131519999999999741e-04
1.715270000000000076e-03 -1.304019999999999919e-03
2.590439999999999843e-03 -1.697879999999999919e-03
3.121800000000000096e-03 -1.968349999999999787e-03
3.206779999999999787e-03 -1.988360000000000214e-03
2.825149999999999797e-03 -1.681280000000000057e-03
2.052839999999999786e-03 -1.060589999999999927e-03
1.039250000000000026e-03 -2.669899999999999899e-04
-3.979240000000000207e-05 4.627750000000000136e-04
-1.028040000000000030e-03 9.063260000000000500e-04
-1.815589999999999956e-03 1.005220000000000028e-03
-2.342079999999999856e-03 8.919169999999999919e-04
-2.581949999999999957e-03 7.722770000000000329e-04
-2.525149999999999877e-03 7.887060000000000208e-04
-2.170050000000000191e-03 9.534440000000000146e-04
-1.536690000000000061e-03 1.146990000000000075e-03
-6.898510000000000059e-04 1.179090000000000043e-03
2.486850000000000085e-04 9.339300000000000249e-04
1.114240000000000065e-03 4.565239999999999815e-04
1.742199999999999955e-03 -1.124989999999999947e-04
2.023880000000000037e-03 -6.152139999999999952e-04
1.944729999999999983e-03 -9.407359999999999594e-04
1.583079999999999947e-03 -1.103049999999999951e-03
1.072009999999999977e-03 -1.219830000000000090e-03
5.450669999999999907e-04 -1.386939999999999918e-03
9.123079999999999395e-05 -1.556780000000000013e-03
-2.606530000000000132e-04 -1.562000000000000020e-03
-5.220010000000000188e-04 -1.271629999999999939e-03
-7.061599999999999475e-04 -6.756960000000000440e-04
-8.048950000000000245e-04 1.436759999999999979e-04
-7.992719999999999599e-04 1.048670000000000027e-03
-6.900679999999999531e-04 1.836900000000000035e-03
-5.156009999999999717e-04 2.299339999999999978e-03
-3.412299999999999838e-04 2.336130000000000064e-03
-2.295440000000000100e-04 1.989219999999999877e-03
-2.101349999999999930e-04 1.387849999999999934e-03
-2.630649999999999894e-04 6.324679999999999625e-04
-3.230940000000000071e-04 -2.194350000000000022e-04
-3.068920000000000155e-04 -1.078879999999999943e-03
-1.537710000000000021e-04 -1.804279999999999903e-03
1.415610000000000089e-04 -2.226319999999999948e-03
5.233910000000000038e-04 -2.226849999999999836e-03
8.987129999999999858e-04 -1.798979999999999937e-03
1.172829999999999923e-03 -1.031889999999999934e-03
1.276500000000000074e-03 -1.155709999999999951e-04
1.178039999999999990e-03 6.880480000000000233e-04
8.822100000000000254e-04 1.206789999999999903e-03
4.214069999999999990e-04 1.424600000000000042e-03
-1.499820000000000016e-04 1.392870000000000046e-03
-7.520209999999999612e-04 1.132369999999999948e-03
-1.277939999999999979e-03 6.656080000000000416e-04
-1.613760000000000108e-03 1.072540000000000001e-04
-1.676809999999999932e-03 -3.880630000000000147e-04
-1.447399999999999945e-03 -6.940740000000000364e-04
-9.727489999999999661e-04 -7.564950000000000407e-04
-3.460259999999999833e-04 -5.776390000000000170e-04
3.190019999999999792e-04 -1.631670000000000050e-04
9.065429999999999973e-04 3.816609999999999903e-04
1.316550000000000099e-03 8.259289999999999861e-04
1.483170000000000018e-03 9.690820000000000163e-04
1.387299999999999948e-03 7.186920000000000504e-04
1.061419999999999985e-03 7.640319999999999382e-05
5.851520000000000245e-04 -7.955500000000000115e-04
6.726700000000000496e-05 -1.590400000000000060e-03
-3.809050000000000131e-04 -2.036590000000000015e-03
-6.705580000000000264e-04 -1.975139999999999795e-03
-7.554470000000000195e-04 -1.396040000000000085e-03
-6.438610000000000210e-04 -4.561540000000000104e-04
-3.993639999999999799e-04 6.434229999999999550e-04
-1.270909999999999933e-04 1.703850000000000026e-03
6.078820000000000187e-05 2.447710000000000077e-03
9.257660000000000400e-05 2.620819999999999834e-03
-3.122910000000000226e-05 2.136419999999999986e-03
-2.428370000000000062e-04 1.109270000000000091e-03
-4.410129999999999736e-04 -2.077090000000000132e-04
-5.293900000000000255e-04 -1.524979999999999999e-03
-4.457129999999999794e-04 -2.476050000000000039e-03
-1.810530000000000028e-04 -2.743380000000000124e-03
2.163520000000000048e-04 -2.250030000000000086e-03
6.552650000000000358e-04 -1.175309999999999940e-03
1.025740000000000028e-03 1.281730000000000076e-04
1.225009999999999901e-03 1.251680000000000023e-03
1.182670000000000032e-03 1.836329999999999950e-03
8.812960000000000542e-04 1.760499999999999912e-03
3.666839999999999878e-04 1.118889999999999989e-03
-2.535319999999999978e-04 1.140949999999999977e-04
-8.301619999999999572e-04 -9.051849999999999740e-04
-1.216489999999999976e-03 -1.548810000000000074e-03
-1.318820000000000062e-03 -1.572070000000000065e-03
-1.125260000000000106e-03 -1.020309999999999967e-03
-7.028790000000000038e-04 -1.113499999999999961e-04
-1.758499999999999918e-04 9.234729999999999588e-04
3.096689999999999924e-04 1.740900000000000086e-03
6.325690000000000349e-04 2.006330000000000179e-03
7.360599999999999695e-04 1.598360000000000058e-03
6.391320000000000464e-04 6.296150000000000357e-04
4.191880000000000259e-04 -5.928440000000000315e-04
1.778820000000000021e-04 -1.672590000000000058e-03
4.463959999999999693e-06 -2.241910000000000170e-03
-5.207529999999999928e-05 -2.102160000000000053e-03
5.719119999999999717e-06 -1.321300000000000079e-03
1.299709999999999928e-04 -1.842559999999999923e-04
2.468829999999999874e-04 9.026159999999999652e-04
2.848990000000000246e-04 1.538359999999999901e-03
2.020799999999999897e-04 1.546719999999999909e-03
5.686790000000000063e-07 1.055060000000000026e-03
-2.730799999999999807e-04 3.364080000000000087e-04
-5.379480000000000069e-04 -3.179510000000000192e-04
-7.029210000000000146e-04 -6.476799999999999788e-04
-7.029949999999999871e-04 -5.437149999999999535e-04
-5.293299999999999481e-04 -1.199500000000000018e-04
-2.346779999999999916e-04 3.688680000000000062e-04
8.854850000000000102e-05 6.617269999999999749e-04
3.459779999999999865e-04 6.082560000000000527e-04
4.771110000000000064e-04 2.310419999999999878e-04
4.742859999999999784e-04 -2.983150000000000059e-04
3.786759999999999909e-04 -7.501260000000000479e-04
2.570000000000000127e-04 -9.432639999999999731e-04
1.696909999999999987e-04 -8.205260000000000244e-04
1.441269999999999975e-04 -4.612619999999999893e-04
1.645329999999999915e-04 -3.438370000000000082e-05
1.831529999999999996e-04 2.862170000000000144e-04
1.473799999999999882e-04 4.034700000000000114e-04
2.953040000000000105e-05 3.319819999999999802e-04
-1.554919999999999946e-04 1.734790000000000106e-04
-3.536580000000000214e-04 5.332659999999999863e-05
-4.950930000000000521e-04 5.221820000000000091e-05
-5.259099999999999843e-04 1.668829999999999945e-04
-4.329390000000000235e-04 3.188500000000000253e-04
-2.494239999999999890e-04 4.043879999999999914e-04
-3.939110000000000305e-05 3.552000000000000144e-04
1.312169999999999873e-04 1.741500000000000047e-04
2.226019999999999941e-04 -7.183849999999999329e-05
2.352669999999999957e-04 -2.931160000000000037e-04
2.040809999999999998e-04 -4.222639999999999944e-04
1.757650000000000087e-04 -4.368050000000000166e-04
1.816630000000000122e-04 -3.591310000000000010e-04
2.205270000000000114e-04 -2.391559999999999986e-04
2.606040000000000006e-04 -1.274679999999999932e-04
2.592800000000000248e-04 -5.288689999999999673e-05
1.886319999999999924e-04 -1.441249999999999965e-05
5.247870000000000291e-05 1.054499999999999984e-05
-1.139139999999999939e-04 4.815530000000000293e-05
-2.602530000000000034e-04 1.110760000000000051e-04
-3.441830000000000215e-04 1.910899999999999882e-04
-3.488380000000000235e-04 2.639559999999999780e-04
-2.870430000000000095e-04 3.022440000000000153e-04
-1.916619999999999956e-04 2.885550000000000181e-04
-9.830080000000000588e-05 2.226920000000000017e-04
-2.943890000000000032e-05 1.204859999999999980e-04
1.266760000000000049e-05 6.339420000000000368e-06
4.198179999999999843e-05 -9.613089999999999808e-05
7.685630000000000478e-05 -1.711639999999999895e-04
1.272179999999999871e-04 -2.134179999999999953e-04
1.875459999999999963e-04 -2.261519999999999991e-04
2.389539999999999893e-04 -2.168559999999999986e-04
2.588010000000000180e-04 -1.927569999999999978e-04
2.324139999999999876e-04 -1.581049999999999914e-04
1.607939999999999923e-04 -1.140279999999999999e-04
6.061979999999999853e-05 -6.040860000000000300e-05
-4.294370000000000018e-05 1.551079999999999937e-06
-1.265849999999999951e-04 6.755609999999999513e-05
-1.771599999999999911e-04 1.300990000000000024e-04
-1.943699999999999974e-04 1.799939999999999982e-04
-1.873909999999999953e-04 2.088260000000000094e-04
-1.680270000000000092e-04 2.113240000000000116e-04
-1.442740000000000081e-04 1.868179999999999993e-04
-1.174040000000000028e-04 1.394129999999999881e-04
-8.351060000000000644e-05 7.693369999999999831e-05
-3.805570000000000225e-05 9.050080000000000264e-06
1.937489999999999978e-05 -5.484369999999999805e-05
8.273189999999999982e-05 -1.073850000000000027e-04
1.407240000000000032e-04 -1.441819999999999961e-04
1.808609999999999884e-04 -1.637710000000000012e-04
1.942249999999999912e-04 -1.667929999999999868e-04
