-4.355020000000000043e-08 8.259639999999999705e-07
-2.510429999999999802e-07 3.055209999999999840e-06
-6.759070000000000450e-07 5.530290000000000375e-06
-1.308330000000000016e-06 9.881330000000000140e-06
-2.603590000000000089e-06 2.260330000000000092e-05
-5.855629999999999872e-06 5.096799999999999719e-05
-1.239119999999999920e-05 9.451060000000000277e-05
-2.177480000000000030e-05 1.370400000000000025e-04
-3.109030000000000284e-05 1.560199999999999868e-04
-3.658629999999999901e-05 1.306169999999999998e-04
-3.570859999999999892e-05 4.727559999999999846e-05
-2.789339999999999962e-05 -7.982339999999999878e-05
-1.454759999999999943e-05 -2.069720000000000099e-04
2.301280000000000183e-06 -2.891750000000000223e-04
2.290000000000000098e-05 -3.102770000000000246e-04
5.109910000000000006e-05 -2.906499999999999904e-04
9.079040000000000406e-05 -2.710850000000000109e-04
1.394210000000000056e-04 -2.858420000000000188e-04
1.848060000000000056e-04 -3.352599999999999851e-04
2.089519999999999876e-04 -3.728569999999999844e-04
1.972920000000000077e-04 -3.350709999999999908e-04
1.484230000000000120e-04 -1.964339999999999966e-04
7.690410000000000117e-05 1.629339999999999887e-05
3.905929999999999718e-06 2.508550000000000233e-04
-5.797979999999999670e-05 4.502619999999999930e-04
-1.114390000000000015e-04 5.682480000000000387e-04
-1.672749999999999866e-04 5.954550000000000511e-04
-2.320380000000000034e-04 5.672770000000000373e-04
-3.007870000000000053e-04 5.383249999999999797e-04
-3.577459999999999863e-04 5.464750000000000423e-04
-3.820879999999999914e-04 5.813580000000000267e-04
-3.553380000000000189e-04 5.734530000000000270e-04
-2.696609999999999784e-04 4.441779999999999882e-04
-1.359909999999999927e-04 1.728009999999999876e-04
1.619339999999999983e-05 -2.031749999999999919e-04
1.537730000000000065e-04 -6.081250000000000501e-04
2.591639999999999873e-04 -9.432029999999999885e-04
3.365859999999999924e-04 -1.126779999999999969e-03
4.016460000000000234e-04 -1.135949999999999937e-03
4.647030000000000128e-04 -1.011930000000000078e-03
5.200359999999999792e-04 -8.320989999999999897e-04
5.458499999999999594e-04 -6.612080000000000431e-04
5.136490000000000283e-04 -5.165560000000000464e-04
4.032320000000000045e-04 -3.736969999999999832e-04
2.167360000000000066e-04 -1.835050000000000125e-04
-1.702810000000000049e-05 9.368220000000000236e-05
-2.514300000000000237e-04 4.455519999999999923e-04
-4.397940000000000248e-04 8.040880000000000033e-04
-5.540859999999999666e-04 1.086139999999999979e-03
-5.954759999999999481e-04 1.243100000000000021e-03
-5.890760000000000093e-04 1.270150000000000055e-03
-5.631549999999999707e-04 1.180639999999999945e-03
-5.266539999999999893e-04 9.872329999999999040e-04
-4.631629999999999970e-04 6.966319999999999804e-04
-3.469920000000000144e-04 3.315670000000000054e-04
-1.678759999999999899e-04 -6.319320000000000341e-05
5.816400000000000080e-05 -4.648259999999999979e-04
2.986579999999999856e-04 -8.625209999999999908e-04
5.186890000000000207e-04 -1.208400000000000099e-03
6.868329999999999748e-04 -1.436980000000000028e-03
7.786839999999999734e-04 -1.491700000000000101e-03
7.834829999999999659e-04 -1.348800000000000042e-03
7.097520000000000174e-04 -1.055850000000000104e-03
5.811619999999999764e-04 -7.022460000000000117e-04
4.202140000000000259e-04 -3.571960000000000001e-04
2.326449999999999926e-04 -3.359270000000000111e-05
9.760919999999999712e-06 3.001349999999999851e-04
-2.502250000000000242e-04 6.668069999999999466e-04
-5.219829999999999522e-04 1.050390000000000004e-03
-7.558719999999999892e-04 1.399049999999999990e-03
-9.028120000000000155e-04 1.639950000000000045e-03
-9.387980000000000196e-04 1.700890000000000041e-03
-8.700269999999999965e-04 1.536510000000000046e-03
-7.201450000000000516e-04 1.148769999999999913e-03
-5.139609999999999535e-04 5.826989999999999991e-04
-2.687440000000000141e-04 -8.445020000000000673e-05
4.258329999999999936e-06 -7.423980000000000162e-04
2.927000000000000131e-04 -1.275569999999999959e-03
5.783249999999999762e-04 -1.614119999999999921e-03
8.366569999999999823e-04 -1.743530000000000080e-03
1.037240000000000037e-03 -1.688379999999999959e-03
1.144739999999999994e-03 -1.494909999999999902e-03
1.126339999999999980e-03 -1.214940000000000074e-03
9.640090000000000464e-04 -8.531059999999999598e-04
6.637260000000000078e-04 -3.782980000000000023e-04
2.604980000000000121e-04 1.840180000000000125e-04
-1.845700000000000032e-04 7.752749999999999659e-04
-6.022249999999999609e-04 1.325140000000000042e-03
-9.386639999999999697e-04 1.751839999999999951e-03
-1.167269999999999983e-03 1.993799999999999999e-03
-1.282350000000000026e-03 2.012540000000000162e-03
-1.283010000000000010e-03 1.782860000000000044e-03
-1.162590000000000021e-03 1.302559999999999916e-03
-9.120060000000000363e-04 5.906410000000000392e-04
-5.333169999999999491e-04 -2.794769999999999806e-04
-5.605310000000000040e-05 -1.119879999999999964e-03
4.581690000000000242e-04 -1.732299999999999986e-03
9.341109999999999474e-04 -2.014440000000000154e-03
1.309459999999999921e-03 -1.976420000000000000e-03
1.544830000000000075e-03 -1.719720000000000103e-03
1.613070000000000085e-03 -1.339150000000000106e-03
1.488610000000000020e-03 -8.909290000000000482e-04
1.159110000000000088e-03 -4.180310000000000232e-04
6.485939999999999501e-04 9.635220000000000221e-05
2.296749999999999991e-05 7.006749999999999957e-04
-6.249400000000000441e-04 1.350070000000000089e-03
-1.195270000000000013e-03 1.905540000000000055e-03
-1.600010000000000017e-03 2.178289999999999827e-03
-1.781309999999999925e-03 2.030169999999999978e-03
-1.726279999999999959e-03 1.484960000000000013e-03
-1.464119999999999961e-03 6.612649999999999648e-04
-1.041969999999999919e-03 -2.395090000000000001e-04
-5.041919999999999865e-04 -9.738089999999999594e-04
1.084759999999999961e-04 -1.395430000000000021e-03
7.478580000000000080e-04 -1.516149999999999963e-03
1.348589999999999988e-03 -1.480100000000000035e-03
1.825030000000000055e-03 -1.419839999999999904e-03
2.077240000000000163e-03 -1.329780000000000025e-03
2.016560000000000141e-03 -1.110389999999999945e-03
1.612549999999999921e-03 -6.898059999999999478e-04
9.288239999999999691e-04 -6.318149999999999808e-05
1.088729999999999993e-04 6.866469999999999735e-04
-6.820739999999999616e-04 1.372989999999999931e-03
-1.314749999999999946e-03 1.761020000000000077e-03
-1.720530000000000063e-03 1.692329999999999919e-03
-1.885919999999999914e-03 1.215780000000000072e-03
-1.832969999999999955e-03 5.660689999999999906e-04
-1.592539999999999928e-03 4.859700000000000245e-06
-1.180910000000000076e-03 -3.185180000000000021e-04
-6.019919999999999785e-04 -4.044370000000000040e-04
1.183080000000000064e-04 -3.728730000000000195e-04
8.948450000000000154e-04 -3.881420000000000117e-04
1.580440000000000013e-03 -5.222189999999999818e-04
2.008250000000000052e-03 -6.961940000000000229e-04
2.060680000000000064e-03 -7.763699999999999681e-04
1.726459999999999974e-03 -6.665669999999999625e-04
1.107640000000000013e-03 -3.618660000000000214e-04
3.725150000000000206e-04 7.151919999999999789e-06
-3.129389999999999798e-04 2.398260000000000040e-04
-8.396890000000000170e-04 2.185719999999999937e-04
-1.176449999999999892e-03 2.004910000000000088e-05
-1.349780000000000077e-03 -1.465700000000000011e-04
-1.392730000000000010e-03 -1.256320000000000060e-04
-1.300109999999999938e-03 9.957599999999999665e-05
-1.035380000000000024e-03 4.516669999999999973e-04
-5.868870000000000206e-04 8.120659999999999597e-04
-1.570100000000000095e-05 1.027989999999999893e-03
5.531740000000000268e-04 9.793609999999999902e-04
9.829759999999999887e-04 6.754149999999999564e-04
1.177510000000000102e-03 2.381179999999999994e-04
1.111220000000000003e-03 -1.946960000000000075e-04
8.373169999999999658e-04 -5.822340000000000501e-04
4.702999999999999932e-04 -9.521799999999999535e-04
1.356759999999999932e-04 -1.287479999999999918e-03
-9.106120000000000154e-05 -1.497690000000000089e-03
-2.104990000000000051e-04 -1.454959999999999934e-03
-2.704420000000000240e-04 -1.080220000000000008e-03
-3.121250000000000109e-04 -4.021119999999999881e-04
-3.418329999999999915e-04 4.593700000000000149e-04
-3.441350000000000246e-04 1.291059999999999907e-03
-3.088999999999999732e-04 1.830449999999999959e-03
-2.471630000000000051e-04 1.943260000000000039e-03
-1.918099999999999948e-04 1.683260000000000008e-03
-1.789639999999999894e-04 1.178049999999999931e-03
-2.142570000000000054e-04 5.104419999999999487e-04
-2.545119999999999783e-04 -2.566709999999999825e-04
-2.337379999999999905e-04 -9.937819999999999120e-04
-1.129100000000000015e-04 -1.554870000000000080e-03
9.592529999999999449e-05 -1.828619999999999985e-03
3.457290000000000233e-04 -1.763220000000000022e-03
5.814219999999999501e-04 -1.354399999999999962e-03
7.490720000000000408e-04 -6.189340000000000206e-04
7.983480000000000481e-04 2.932440000000000133e-04
7.010809999999999915e-04 1.094539999999999966e-03
4.687550000000000072e-04 1.547930000000000096e-03
1.432960000000000050e-04 1.549000000000000030e-03
-2.229929999999999976e-04 1.094740000000000079e-03
-5.747890000000000291e-04 3.366530000000000173e-04
-8.537500000000000167e-04 -4.393070000000000004e-04
-1.001230000000000089e-03 -9.867879999999999447e-04
-9.684820000000000017e-04 -1.162700000000000018e-03
-7.375389999999999464e-04 -9.510150000000000417e-04
-3.409789999999999891e-04 -4.730350000000000136e-04
1.341919999999999918e-04 1.340529999999999988e-04
5.653210000000000309e-04 7.501860000000000169e-04
8.396830000000000309e-04 1.176219999999999957e-03
9.048949999999999615e-04 1.222849999999999935e-03
7.817419999999999838e-04 8.348230000000000537e-04
5.339900000000000289e-04 1.059119999999999983e-04
2.335369999999999970e-04 -7.782950000000000285e-04
-5.083829999999999740e-05 -1.609760000000000010e-03
-2.587050000000000244e-04 -2.093100000000000082e-03
-3.566309999999999945e-04 -1.974469999999999871e-03
-3.487480000000000159e-04 -1.235970000000000081e-03
-2.634830000000000115e-04 -9.247660000000000157e-05
-1.370809999999999976e-04 1.111900000000000084e-03
-1.144709999999999921e-05 2.018439999999999818e-03
6.643490000000000322e-05 2.338059999999999878e-03
5.729989999999999666e-05 2.012279999999999971e-03
-4.852540000000000130e-05 1.172260000000000055e-03
-2.110889999999999978e-04 2.733760000000000064e-05
-3.482889999999999988e-04 -1.090899999999999899e-03
-3.799100000000000133e-04 -1.828210000000000035e-03
-2.715290000000000086e-04 -1.978000000000000157e-03
-4.127320000000000321e-05 -1.593220000000000009e-03
2.572189999999999915e-04 -8.503039999999999687e-04
5.426030000000000089e-04 8.477439999999999932e-05
7.201049999999999639e-04 9.192780000000000439e-04
7.242519999999999904e-04 1.342569999999999961e-03
5.538090000000000504e-04 1.232030000000000061e-03
2.639480000000000146e-04 6.661419999999999928e-04
-6.744480000000000180e-05 -1.201790000000000025e-04
-3.662529999999999779e-04 -8.245000000000000375e-04
-5.730330000000000276e-04 -1.164000000000000104e-03
-6.500170000000000210e-04 -9.901029999999999900e-04
-5.890459999999999707e-04 -3.746949999999999760e-04
-4.158610000000000084e-04 4.386400000000000151e-04
-1.847200000000000068e-04 1.120329999999999894e-03
3.996580000000000282e-05 1.365230000000000046e-03
2.043459999999999981e-04 1.085060000000000104e-03
2.756969999999999863e-04 4.526639999999999744e-04
2.511799999999999905e-04 -2.726189999999999863e-04
1.677480000000000073e-04 -8.544180000000000177e-04
8.991559999999999679e-05 -1.096009999999999910e-03
7.013819999999999874e-05 -9.357060000000000160e-04
1.161630000000000057e-04 -5.001629999999999748e-04
1.918889999999999919e-04 -1.294669999999999922e-05
2.425480000000000095e-04 3.260709999999999889e-04
2.227709999999999988e-04 4.198490000000000251e-04
1.162480000000000024e-04 2.981559999999999961e-04
-5.559330000000000185e-05 8.147970000000000527e-05
-2.385069999999999985e-04 -8.867970000000000410e-05
-3.663009999999999747e-04 -1.173310000000000054e-04
-3.914680000000000134e-04 3.369909999999999978e-06
-3.091300000000000167e-04 1.980549999999999867e-04
-1.588419999999999947e-04 3.509319999999999801e-04
-2.910370000000000140e-06 3.689429999999999945e-04
1.047880000000000003e-04 2.322079999999999967e-04
1.417710000000000086e-04 -1.540129999999999908e-07
1.220359999999999951e-04 -2.271320000000000066e-04
8.382259999999999939e-05 -3.587090000000000244e-04
6.723759999999999470e-05 -3.573599999999999802e-04
9.232090000000000576e-05 -2.504730000000000259e-04
1.481870000000000095e-04 -1.092809999999999994e-04
1.990550000000000110e-04 -6.176179999999999709e-06
2.042540000000000132e-04 2.486769999999999909e-05
1.414940000000000110e-04 1.195879999999999933e-06
2.084379999999999854e-05 -2.810410000000000084e-05
-1.181470000000000057e-04 -1.944379999999999839e-05
-2.249010000000000072e-04 3.840859999999999679e-05
-2.626099999999999810e-04 1.239740000000000026e-04
-2.260840000000000126e-04 1.988889999999999994e-04
-1.423259999999999922e-04 2.281899999999999955e-04
-5.365200000000000063e-05 1.973780000000000066e-04
5.871990000000000000e-06 1.176859999999999978e-04
2.649029999999999945e-05 1.802709999999999889e-05
2.319869999999999864e-05 -7.035430000000000503e-05
2.247899999999999942e-05 -1.272950000000000069e-04
4.446009999999999806e-05 -1.488069999999999866e-04
9.066939999999999624e-05 -1.435040000000000003e-04
1.433139999999999902e-04 -1.245770000000000102e-04
1.755319999999999992e-04 -1.024100000000000037e-04
1.664400000000000124e-04 -8.094590000000000032e-05
1.126340000000000061e-04 -5.831030000000000311e-05
3.008160000000000011e-05 -3.029800000000000028e-05
-5.406479999999999777e-05 5.542549999999999983e-06
-1.146739999999999934e-04 4.730099999999999995e-05
-1.394529999999999945e-04 8.863579999999999593e-05
-1.320550000000000087e-04 1.209379999999999998e-04
-1.069460000000000023e-04 1.364389999999999993e-04
-7.989889999999999493e-05 1.308439999999999961e-04
-5.972909999999999705e-05 1.046319999999999970e-04
-4.538369999999999714e-05 6.284430000000000409e-05
-2.912860000000000094e-05 1.365049999999999916e-05
-3.239780000000000176e-06 -3.384739999999999716e-05
3.393890000000000128e-05 -7.192569999999999476e-05
7.591770000000000668e-05 -9.597250000000000312e-05
1.108109999999999933e-04 -1.050709999999999974e-04
1.270719999999999923e-04 -1.012920000000000053e-04
1.189329999999999945e-04 -8.810049999999999446e-05
8.879619999999999527e-05 -6.867649999999999883e-05
4.566400000000000190e-05 -4.494680000000000138e-05
8.876600000000000486e-07 -1.771900000000000094e-05
-3.638090000000000264e-05 1.228060000000000063e-05
-6.184109999999999987e-05 4.316229999999999839e-05
-7.592569999999999712e-05 7.125320000000000416e-05
-8.156329999999999884e-05 9.161450000000000181e-05
-8.142500000000000052e-05 9.958239999999999714e-05
-7.622820000000000312e-05 9.262689999999999910e-05
-6.483510000000000542e-05 7.159320000000000430e-05
