-4.168910000000000238e-08 8.316139999999999715e-07
-2.439699999999999804e-07 3.087470000000000104e-06
-6.711949999999999959e-07 5.616970000000000196e-06
-1.327970000000000052e-06 1.005179999999999920e-05
-2.655220000000000135e-06 2.294889999999999978e-05
-5.928090000000000192e-06 5.173930000000000114e-05
-1.255279999999999948e-05 9.611280000000000582e-05
-2.231839999999999963e-05 1.398279999999999901e-04
-3.250389999999999893e-05 1.600130000000000009e-04
-3.923840000000000026e-05 1.353369999999999953e-04
-3.948769999999999803e-05 5.172440000000000235e-05
-3.208840000000000265e-05 -7.705410000000000482e-05
-1.800079999999999882e-05 -2.072549999999999935e-04
8.174069999999999820e-07 -2.931920000000000077e-04
2.415900000000000027e-05 -3.176669999999999928e-04
5.507640000000000007e-05 -3.003139999999999846e-04
9.689140000000000545e-05 -2.818860000000000181e-04
1.471750000000000131e-04 -2.972270000000000055e-04
1.943650000000000000e-04 -3.474829999999999933e-04
2.208649999999999936e-04 -3.865809999999999906e-04
2.116590000000000008e-04 -3.503989999999999904e-04
1.640090000000000081e-04 -2.119989999999999874e-04
9.095959999999999560e-05 3.423400000000000122e-06
1.311669999999999929e-05 2.443570000000000052e-04
-5.594649999999999705e-05 4.532189999999999852e-04
-1.170619999999999983e-04 5.817109999999999469e-04
-1.795599999999999952e-04 6.176590000000000032e-04
-2.494579999999999823e-04 5.944089999999999530e-04
-3.219109999999999745e-04 5.666900000000000106e-04
-3.814660000000000099e-04 5.744199999999999653e-04
-4.076920000000000262e-04 6.093739999999999834e-04
-3.823289999999999913e-04 6.023200000000000472e-04
-2.969469999999999879e-04 4.727190000000000255e-04
-1.607210000000000084e-04 1.971200000000000101e-04
-1.173590000000000016e-06 -1.886160000000000115e-04
1.487720000000000047e-04 -6.087039999999999508e-04
2.691419999999999924e-04 -9.623389999999999896e-04
3.606220000000000042e-04 -1.164239999999999980e-03
4.363379999999999819e-04 -1.187099999999999961e-03
5.060509999999999835e-04 -1.069089999999999971e-03
5.646159999999999894e-04 -8.876780000000000347e-04
5.910060000000000400e-04 -7.105899999999999847e-04
5.571919999999999738e-04 -5.585160000000000038e-04
4.428419999999999861e-04 -4.084790000000000035e-04
2.491489999999999959e-04 -2.103639999999999937e-04
3.602280000000000093e-06 7.776169999999999784e-05
-2.476609999999999858e-04 4.453300000000000205e-04
-4.564699999999999986e-04 8.240580000000000170e-04
-5.911990000000000431e-04 1.128080000000000055e-03
-6.486110000000000009e-04 1.304529999999999926e-03
-6.506780000000000203e-04 1.344490000000000051e-03
-6.254080000000000403e-04 1.258840000000000002e-03
-5.841460000000000142e-04 1.060030000000000000e-03
-5.134389999999999744e-04 7.565579999999999484e-04
-3.887499999999999897e-04 3.740610000000000224e-04
-1.986230000000000124e-04 -4.003950000000000179e-05
4.272019999999999800e-05 -4.618189999999999774e-04
3.030339999999999857e-04 -8.810320000000000174e-04
5.456970000000000440e-04 -1.250110000000000023e-03
7.366539999999999980e-04 -1.501399999999999957e-03
8.483660000000000289e-04 -1.574029999999999917e-03
8.663149999999999887e-04 -1.440160000000000008e-03
7.954859999999999796e-04 -1.145790000000000046e-03
6.582909999999999760e-04 -7.812570000000000452e-04
4.796679999999999889e-04 -4.179879999999999967e-04
2.702630000000000245e-04 -7.111499999999999929e-05
2.545730000000000104e-05 2.887820000000000144e-04
-2.557179999999999935e-04 6.823480000000000474e-04
-5.494830000000000244e-04 1.091780000000000094e-03
-8.068889999999999786e-04 1.464400000000000033e-03
-9.765159999999999726e-04 1.726749999999999986e-03
-1.029890000000000102e-03 1.804559999999999975e-03
-9.692159999999999578e-04 1.648170000000000017e-03
-8.162869999999999588e-04 1.254979999999999941e-03
-5.960060000000000531e-04 6.684290000000000067e-04
-3.271150000000000013e-04 -3.144540000000000220e-05
-2.352479999999999879e-05 -7.285749999999999692e-04
2.987639999999999740e-04 -1.301230000000000008e-03
6.175589999999999465e-04 -1.674909999999999941e-03
9.051670000000000159e-04 -1.832370000000000049e-03
1.129189999999999968e-03 -1.796690000000000093e-03
1.253149999999999967e-03 -1.613140000000000103e-03
1.242730000000000050e-03 -1.333149999999999960e-03
1.077700000000000012e-03 -9.614019999999999814e-04
7.621490000000000513e-04 -4.666709999999999912e-04
3.308699999999999814e-04 1.256730000000000011e-04
-1.530079999999999960e-04 7.558439999999999820e-04
-6.157170000000000004e-04 1.350209999999999909e-03
-9.970510000000001004e-04 1.821920000000000093e-03
-1.263870000000000054e-03 2.103400000000000061e-03
-1.405830000000000057e-03 2.150350000000000091e-03
-1.420169999999999896e-03 1.933199999999999936e-03
-1.300249999999999974e-03 1.447799999999999955e-03
-1.037500000000000011e-03 7.137559999999999608e-04
-6.341699999999999811e-04 -1.930369999999999883e-04
-1.199399999999999935e-04 -1.080709999999999917e-03
4.420760000000000141e-04 -1.745400000000000033e-03
9.720440000000000330e-04 -2.078430000000000034e-03
1.399870000000000107e-03 -2.083970000000000093e-03
1.677749999999999988e-03 -1.858700000000000022e-03
1.772640000000000023e-03 -1.494029999999999924e-03
1.656590000000000102e-03 -1.044659999999999990e-03
1.316770000000000093e-03 -5.547360000000000095e-04
7.775650000000000270e-04 -1.058480000000000071e-05
1.071070000000000030e-04 6.338690000000000123e-04
-5.968430000000000046e-04 1.332990000000000043e-03
-1.228020000000000023e-03 1.945689999999999920e-03
-1.691980000000000046e-03 2.276559999999999955e-03
-1.924099999999999986e-03 2.176940000000000038e-03
-1.903809999999999921e-03 1.660470000000000045e-03
-1.653340000000000105e-03 8.400579999999999723e-04
-1.217170000000000057e-03 -8.322699999999999445e-05
-6.426929999999999536e-04 -8.610109999999999595e-04
2.270909999999999913e-05 -1.338049999999999917e-03
7.233699999999999809e-04 -1.515870000000000108e-03
1.387009999999999936e-03 -1.531330000000000018e-03
1.922080000000000056e-03 -1.514659999999999921e-03
2.223909999999999949e-03 -1.460350000000000016e-03
2.199389999999999852e-03 -1.267410000000000064e-03
1.812309999999999919e-03 -8.597820000000000159e-04
1.119690000000000008e-03 -2.274130000000000129e-04
2.618279999999999740e-04 5.508590000000000058e-04
-5.917249999999999767e-04 1.288620000000000087e-03
-1.300410000000000108e-03 1.744619999999999895e-03
-1.781720000000000092e-03 1.746839999999999938e-03
-2.009819999999999836e-03 1.328240000000000063e-03
-1.998150000000000186e-03 7.131929999999999867e-04
-1.774149999999999946e-03 1.625859999999999914e-04
-1.356589999999999966e-03 -1.683629999999999871e-04
-7.553980000000000070e-04 -2.731659999999999796e-04
-1.210660000000000069e-06 -2.676040000000000081e-04
8.199670000000000049e-04 -3.152709999999999974e-04
1.561520000000000052e-03 -4.897190000000000050e-04
2.053609999999999984e-03 -7.128739999999999513e-04
2.169330000000000130e-03 -8.475579999999999919e-04
1.883949999999999904e-03 -7.884590000000000348e-04
1.287610000000000013e-03 -5.183339999999999606e-04
5.439899999999999467e-04 -1.579359999999999868e-04
-1.765880000000000108e-04 9.358190000000000605e-05
-7.539489999999999604e-04 1.106170000000000016e-04
-1.143340000000000068e-03 -4.256599999999999869e-05
-1.360829999999999939e-03 -1.661859999999999976e-04
-1.436360000000000024e-03 -1.076229999999999960e-04
-1.368859999999999955e-03 1.511670000000000114e-04
-1.127289999999999976e-03 5.349050000000000159e-04
-6.999429999999999628e-04 9.252839999999999589e-04
-1.414210000000000000e-04 1.165779999999999941e-03
4.305310000000000018e-04 1.127940000000000019e-03
8.816330000000000477e-04 8.121380000000000092e-04
1.112429999999999973e-03 3.381920000000000173e-04
1.090189999999999996e-03 -1.481090000000000011e-04
8.589519999999999577e-04 -5.926310000000000388e-04
5.246950000000000442e-04 -1.012349999999999969e-03
2.095710000000000032e-04 -1.385630000000000108e-03
-6.803939999999999607e-06 -1.621290000000000057e-03
-1.174869999999999951e-04 -1.591530000000000071e-03
-1.671979999999999940e-04 -1.217219999999999977e-03
-2.023740000000000109e-04 -5.267369999999999951e-04
-2.386230000000000089e-04 3.611229999999999779e-04
-2.664020000000000016e-04 1.234539999999999900e-03
-2.742450000000000009e-04 1.828589999999999946e-03
-2.657909999999999765e-04 1.999969999999999786e-03
-2.634100000000000005e-04 1.789739999999999951e-03
-2.929559999999999781e-04 1.315669999999999904e-03
-3.536069999999999773e-04 6.570420000000000427e-04
-4.009430000000000134e-04 -1.213860000000000064e-04
-3.704800000000000172e-04 -8.850709999999999697e-04
-2.243079999999999944e-04 -1.481820000000000012e-03
2.458349999999999934e-05 -1.795619999999999942e-03
3.259579999999999986e-04 -1.772640000000000023e-03
6.185949999999999956e-04 -1.407070000000000065e-03
8.411329999999999849e-04 -7.107629999999999981e-04
9.354090000000000018e-04 1.745240000000000116e-04
8.644949999999999553e-04 9.672759999999999865e-04
6.322059999999999572e-04 1.430279999999999919e-03
2.789959999999999966e-04 1.454449999999999927e-03
-1.357899999999999992e-04 1.031180000000000031e-03
-5.450109999999999764e-04 3.067370000000000144e-04
-8.793779999999999956e-04 -4.372690000000000040e-04
-1.073060000000000029e-03 -9.566520000000000015e-04
-1.073500000000000018e-03 -1.107970000000000005e-03
-8.605369999999999773e-04 -8.738199999999999787e-04
-4.656269999999999788e-04 -3.760169999999999745e-04
2.379960000000000165e-05 2.444039999999999863e-04
4.824849999999999994e-04 8.620630000000000437e-04
7.924530000000000376e-04 1.273929999999999941e-03
8.940779999999999735e-04 1.289929999999999896e-03
8.018689999999999759e-04 8.581560000000000013e-04
5.772719999999999848e-04 7.992489999999999773e-05
2.933659999999999827e-04 -8.503879999999999903e-04
2.059349999999999858e-05 -1.718520000000000074e-03
-1.797819999999999941e-04 -2.225729999999999983e-03
-2.734330000000000094e-04 -2.114589999999999959e-03
-2.643079999999999909e-04 -1.363099999999999902e-03
-1.836730000000000014e-04 -1.856650000000000054e-04
-7.276450000000000441e-05 1.067889999999999942e-03
2.400279999999999997e-05 2.029110000000000202e-03
6.283870000000000536e-05 2.398720000000000019e-03
1.188449999999999946e-05 2.109760000000000021e-03
-1.308910000000000043e-04 1.287850000000000106e-03
-3.203629999999999954e-04 1.406570000000000053e-04
-4.711189999999999866e-04 -9.971080000000000221e-04
-4.996799999999999593e-04 -1.763150000000000004e-03
-3.694530000000000015e-04 -1.941419999999999908e-03
-1.008869999999999982e-04 -1.579909999999999908e-03
2.451250000000000087e-04 -8.563139999999999467e-04
5.790640000000000110e-04 6.062700000000000077e-05
7.996169999999999710e-04 8.780209999999999881e-04
8.347740000000000412e-04 1.285859999999999998e-03
6.766839999999999878e-04 1.161069999999999941e-03
3.779550000000000227e-04 5.828030000000000103e-04
2.083979999999999993e-05 -2.099500000000000075e-04
-3.119409999999999870e-04 -9.094489999999999996e-04
-5.533590000000000123e-04 -1.230090000000000090e-03
-6.615460000000000524e-04 -1.024310000000000064e-03
-6.267090000000000334e-04 -3.676770000000000103e-04
-4.737820000000000117e-04 4.905260000000000262e-04
-2.566259999999999787e-04 1.212790000000000049e-03
-3.982409999999999704e-05 1.484269999999999990e-03
1.227970000000000103e-04 1.208489999999999998e-03
1.998229999999999874e-04 5.565019999999999516e-04
1.899009999999999967e-04 -2.061440000000000104e-04
1.290080000000000090e-04 -8.325039999999999697e-04
7.805069999999999456e-05 -1.115340000000000038e-03
8.590700000000000267e-05 -9.848570000000000067e-04
1.581440000000000092e-04 -5.640379999999999960e-04
2.565549999999999992e-04 -7.890540000000000520e-05
3.232870000000000101e-04 2.636800000000000233e-04
3.099549999999999961e-04 3.602060000000000136e-04
1.988290000000000033e-04 2.389310000000000067e-04
1.164799999999999927e-05 2.403230000000000028e-05
-1.959100000000000132e-04 -1.374699999999999967e-04
-3.549310000000000073e-04 -1.469909999999999891e-04
-4.131849999999999954e-04 2.976340000000000035e-06
-3.596009999999999745e-04 2.325100000000000083e-04
-2.283929999999999934e-04 4.180020000000000003e-04
-7.971309999999999410e-05 4.576800000000000226e-04
3.119510000000000224e-05 3.255740000000000240e-04
7.867950000000000453e-05 8.024069999999999901e-05
7.376149999999999504e-05 -1.722080000000000019e-04
5.281810000000000172e-05 -3.338300000000000208e-04
5.512759999999999714e-05 -3.601200000000000147e-04
1.004529999999999952e-04 -2.747539999999999922e-04
1.774749999999999906e-04 -1.486220000000000011e-04
2.489200000000000223e-04 -5.575080000000000161e-05
2.710149999999999929e-04 -3.188350000000000060e-05
2.173040000000000052e-04 -6.010870000000000270e-05
9.433999999999999461e-05 -8.989449999999999795e-05
-5.925139999999999991e-05 -7.509390000000000281e-05
-1.903239999999999891e-04 -2.578350000000000056e-06
-2.566959999999999967e-04 1.056809999999999933e-04
-2.469649999999999775e-04 2.078930000000000101e-04
-1.833449999999999869e-04 2.636930000000000112e-04
-1.062569999999999959e-04 2.531459999999999917e-04
-5.071809999999999811e-05 1.839280000000000049e-04
-2.886489999999999870e-05 8.426369999999999759e-05
-2.768749999999999876e-05 -1.278130000000000077e-05
-2.118140000000000018e-05 -8.403560000000000565e-05
1.167219999999999982e-05 -1.227330000000000055e-04
7.348739999999999710e-05 -1.356320000000000052e-04
1.463050000000000028e-04 -1.348110000000000074e-04
2.009590000000000118e-04 -1.296450000000000098e-04
2.123670000000000082e-04 -1.227059999999999870e-04
1.724170000000000130e-04 -1.103809999999999991e-04
9.374810000000000456e-05 -8.676769999999999936e-05
2.946949999999999796e-06 -4.834340000000000203e-05
-7.252410000000000584e-05 2.952489999999999831e-06
-1.163170000000000046e-04 5.950099999999999834e-05
-1.280599999999999902e-04 1.104330000000000047e-04
-1.195860000000000033e-04 1.453009999999999968e-04
-1.057850000000000045e-04 1.572920000000000112e-04
-9.572570000000000406e-05 1.448859999999999948e-04
-8.869670000000000071e-05 1.117339999999999978e-04
-7.659969999999999778e-05 6.518949999999999647e-05
-5.054910000000000024e-05 1.414279999999999951e-05
-7.573759999999999972e-06 -3.319559999999999774e-05
4.632009999999999719e-05 -7.097659999999999397e-05
9.816469999999999883e-05 -9.641920000000000004e-05
1.337379999999999992e-04 -1.094140000000000065e-04
1.437540000000000063e-04 -1.113309999999999951e-04
1.273790000000000013e-04 -1.036749999999999993e-04
9.164380000000000507e-05 -8.729149999999999594e-05
4.755480000000000080e-05 -6.249279999999999907e-05
5.251520000000000162e-06 -2.997650000000000005e-05
-2.933850000000000040e-05 8.043389999999999234e-06
-5.505890000000000236e-05 4.723569999999999906e-05
-7.363129999999999415e-05 8.159329999999999686e-05
-8.683619999999999371e-05 1.049049999999999993e-04
-9.450690000000000143e-05 1.126909999999999956e-04
-9.435529999999999428e-05 1.037279999999999935e-04
