-1.854979999999999978e-08 8.842110000000000288e-07
-1.272930000000000004e-07 3.404139999999999988e-06
-4.358260000000000011e-07 6.523419999999999792e-06
-1.081460000000000103e-06 1.191249999999999987e-05
-2.403899999999999973e-06 2.667129999999999992e-05
-5.274560000000000030e-06 5.984890000000000224e-05
-1.121340000000000008e-05 1.131249999999999986e-04
-2.182859999999999968e-05 1.703780000000000008e-04
-3.764899999999999817e-05 2.052269999999999919e-04
-5.698090000000000191e-05 1.900430000000000099e-04
-7.527950000000000321e-05 1.041590000000000034e-04
-8.552650000000000183e-05 -4.261100000000000250e-05
-8.003190000000000195e-05 -2.048340000000000111e-04
-5.307869999999999716e-05 -3.287879999999999969e-04
-3.035299999999999975e-06 -3.870160000000000093e-04
6.692560000000000175e-05 -3.932970000000000259e-04
1.493110000000000075e-04 -3.904749999999999909e-04
2.334140000000000119e-04 -4.210020000000000190e-04
3.067570000000000041e-04 -4.928289999999999667e-04
3.567900000000000043e-04 -5.595539999999999759e-04
3.728979999999999795e-04 -5.470159999999999953e-04
3.488589999999999747e-04 -4.128660000000000142e-04
2.848460000000000033e-04 -1.704409999999999899e-04
1.869610000000000011e-04 1.312970000000000001e-04
6.376949999999999990e-05 4.285089999999999863e-04
-7.741310000000000595e-05 6.601649999999999923e-04
-2.311229999999999893e-04 7.969550000000000158e-04
-3.905930000000000057e-04 8.558780000000000207e-04
-5.434339999999999744e-04 8.841979999999999935e-04
-6.700249999999999826e-04 9.273880000000000188e-04
-7.469529999999999616e-04 9.897840000000000631e-04
-7.540900000000000120e-04 1.007520000000000030e-03
-6.815630000000000473e-04 8.875779999999999781e-04
-5.334549999999999535e-04 5.811669999999999467e-04
-3.263419999999999732e-04 1.029920000000000060e-04
-8.265370000000000453e-05 -4.746209999999999947e-04
1.774649999999999958e-04 -1.033829999999999905e-03
4.403850000000000060e-04 -1.456529999999999934e-03
6.966070000000000205e-04 -1.676470000000000000e-03
9.335860000000000295e-04 -1.699900000000000065e-03
1.129000000000000012e-03 -1.591270000000000098e-03
1.249950000000000106e-03 -1.426750000000000067e-03
1.260410000000000003e-03 -1.246869999999999966e-03
1.134510000000000032e-03 -1.043569999999999958e-03
8.695989999999999796e-04 -7.657350000000000267e-04
4.917860000000000243e-04 -3.551730000000000230e-04
5.071879999999999965e-05 1.964790000000000004e-04
-3.942740000000000133e-04 8.252039999999999549e-04
-7.906039999999999813e-04 1.424370000000000107e-03
-1.104630000000000108e-03 1.899829999999999922e-03
-1.324620000000000094e-03 2.196239999999999911e-03
-1.453319999999999916e-03 2.286960000000000208e-03
-1.494529999999999990e-03 2.161909999999999960e-03
-1.442050000000000059e-03 1.822590000000000017e-03
-1.278819999999999957e-03 1.302720000000000050e-03
-9.880379999999998938e-04 6.712740000000000243e-04
-5.691199999999999991e-04 -2.168619999999999915e-05
-4.791400000000000238e-05 -7.483939999999999907e-04
5.241119999999999720e-04 -1.453639999999999967e-03
1.080019999999999895e-03 -2.056930000000000217e-03
1.551749999999999961e-03 -2.465300000000000130e-03
1.882860000000000089e-03 -2.602810000000000106e-03
2.036399999999999842e-03 -2.470940000000000029e-03
1.997810000000000037e-03 -2.139069999999999860e-03
1.772949999999999917e-03 -1.683819999999999935e-03
1.382949999999999978e-03 -1.137470000000000018e-03
8.586530000000000204e-04 -4.855430000000000097e-04
2.384060000000000075e-04 2.799839999999999946e-04
-4.303570000000000268e-04 1.121000000000000035e-03
-1.089520000000000072e-03 1.951409999999999994e-03
-1.673650000000000051e-03 2.656079999999999899e-03
-2.119349999999999880e-03 3.117410000000000146e-03
-2.376870000000000111e-03 3.242119999999999811e-03
-2.417809999999999838e-03 2.984399999999999900e-03
-2.235689999999999813e-03 2.352930000000000039e-03
-1.840980000000000090e-03 1.415809999999999985e-03
-1.256359999999999985e-03 3.112689999999999771e-04
-5.172659999999999498e-04 -7.839620000000000269e-04
3.233089999999999770e-04 -1.724709999999999958e-03
1.191100000000000058e-03 -2.430550000000000072e-03
1.993180000000000212e-03 -2.881470000000000125e-03
2.628940000000000183e-03 -3.095769999999999859e-03
3.007530000000000012e-03 -3.103170000000000147e-03
3.066290000000000161e-03 -2.883510000000000153e-03
2.783400000000000110e-03 -2.375710000000000061e-03
2.182760000000000169e-03 -1.580000000000000024e-03
1.330879999999999997e-03 -5.531079999999999634e-04
3.254660000000000040e-04 6.037189999999999571e-04
-7.217099999999999731e-04 1.749230000000000056e-03
-1.702320000000000005e-03 2.743719999999999840e-03
-2.523759999999999892e-03 3.462189999999999972e-03
-3.113030000000000137e-03 3.794019999999999945e-03
-3.414089999999999833e-03 3.663979999999999841e-03
-3.384890000000000208e-03 3.042379999999999911e-03
-3.000210000000000116e-03 1.987140000000000087e-03
-2.263859999999999918e-03 7.104919999999999595e-04
-1.224940000000000100e-03 -5.261200000000000382e-04
1.411850000000000043e-05 -1.537570000000000039e-03
1.306239999999999962e-03 -2.257579999999999917e-03
2.483570000000000048e-03 -2.728780000000000094e-03
3.387219999999999814e-03 -2.995199999999999946e-03
3.893139999999999795e-03 -3.056440000000000112e-03
3.930730000000000335e-03 -2.896899999999999996e-03
3.493159999999999928e-03 -2.455000000000000151e-03
2.637340000000000170e-03 -1.657040000000000032e-03
1.473799999999999936e-03 -5.428279999999999737e-04
1.490250000000000038e-04 7.220809999999999599e-04
-1.176390000000000031e-03 1.875319999999999982e-03
-2.349369999999999931e-03 2.658839999999999988e-03
-3.241729999999999959e-03 2.958559999999999836e-03
-3.759929999999999869e-03 2.776059999999999899e-03
-3.847339999999999875e-03 2.240830000000000079e-03
-3.485629999999999978e-03 1.578739999999999918e-03
-2.700469999999999954e-03 9.672720000000000319e-04
-1.569330000000000074e-03 4.506959999999999959e-04
-2.240140000000000002e-04 -6.641670000000000397e-05
1.159330000000000083e-03 -6.894320000000000222e-04
2.384129999999999930e-03 -1.386810000000000039e-03
3.268389999999999924e-03 -2.000590000000000007e-03
3.683780000000000214e-03 -2.359739999999999928e-03
3.586069999999999796e-03 -2.342990000000000090e-03
3.022640000000000049e-03 -1.930620000000000079e-03
2.113100000000000134e-03 -1.246289999999999941e-03
1.012909999999999896e-03 -5.239059999999999811e-04
-1.225999999999999985e-04 6.480389999999999969e-06
-1.160999999999999923e-03 2.720360000000000226e-04
-1.999680000000000207e-03 3.881229999999999836e-04
-2.562249999999999858e-03 5.428260000000000507e-04
-2.794299999999999996e-03 8.580799999999999973e-04
-2.667960000000000036e-03 1.319800000000000096e-03
-2.196529999999999924e-03 1.776879999999999996e-03
-1.449610000000000048e-03 2.007450000000000033e-03
-5.541440000000000124e-04 1.871489999999999959e-03
3.265729999999999783e-04 1.403640000000000053e-03
1.033950000000000060e-03 7.492139999999999998e-04
1.460619999999999931e-03 8.080140000000000195e-05
1.580730000000000026e-03 -4.721770000000000025e-04
1.448899999999999928e-03 -9.039850000000000533e-04
1.169619999999999905e-03 -1.311319999999999934e-03
8.527839999999999856e-04 -1.766779999999999913e-03
5.756910000000000282e-04 -2.195770000000000100e-03
3.668279999999999783e-04 -2.400610000000000070e-03
2.163079999999999896e-04 -2.222839999999999799e-03
1.022649999999999975e-04 -1.637640000000000103e-03
1.199289999999999998e-05 -7.294099999999999976e-04
-5.742250000000000121e-05 3.506960000000000047e-04
-1.144899999999999965e-04 1.384330000000000022e-03
-1.858619999999999901e-04 2.144050000000000209e-03
-3.113340000000000248e-04 2.503270000000000148e-03
-5.214570000000000186e-04 2.467140000000000045e-03
-8.105879999999999986e-04 2.125279999999999791e-03
-1.121779999999999956e-03 1.545790000000000011e-03
-1.354720000000000013e-03 7.662079999999999932e-04
-1.398120000000000092e-03 -1.312230000000000004e-04
-1.174319999999999965e-03 -9.983990000000000746e-04
-6.754379999999999933e-04 -1.646579999999999919e-03
2.683850000000000062e-05 -1.928519999999999974e-03
8.014230000000000008e-04 -1.804940000000000103e-03
1.496179999999999949e-03 -1.334410000000000067e-03
1.976509999999999899e-03 -6.792229999999999579e-04
2.152690000000000072e-03 -7.653390000000000258e-05
1.991900000000000007e-03 3.221189999999999969e-04
1.516570000000000071e-03 5.159179999999999756e-04
7.966670000000000348e-04 5.628420000000000298e-04
-5.750489999999999893e-05 4.749880000000000269e-04
-9.047099999999999760e-04 2.472710000000000251e-04
-1.593629999999999960e-03 -4.405440000000000294e-05
-1.996560000000000088e-03 -2.776170000000000222e-04
-2.043549999999999880e-03 -3.464060000000000034e-04
-1.740910000000000027e-03 -2.069800000000000004e-04
-1.166799999999999955e-03 1.248140000000000013e-04
-4.490970000000000270e-04 6.253460000000000399e-04
2.647099999999999779e-04 1.176030000000000001e-03
8.395949999999999464e-04 1.544510000000000024e-03
1.180190000000000015e-03 1.539779999999999925e-03
1.247269999999999976e-03 1.085440000000000016e-03
1.063410000000000093e-03 2.015840000000000134e-04
7.079400000000000016e-04 -9.298400000000000285e-04
2.981330000000000134e-04 -1.977979999999999842e-03
-4.176750000000000287e-05 -2.641169999999999976e-03
-2.154760000000000085e-04 -2.730049999999999925e-03
-1.842260000000000078e-04 -2.213300000000000076e-03
1.938480000000000116e-05 -1.241979999999999950e-03
2.992229999999999912e-04 -2.557490000000000140e-05
5.237660000000000536e-04 1.221810000000000040e-03
5.698539999999999552e-04 2.204080000000000188e-03
3.701670000000000221e-04 2.640749999999999868e-03
-5.613050000000000071e-05 2.409779999999999821e-03
-6.049080000000000299e-04 1.590419999999999941e-03
-1.119659999999999970e-03 4.121379999999999900e-04
-1.440029999999999913e-03 -8.432350000000000132e-04
-1.450109999999999897e-03 -1.805720000000000025e-03
-1.114600000000000096e-03 -2.147650000000000080e-03
-4.915190000000000487e-04 -1.778279999999999922e-03
2.825360000000000068e-04 -8.628870000000000073e-04
1.028070000000000069e-03 2.586409999999999924e-04
1.567980000000000068e-03 1.190169999999999943e-03
1.772530000000000026e-03 1.586790000000000032e-03
1.593519999999999963e-03 1.342810000000000054e-03
1.078519999999999913e-03 5.702809999999999564e-04
3.622550000000000206e-04 -5.133849999999999915e-04
-3.662459999999999761e-04 -1.551010000000000019e-03
-9.178580000000000202e-04 -2.148549999999999939e-03
-1.162510000000000062e-03 -2.059140000000000102e-03
-1.068829999999999997e-03 -1.332300000000000021e-03
-7.089089999999999715e-04 -2.041120000000000000e-04
-2.308760000000000033e-04 1.063340000000000075e-03
1.918330000000000046e-04 2.093470000000000053e-03
4.208640000000000146e-04 2.522470000000000181e-03
3.998909999999999835e-04 2.207220000000000189e-03
1.690240000000000134e-04 1.250250000000000059e-03
-1.563579999999999961e-04 -3.688050000000000036e-05
-4.316359999999999988e-04 -1.240070000000000018e-03
-5.361510000000000104e-04 -1.966669999999999790e-03
-4.153550000000000102e-04 -1.993210000000000034e-03
-9.806170000000000338e-05 -1.369170000000000066e-03
3.154739999999999953e-04 -3.697540000000000245e-04
6.889179999999999523e-04 6.018199999999999808e-04
8.972529999999999829e-04 1.145060000000000045e-03
8.698980000000000254e-04 1.085599999999999933e-03
6.130830000000000524e-04 5.585030000000000159e-04
2.054179999999999906e-04 -1.499150000000000038e-04
-2.290430000000000092e-04 -7.376060000000000255e-04
-5.628700000000000370e-04 -9.444909999999999937e-04
-7.101839999999999889e-04 -6.741149999999999790e-04
-6.562469999999999935e-04 -6.177249999999999853e-05
-4.581179999999999801e-04 6.112449999999999524e-04
-2.161549999999999930e-04 1.055930000000000063e-03
-2.910739999999999850e-05 1.097899999999999961e-03
4.729669999999999729e-05 7.463769999999999996e-04
2.003190000000000043e-05 1.748189999999999944e-04
-5.123640000000000296e-05 -3.711829999999999730e-04
-8.795400000000000527e-05 -6.877429999999999915e-04
-3.364139999999999947e-05 -6.972150000000000526e-04
1.173639999999999964e-04 -4.665690000000000115e-04
3.164829999999999987e-04 -1.600130000000000009e-04
4.836819999999999813e-04 5.051729999999999827e-05
5.449709999999999971e-04 7.261280000000000382e-05
4.665940000000000257e-04 -6.941419999999999687e-05
2.701509999999999957e-04 -2.611099999999999988e-04
2.232879999999999872e-05 -3.663769999999999787e-04
-1.951389999999999895e-04 -3.009309999999999958e-04
-3.207400000000000225e-04 -7.438020000000000319e-05
-3.372140000000000142e-04 2.191689999999999882e-04
-2.738409999999999824e-04 4.547050000000000180e-04
-1.871780000000000026e-04 5.423070000000000104e-04
-1.306699999999999941e-04 4.678870000000000012e-04
-1.283190000000000025e-04 2.889740000000000017e-04
-1.649379999999999987e-04 9.321229999999999522e-05
-1.969739999999999881e-04 -4.908560000000000315e-05
-1.778010000000000007e-04 -1.104750000000000019e-04
-8.436439999999999478e-05 -1.077510000000000056e-04
6.858769999999999385e-05 -8.455360000000000306e-05
2.339809999999999948e-04 -8.391930000000000136e-05
3.545280000000000046e-04 -1.254960000000000060e-04
3.897630000000000018e-04 -1.975570000000000060e-04
3.340430000000000135e-04 -2.657019999999999846e-04
2.168109999999999948e-04 -2.920390000000000139e-04
8.606069999999999410e-05 -2.544250000000000179e-04
-1.545960000000000018e-05 -1.565329999999999868e-04
-6.874440000000000541e-05 -2.501800000000000001e-05
-8.295719999999999917e-05 1.033879999999999934e-04
-8.506009999999999559e-05 1.975570000000000060e-04
-1.015930000000000012e-04 2.428569999999999958e-04
-1.428749999999999899e-04 2.430939999999999870e-04
-1.975950000000000080e-04 2.142179999999999876e-04
-2.396180000000000087e-04 1.742810000000000073e-04
-2.424430000000000096e-04 1.350559999999999890e-04
-1.932810000000000084e-04 9.886120000000000140e-05
-9.975399999999999393e-05 6.095250000000000299e-05
1.353760000000000063e-05 1.512970000000000017e-05
1.160609999999999989e-04 -4.083239999999999889e-05
1.841149999999999948e-04 -1.025429999999999972e-04
2.091759999999999908e-04 -1.599589999999999909e-04
1.984769999999999905e-04 -2.010210000000000122e-04
1.685249999999999899e-04 -2.160470000000000001e-04
1.355399999999999932e-04 -2.010450000000000106e-04
1.078370000000000045e-04 -1.588170000000000076e-04
8.361509999999999841e-05 -9.777219999999999878e-05
5.457040000000000187e-05 -2.916240000000000051e-05
1.278800000000000021e-05 3.611170000000000189e-05
-4.303360000000000079e-05 9.000890000000000485e-05
-1.052689999999999979e-04 1.284590000000000113e-04
-1.599469999999999917e-04 1.509620000000000092e-04
-1.926470000000000005e-04 1.591239999999999896e-04
-1.946209999999999921e-04 1.549459999999999900e-04
-1.661599999999999948e-04 1.396629999999999942e-04
-1.158679999999999958e-04 1.136009999999999987e-04
-5.658840000000000186e-05 7.699890000000000575e-05
-2.390159999999999745e-07 3.126270000000000139e-05
