-2.475249999999999946e-08 8.721229999999999804e-07
-1.626430000000000092e-07 3.328219999999999874e-06
-5.255290000000000467e-07 6.294640000000000096e-06
-1.227820000000000045e-06 1.142319999999999932e-05
-2.631569999999999946e-06 2.569149999999999957e-05
-5.736940000000000336e-06 5.775690000000000262e-05
-1.215980000000000003e-05 1.087369999999999992e-04
-2.320999999999999970e-05 1.623279999999999949e-04
-3.851880000000000126e-05 1.929570000000000026e-04
-5.528060000000000059e-05 1.748030000000000135e-04
-6.845780000000000040e-05 8.931289999999999661e-05
-7.193570000000000313e-05 -5.238749999999999944e-05
-6.053820000000000257e-05 -2.054299999999999898e-04
-3.184839999999999817e-05 -3.187210000000000000e-04
1.346800000000000048e-05 -3.681350000000000117e-04
7.260819999999999373e-05 -3.692780000000000108e-04
1.412279999999999970e-04 -3.639660000000000182e-04
2.127250000000000072e-04 -3.915100000000000242e-04
2.771420000000000242e-04 -4.570409999999999902e-04
3.214410000000000010e-04 -5.141870000000000425e-04
3.323970000000000093e-04 -4.924820000000000326e-04
3.018380000000000195e-04 -3.550310000000000098e-04
2.312480000000000058e-04 -1.189149999999999956e-04
1.311619999999999887e-04 1.669899999999999987e-04
1.468589999999999944e-05 4.419550000000000063e-04
-1.094500000000000041e-04 6.487939999999999549e-04
-2.382720000000000118e-04 7.612199999999999522e-04
-3.695840000000000041e-04 7.981250000000000063e-04
-4.951759999999999495e-04 8.076739999999999788e-04
-5.979899999999999582e-04 8.352470000000000077e-04
-6.558589999999999559e-04 8.843629999999999894e-04
-6.493059999999999934e-04 8.910259999999999491e-04
-5.688639999999999799e-04 7.647259999999999691e-04
-4.192320000000000139e-04 4.620219999999999752e-04
-2.184440000000000112e-04 3.217979999999999808e-06
8.809060000000000664e-06 -5.369290000000000087e-04
2.403759999999999903e-04 -1.043370000000000061e-03
4.622809999999999875e-04 -1.405739999999999941e-03
6.673119999999999833e-04 -1.567899999999999893e-03
8.479769999999999756e-04 -1.544830000000000075e-03
9.889840000000000436e-04 -1.405309999999999893e-03
1.064959999999999995e-03 -1.224819999999999945e-03
1.046169999999999912e-03 -1.040300000000000079e-03
9.106529999999999833e-04 -8.408099999999999949e-04
6.569310000000000297e-04 -5.756719999999999459e-04
3.099810000000000260e-04 -1.909039999999999869e-04
-8.323359999999999537e-05 3.163659999999999996e-04
-4.668280000000000238e-04 8.795040000000000279e-04
-7.921799999999999675e-04 1.395409999999999923e-03
-1.030670000000000024e-03 1.779619999999999987e-03
-1.177089999999999994e-03 1.989320000000000151e-03
-1.241380000000000044e-03 2.009470000000000180e-03
-1.233139999999999974e-03 1.838680000000000089e-03
-1.149220000000000059e-03 1.483860000000000040e-03
-9.739790000000000340e-04 9.807609999999999158e-04
-6.930070000000000414e-04 3.961190000000000067e-04
-3.100409999999999950e-04 -2.261839999999999879e-04
1.456080000000000059e-04 -8.655800000000000169e-04
6.239589999999999937e-04 -1.472189999999999957e-03
1.066090000000000006e-03 -1.969400000000000057e-03
1.416589999999999907e-03 -2.269880000000000161e-03
1.632769999999999968e-03 -2.307689999999999828e-03
1.690389999999999948e-03 -2.097390000000000192e-03
1.586029999999999992e-03 -1.719470000000000070e-03
1.334640000000000002e-03 -1.255559999999999966e-03
9.618079999999999772e-04 -7.371889999999999650e-04
4.959219999999999861e-04 -1.473190000000000035e-04
-3.330979999999999743e-05 5.238159999999999735e-04
-5.889130000000000449e-04 1.240750000000000099e-03
-1.120750000000000001e-03 1.924869999999999966e-03
-1.568600000000000072e-03 2.474829999999999912e-03
-1.875380000000000059e-03 2.790599999999999851e-03
-2.002519999999999821e-03 2.795890000000000094e-03
-1.937499999999999986e-03 2.458300000000000068e-03
-1.690029999999999918e-03 1.795919999999999895e-03
-1.281699999999999983e-03 8.825560000000000523e-04
-7.390569999999999952e-04 -1.427869999999999866e-04
-9.549380000000000379e-05 -1.110099999999999932e-03
6.018899999999999988e-04 -1.889059999999999915e-03
1.288869999999999903e-03 -2.418430000000000059e-03
1.888499999999999988e-03 -2.695840000000000129e-03
2.322139999999999881e-03 -2.751949999999999969e-03
2.523640000000000171e-03 -2.624449999999999960e-03
2.451930000000000168e-03 -2.301179999999999892e-03
2.098870000000000076e-03 -1.732940000000000088e-03
1.493439999999999959e-03 -9.344689999999999464e-04
7.018449999999999862e-04 2.728650000000000040e-05
-1.813949999999999937e-04 1.051520000000000015e-03
-1.051539999999999897e-03 2.009379999999999847e-03
-1.813860000000000038e-03 2.781810000000000012e-03
-2.396730000000000128e-03 3.267640000000000041e-03
-2.752280000000000178e-03 3.380300000000000145e-03
-2.848380000000000183e-03 3.068169999999999838e-03
-2.662009999999999810e-03 2.323739999999999920e-03
-2.182630000000000074e-03 1.222070000000000014e-03
-1.427199999999999996e-03 -1.833459999999999891e-05
-4.570740000000000219e-04 -1.144430000000000100e-03
6.199070000000000535e-04 -1.990480000000000201e-03
1.667120000000000017e-03 -2.510839999999999860e-03
2.546839999999999868e-03 -2.762469999999999943e-03
3.143120000000000115e-03 -2.798559999999999850e-03
3.373699999999999876e-03 -2.631179999999999890e-03
3.197600000000000095e-03 -2.266660000000000202e-03
2.623760000000000155e-03 -1.672359999999999906e-03
1.716000000000000077e-03 -8.019019999999999534e-04
5.881350000000000466e-04 2.882359999999999827e-04
-6.124089999999999569e-04 1.431980000000000015e-03
-1.730020000000000082e-03 2.382570000000000087e-03
-2.627210000000000049e-03 2.909300000000000080e-03
-3.204030000000000072e-03 2.930490000000000005e-03
-3.404690000000000147e-03 2.478989999999999926e-03
-3.212179999999999810e-03 1.711040000000000044e-03
-2.642230000000000186e-03 8.725329999999999891e-04
-1.744450000000000037e-03 1.527509999999999881e-04
-6.079339999999999701e-04 -3.989369999999999787e-04
6.374329999999999666e-04 -8.755590000000000378e-04
1.830220000000000024e-03 -1.380090000000000049e-03
2.797650000000000050e-03 -1.881910000000000093e-03
3.385350000000000078e-03 -2.234980000000000126e-03
3.493829999999999852e-03 -2.295209999999999785e-03
3.109310000000000112e-03 -1.979489999999999982e-03
2.310689999999999793e-03 -1.308230000000000070e-03
1.245809999999999973e-03 -4.381890000000000156e-04
8.894889999999999806e-05 3.770089999999999813e-04
-9.997680000000000542e-04 9.032680000000000396e-04
-1.898039999999999927e-03 1.076700000000000096e-03
-2.525649999999999944e-03 1.027930000000000033e-03
-2.835320000000000114e-03 9.605139999999999859e-04
-2.801580000000000129e-03 1.011259999999999937e-03
-2.420429999999999891e-03 1.184189999999999895e-03
-1.723549999999999909e-03 1.353470000000000064e-03
-7.960699999999999591e-04 1.329759999999999926e-03
2.198020000000000074e-04 1.007869999999999903e-03
1.146469999999999911e-03 4.505690000000000021e-04
1.816429999999999954e-03 -1.833430000000000097e-04
2.124769999999999784e-03 -7.250860000000000031e-04
2.061719999999999959e-03 -1.063829999999999984e-03
1.707380000000000096e-03 -1.221990000000000055e-03
1.193140000000000086e-03 -1.327840000000000053e-03
6.499729999999999787e-04 -1.484169999999999934e-03
1.676469999999999892e-04 -1.644010000000000003e-03
-2.185289999999999943e-04 -1.635769999999999932e-03
-5.100060000000000227e-04 -1.324579999999999898e-03
-7.124310000000000235e-04 -7.018200000000000263e-04
-8.163610000000000397e-04 1.436909999999999902e-04
-8.075340000000000512e-04 1.067809999999999983e-03
-6.939589999999999604e-04 1.867820000000000071e-03
-5.213600000000000092e-04 2.340070000000000084e-03
-3.611530000000000165e-04 2.390719999999999824e-03
-2.780249999999999952e-04 2.063639999999999832e-03
-2.967700000000000199e-04 1.484969999999999953e-03
-3.859539999999999846e-04 7.487149999999999491e-04
-4.668739999999999891e-04 -9.559920000000000451e-05
-4.467170000000000125e-04 -9.660409999999999484e-04
-2.622929999999999771e-04 -1.724030000000000094e-03
8.778290000000000279e-05 -2.196950000000000031e-03
5.393859999999999887e-04 -2.257859999999999989e-03
9.880469999999999271e-04 -1.889260000000000028e-03
1.326120000000000076e-03 -1.171409999999999899e-03
1.472489999999999910e-03 -2.878709999999999819e-04
1.387200000000000108e-03 5.039680000000000375e-04
1.072180000000000051e-03 1.035230000000000048e-03
5.632350000000000377e-04 1.291590000000000012e-03
-7.672129999999999336e-05 1.322559999999999968e-03
-7.574069999999999804e-04 1.140380000000000083e-03
-1.362479999999999898e-03 7.519099999999999482e-04
-1.768210000000000094e-03 2.543320000000000173e-04
-1.879739999999999970e-03 -2.090430000000000109e-04
-1.664649999999999941e-03 -5.134379999999999587e-04
-1.163589999999999937e-03 -5.994219999999999540e-04
-4.751860000000000003e-04 -4.629430000000000025e-04
2.705909999999999847e-04 -1.036030000000000040e-04
9.382789999999999794e-04 3.812759999999999999e-04
1.411399999999999938e-03 7.710840000000000055e-04
1.613789999999999929e-03 8.749009999999999773e-04
1.522780000000000054e-03 6.057820000000000218e-04
1.174109999999999911e-03 -3.484450000000000156e-05
6.570480000000000287e-04 -8.896709999999999731e-04
9.493249999999999952e-05 -1.658689999999999991e-03
-3.854919999999999744e-04 -2.076779999999999859e-03
-6.856230000000000050e-04 -1.990979999999999833e-03
-7.596929999999999785e-04 -1.396840000000000104e-03
-6.260670000000000080e-04 -4.544479999999999830e-04
-3.620900000000000247e-04 6.373079999999999501e-04
-8.322219999999999748e-05 1.688590000000000013e-03
9.435379999999999776e-05 2.433770000000000031e-03
9.911620000000000489e-05 2.625319999999999997e-03
-6.586309999999999626e-05 2.173560000000000162e-03
-3.261739999999999843e-04 1.183269999999999938e-03
-5.682200000000000315e-04 -1.035679999999999950e-04
-6.804579999999999960e-04 -1.405929999999999897e-03
-5.890179999999999635e-04 -2.363080000000000042e-03
-2.818319999999999810e-04 -2.659840000000000121e-03
1.859960000000000129e-04 -2.216880000000000066e-03
7.077589999999999706e-04 -1.205869999999999945e-03
1.153539999999999991e-03 3.283900000000000187e-05
1.401960000000000055e-03 1.105180000000000095e-03
1.370820000000000025e-03 1.665540000000000076e-03
1.041009999999999982e-03 1.599830000000000002e-03
4.671920000000000088e-04 1.001570000000000021e-03
-2.269270000000000044e-04 6.262940000000000043e-05
-8.740599999999999628e-04 -8.860510000000000044e-04
-1.311419999999999990e-03 -1.472449999999999931e-03
-1.434619999999999949e-03 -1.463520000000000055e-03
-1.230350000000000063e-03 -9.076999999999999999e-04
-7.751249999999999894e-04 -1.902999999999999906e-05
-2.089910000000000053e-04 9.803150000000000492e-04
3.073010000000000043e-04 1.760180000000000078e-03
6.442079999999999551e-04 1.998470000000000021e-03
7.438009999999999891e-04 1.580510000000000031e-03
6.306579999999999782e-04 6.178909999999999698e-04
3.925499999999999736e-04 -5.894049999999999854e-04
1.426130000000000117e-04 -1.654609999999999935e-03
-2.193199999999999940e-05 -2.218830000000000194e-03
-5.127059999999999663e-05 -2.088630000000000174e-03
4.474640000000000242e-05 -1.331989999999999910e-03
2.053280000000000101e-04 -2.284080000000000127e-04
3.434070000000000004e-04 8.257419999999999691e-04
3.791350000000000080e-04 1.441089999999999906e-03
2.705720000000000109e-04 1.450530000000000005e-03
2.857710000000000122e-05 9.848549999999999752e-04
-2.864799999999999812e-04 3.129760000000000202e-04
-5.816320000000000040e-04 -2.860450000000000167e-04
-7.607840000000000262e-04 -5.687790000000000510e-04
-7.612699999999999806e-04 -4.404939999999999876e-04
-5.806229999999999464e-04 -2.025059999999999886e-05
-2.783150000000000077e-04 4.426920000000000095e-04
4.892939999999999947e-05 6.997620000000000402e-04
3.065499999999999974e-04 6.139999999999999625e-04
4.381969999999999789e-04 2.172350000000000030e-04
4.427480000000000239e-04 -3.165539999999999782e-04
3.663219999999999801e-04 -7.621900000000000463e-04
2.749469999999999952e-04 -9.476060000000000342e-04
2.214030000000000078e-04 -8.250139999999999991e-04
2.213949999999999902e-04 -4.787670000000000055e-04
2.493090000000000215e-04 -7.522629999999999497e-05
2.546760000000000126e-04 2.212910000000000061e-04
1.908219999999999968e-04 3.258900000000000121e-04
4.155930000000000035e-05 2.617790000000000156e-04
-1.669720000000000134e-04 1.310989999999999996e-04
-3.750800000000000206e-04 5.092759999999999670e-05
-5.148940000000000071e-04 8.877199999999999642e-05
-5.402440000000000540e-04 2.292820000000000047e-04
-4.467140000000000195e-04 3.880900000000000061e-04
-2.723790000000000022e-04 4.635420000000000013e-04
-7.936169999999999607e-05 3.954539999999999987e-04
7.434209999999999419e-05 1.964339999999999966e-04
1.589689999999999886e-04 -5.985339999999999855e-05
1.818160000000000089e-04 -2.828320000000000053e-04
1.773610000000000117e-04 -4.097419999999999947e-04
1.844310000000000101e-04 -4.252649999999999746e-04
2.225949999999999923e-04 -3.570930000000000046e-04
2.804889999999999771e-04 -2.553969999999999808e-04
3.223440000000000159e-04 -1.656729999999999976e-04
3.087899999999999760e-04 -1.088959999999999955e-04
2.200480000000000047e-04 -7.730980000000000306e-05
6.861119999999999795e-05 -4.562300000000000009e-05
-1.051600000000000028e-04 1.015779999999999954e-05
-2.514729999999999960e-04 9.697390000000000339e-05
-3.331930000000000200e-04 1.998860000000000036e-04
-3.401720000000000221e-04 2.894530000000000085e-04
-2.894950000000000192e-04 3.361579999999999755e-04
-2.131439999999999908e-04 3.238019999999999874e-04
-1.407419999999999884e-04 2.554909999999999972e-04
-8.649110000000000272e-05 1.505040000000000078e-04
-4.620859999999999665e-05 3.501080000000000029e-05
-4.553249999999999985e-06 -6.804959999999999980e-05
5.253120000000000283e-05 -1.453890000000000000e-04
1.272330000000000065e-04 -1.942699999999999950e-04
2.065910000000000012e-04 -2.189670000000000060e-04
2.677949999999999797e-04 -2.255799999999999917e-04
2.889170000000000258e-04 -2.179639999999999887e-04
2.593559999999999746e-04 -1.963900000000000086e-04
1.848279999999999997e-04 -1.589130000000000013e-04
8.473869999999999558e-05 -1.042619999999999989e-04
-1.625619999999999862e-05 -3.455740000000000222e-05
-9.800900000000000302e-05 4.348659999999999798e-05
-1.512340000000000093e-04 1.194130000000000034e-04
-1.779290000000000103e-04 1.815259999999999964e-04
-1.865740000000000063e-04 2.200020000000000122e-04
-1.853559999999999919e-04 2.293949999999999950e-04
-1.772320000000000134e-04 2.097260000000000042e-04
-1.591779999999999996e-04 1.659429999999999933e-04
-1.254869999999999998e-04 1.061730000000000014e-04
-7.284669999999999492e-05 3.953810000000000012e-05
-4.204249999999999600e-06 -2.572549999999999959e-05
7.062720000000000033e-05 -8.335449999999999620e-05
1.378530000000000098e-04 -1.292520000000000019e-04
1.845130000000000001e-04 -1.610179999999999955e-04
2.028610000000000081e-04 -1.772509999999999873e-04
