-1.590430000000000101e-08 8.839249999999999692e-07
-1.116039999999999980e-07 3.401529999999999940e-06
-3.933239999999999822e-07 6.512269999999999908e-06
-1.005109999999999979e-06 1.188200000000000076e-05
-2.275840000000000135e-06 2.660769999999999937e-05
-5.016689999999999905e-06 5.972939999999999771e-05
-1.068190000000000017e-05 1.128970000000000001e-04
-2.095999999999999922e-05 1.699480000000000066e-04
-3.672869999999999954e-05 2.045170000000000072e-04
-5.680220000000000310e-05 1.891589999999999960e-04
-7.694839999999999666e-05 1.035859999999999938e-04
-8.984159999999999716e-05 -4.197229999999999792e-05
-8.664849999999999549e-05 -2.019880000000000048e-04
-5.999589999999999931e-05 -3.233500000000000263e-04
-7.025780000000000011e-06 -3.799890000000000104e-04
6.881649999999999410e-05 -3.873370000000000220e-04
1.579209999999999945e-04 -3.891310000000000255e-04
2.465109999999999849e-04 -4.269680000000000090e-04
3.198610000000000060e-04 -5.060569999999999695e-04
3.655689999999999959e-04 -5.764659999999999793e-04
3.757459999999999902e-04 -5.616879999999999660e-04
3.478029999999999902e-04 -4.198930000000000132e-04
2.838949999999999915e-04 -1.679030000000000084e-04
1.888489999999999939e-04 1.407260000000000076e-04
6.742629999999999511e-05 4.393029999999999917e-04
-7.680490000000000049e-05 6.676120000000000448e-04
-2.393750000000000044e-04 8.004070000000000499e-04
-4.106830000000000116e-04 8.593020000000000476e-04
-5.728919999999999759e-04 8.934379999999999796e-04
-7.011790000000000167e-04 9.457380000000000040e-04
-7.700679999999999461e-04 1.014680000000000009e-03
-7.619070000000000356e-04 1.030660000000000083e-03
-6.728629999999999984e-04 8.986849999999999786e-04
-5.135089999999999924e-04 5.734450000000000094e-04
-3.037180000000000218e-04 7.708060000000000194e-05
-6.415470000000000428e-05 -5.106470000000000323e-04
1.907190000000000014e-04 -1.068610000000000003e-03
4.533660000000000229e-04 -1.481420000000000002e-03
7.168800000000000346e-04 -1.689860000000000060e-03
9.657539999999999831e-04 -1.707320000000000018e-03
1.170269999999999947e-03 -1.601100000000000049e-03
1.289559999999999925e-03 -1.443980000000000090e-03
1.283639999999999955e-03 -1.268660000000000013e-03
1.129500000000000079e-03 -1.059349999999999918e-03
8.332870000000000468e-04 -7.620189999999999559e-04
4.318549999999999776e-04 -3.227850000000000207e-04
-1.770909999999999957e-05 2.568010000000000236e-04
-4.555679999999999994e-04 9.018459999999999845e-04
-8.354389999999999950e-04 1.499200000000000012e-03
-1.132839999999999975e-03 1.955699999999999886e-03
-1.342560000000000021e-03 2.223639999999999818e-03
-1.467570000000000072e-03 2.286530000000000160e-03
-1.506130000000000056e-03 2.141699999999999854e-03
-1.444820000000000089e-03 1.792100000000000030e-03
-1.262700000000000064e-03 1.267539999999999943e-03
-9.450489999999999976e-04 6.311700000000000166e-04
-4.985169999999999706e-04 -7.044820000000000086e-05
4.191609999999999667e-05 -8.085670000000000530e-04
6.178670000000000256e-04 -1.523199999999999945e-03
1.160809999999999967e-03 -2.128109999999999898e-03
1.607050000000000058e-03 -2.526720000000000094e-03
1.908119999999999912e-03 -2.643359999999999981e-03
2.034559999999999928e-03 -2.483270000000000095e-03
1.974909999999999860e-03 -2.121179999999999854e-03
1.732950000000000029e-03 -1.638209999999999970e-03
1.325159999999999923e-03 -1.068799999999999958e-03
7.799499999999999576e-04 -3.986109999999999957e-04
1.384769999999999957e-04 3.804810000000000050e-04
-5.445159999999999887e-04 1.228780000000000063e-03
-1.203199999999999973e-03 2.056600000000000008e-03
-1.768510000000000047e-03 2.744969999999999789e-03
-2.179620000000000168e-03 3.175190000000000044e-03
-2.394090000000000194e-03 3.257649999999999955e-03
-2.392019999999999910e-03 2.954309999999999922e-03
-2.173169999999999876e-03 2.282660000000000158e-03
-1.750330000000000028e-03 1.316880000000000090e-03
-1.145299999999999921e-03 1.963869999999999884e-04
-3.914230000000000096e-04 -9.049639999999999638e-04
4.591950000000000242e-04 -1.846090000000000101e-03
1.330259999999999993e-03 -2.548669999999999842e-03
2.124009999999999961e-03 -2.991209999999999789e-03
2.734340000000000034e-03 -3.187730000000000164e-03
3.067690000000000087e-03 -3.163280000000000085e-03
3.064410000000000051e-03 -2.895839999999999786e-03
2.712120000000000156e-03 -2.327339999999999791e-03
2.047890000000000127e-03 -1.466459999999999942e-03
1.150030000000000019e-03 -3.818769999999999760e-04
1.222829999999999946e-04 8.131390000000000493e-04
-9.244229999999999548e-04 1.969269999999999961e-03
-1.886850000000000029e-03 2.945310000000000029e-03
-2.677440000000000115e-03 3.621179999999999885e-03
-3.225280000000000074e-03 3.894949999999999888e-03
-3.473690000000000198e-03 3.700029999999999986e-03
-3.379989999999999817e-03 3.012770000000000118e-03
-2.921560000000000129e-03 1.894239999999999943e-03
-2.108979999999999883e-03 5.587300000000000122e-04
-1.000999999999999937e-03 -7.292429999999999702e-04
2.895250000000000037e-04 -1.779779999999999904e-03
1.605719999999999934e-03 -2.520829999999999946e-03
2.771860000000000122e-03 -2.989620000000000125e-03
3.625189999999999923e-03 -3.225870000000000039e-03
4.044609999999999699e-03 -3.226670000000000059e-03
3.970500000000000071e-03 -2.977050000000000182e-03
3.413160000000000152e-03 -2.421519999999999923e-03
2.447980000000000208e-03 -1.499660000000000099e-03
1.199940000000000034e-03 -2.710030000000000208e-04
-1.775249999999999918e-04 1.077169999999999907e-03
-1.524030000000000003e-03 2.265769999999999850e-03
-2.689879999999999962e-03 3.031040000000000036e-03
-3.548449999999999868e-03 3.265899999999999966e-03
-4.003630000000000209e-03 2.987479999999999823e-03
-3.994590000000000120e-03 2.341680000000000064e-03
-3.503000000000000037e-03 1.565119999999999923e-03
-2.564499999999999939e-03 8.389489999999999665e-04
-1.278250000000000089e-03 2.084540000000000069e-04
1.943389999999999972e-04 -4.162260000000000092e-04
1.648469999999999970e-03 -1.125609999999999979e-03
2.870510000000000162e-03 -1.865770000000000102e-03
3.680010000000000052e-03 -2.457379999999999894e-03
3.967730000000000042e-03 -2.720269999999999893e-03
3.717240000000000127e-03 -2.543820000000000022e-03
3.000889999999999981e-03 -1.937539999999999965e-03
1.952860000000000056e-03 -1.062860000000000107e-03
7.326649999999999656e-04 -1.864559999999999915e-04
-5.042210000000000095e-04 4.439329999999999795e-04
-1.620719999999999973e-03 7.542690000000000115e-04
-2.500340000000000201e-03 8.682769999999999811e-04
-3.046890000000000015e-03 9.818809999999999864e-04
-3.190750000000000010e-03 1.217999999999999899e-03
-2.905399999999999823e-03 1.558460000000000010e-03
-2.227639999999999915e-03 1.851690000000000020e-03
-1.267700000000000077e-03 1.888649999999999964e-03
-1.963789999999999980e-04 1.558619999999999927e-03
7.921900000000000166e-04 9.353150000000000396e-04
1.531129999999999904e-03 1.986699999999999935e-04
1.925660000000000045e-03 -4.627060000000000114e-04
1.972279999999999867e-03 -9.280199999999999951e-04
1.744600000000000014e-03 -1.219409999999999982e-03
1.355300000000000038e-03 -1.467180000000000003e-03
9.136199999999999703e-04 -1.769570000000000040e-03
4.967700000000000024e-04 -2.063580000000000188e-03
1.433670000000000116e-04 -2.152779999999999971e-03
-1.338730000000000107e-04 -1.879449999999999957e-03
-3.294039999999999924e-04 -1.226770000000000074e-03
-4.363649999999999734e-04 -2.941260000000000228e-04
-4.553940000000000245e-04 7.540189999999999783e-04
-4.109849999999999962e-04 1.698319999999999908e-03
-3.568700000000000171e-04 2.327660000000000059e-03
-3.599200000000000099e-04 2.544359999999999851e-03
-4.681350000000000029e-04 2.383160000000000053e-03
-6.799420000000000030e-04 1.952020000000000057e-03
-9.325110000000000170e-04 1.320809999999999953e-03
-1.117719999999999998e-03 5.163169999999999695e-04
-1.121720000000000095e-03 -3.927399999999999836e-04
-8.718050000000000192e-04 -1.265199999999999962e-03
-3.692090000000000085e-04 -1.909560000000000033e-03
3.067510000000000180e-04 -2.170220000000000048e-03
1.023199999999999934e-03 -2.001370000000000145e-03
1.633059999999999980e-03 -1.462310000000000085e-03
2.011810000000000161e-03 -7.231289999999999810e-04
2.081400000000000177e-03 -3.125809999999999808e-05
1.819689999999999893e-03 4.541190000000000070e-04
1.258140000000000040e-03 7.285640000000000128e-04
4.746689999999999915e-04 8.473379999999999974e-04
-4.136389999999999880e-04 8.159400000000000246e-04
-1.260899999999999911e-03 6.169570000000000089e-04
-1.913790000000000066e-03 3.121999999999999992e-04
-2.244859999999999998e-03 1.382040000000000070e-05
-2.186819999999999910e-03 -1.688299999999999946e-04
-1.752910000000000102e-03 -1.771959999999999887e-04
-1.034750000000000079e-03 -3.603800000000000123e-06
-1.802290000000000120e-04 3.532440000000000081e-04
6.402499999999999771e-04 7.953129999999999662e-04
1.271530000000000099e-03 1.103929999999999929e-03
1.606540000000000051e-03 1.095180000000000068e-03
1.606510000000000013e-03 6.940650000000000031e-04
1.306819999999999987e-03 -8.392440000000000577e-05
8.084639999999999492e-04 -1.068989999999999914e-03
2.536980000000000094e-04 -1.950759999999999951e-03
-2.105789999999999908e-04 -2.454599999999999924e-03
-4.725619999999999929e-04 -2.419179999999999942e-03
-4.875659999999999868e-04 -1.834799999999999929e-03
-2.913319999999999950e-04 -8.608869999999999587e-04
1.117710000000000010e-05 3.006719999999999835e-04
2.786779999999999769e-04 1.456480000000000014e-03
3.806409999999999763e-04 2.336550000000000172e-03
2.449400000000000232e-04 2.682860000000000019e-03
-1.129670000000000045e-04 2.385710000000000088e-03
-5.924819999999999696e-04 1.525089999999999996e-03
-1.040310000000000019e-03 3.226330000000000127e-04
-1.298840000000000107e-03 -9.509959999999999594e-04
-1.254679999999999988e-03 -1.935450000000000018e-03
-8.752039999999999776e-04 -2.307819999999999924e-03
-2.221670000000000025e-04 -1.975849999999999915e-03
5.620440000000000418e-04 -1.096949999999999965e-03
1.290380000000000043e-03 2.037780000000000080e-06
1.779100000000000039e-03 9.405420000000000490e-04
1.896930000000000014e-03 1.387140000000000031e-03
1.602750000000000008e-03 1.241570000000000000e-03
9.606420000000000497e-04 6.079209999999999822e-04
1.277929999999999875e-04 -3.192940000000000231e-04
-6.847620000000000009e-04 -1.216649999999999893e-03
-1.272350000000000000e-03 -1.725030000000000010e-03
-1.499429999999999947e-03 -1.622210000000000015e-03
-1.340239999999999921e-03 -9.633089999999999752e-04
-8.820549999999999701e-04 3.121100000000000323e-05
-2.928699999999999793e-04 1.131190000000000017e-03
2.351660000000000046e-04 1.998220000000000204e-03
5.501559999999999957e-04 2.301650000000000137e-03
5.888259999999999762e-04 1.917890000000000003e-03
3.905660000000000143e-04 9.521339999999999882e-04
7.456469999999999440e-05 -2.962150000000000091e-04
-2.088310000000000069e-04 -1.434219999999999939e-03
-3.339990000000000255e-04 -2.092140000000000145e-03
-2.439970000000000019e-04 -2.064439999999999852e-03
3.187359999999999922e-05 -1.408610000000000027e-03
3.913790000000000216e-04 -3.963060000000000237e-04
6.974439999999999720e-04 5.824330000000000392e-04
8.282689999999999671e-04 1.144269999999999966e-03
7.218959999999999743e-04 1.128080000000000055e-03
3.979860000000000212e-04 6.708810000000000164e-04
-5.000260000000000132e-05 4.605270000000000040e-05
-4.874400000000000087e-04 -4.696160000000000113e-04
-7.855409999999999520e-04 -6.447109999999999603e-04
-8.673129999999999815e-04 -4.027419999999999872e-04
-7.337599999999999678e-04 1.196280000000000005e-04
-4.585540000000000145e-04 6.609769999999999838e-04
-1.537060000000000086e-04 9.669379999999999772e-04
7.850380000000000552e-05 8.995319999999999792e-04
1.860689999999999968e-04 4.923969999999999953e-04
1.826069999999999950e-04 -7.694620000000000539e-05
1.317880000000000061e-04 -5.785610000000000058e-04
1.096819999999999978e-04 -8.350089999999999466e-04
1.638909999999999933e-04 -7.931039999999999878e-04
2.891929999999999805e-04 -5.317100000000000168e-04
4.308059999999999949e-04 -2.107180000000000110e-04
5.127149999999999590e-04 1.389559999999999957e-05
4.763340000000000239e-04 6.711249999999999822e-05
3.103100000000000021e-04 -1.858169999999999863e-05
5.728690000000000203e-05 -1.356499999999999904e-04
-2.048169999999999874e-04 -1.682449999999999994e-04
-3.972159999999999862e-04 -5.711479999999999736e-05
-4.734429999999999867e-04 1.695400000000000065e-04
-4.357869999999999799e-04 4.140120000000000063e-04
-3.282639999999999864e-04 5.645010000000000219e-04
-2.111079999999999988e-04 5.554499999999999759e-04
-1.303970000000000053e-04 3.979739999999999949e-04
-9.793699999999999422e-05 1.657130000000000040e-04
-9.047569999999999842e-05 -5.159740000000000170e-05
-6.724240000000000523e-05 -1.934969999999999941e-04
4.174800000000000246e-06 -2.468610000000000205e-04
1.273079999999999947e-04 -2.386429999999999986e-04
2.722240000000000011e-04 -2.132690000000000074e-04
3.890090000000000019e-04 -2.058720000000000103e-04
4.320039999999999926e-04 -2.252549999999999973e-04
3.820159999999999962e-04 -2.532249999999999887e-04
2.551639999999999985e-04 -2.581349999999999942e-04
9.434219999999999943e-05 -2.139759999999999991e-04
-5.147650000000000088e-05 -1.149520000000000066e-04
-1.489259999999999900e-04 2.103190000000000102e-05
-1.919540000000000124e-04 1.604139999999999993e-04
-1.986199999999999923e-04 2.684540000000000017e-04
-1.962350000000000075e-04 3.227130000000000254e-04
-2.038829999999999993e-04 3.195730000000000250e-04
-2.218959999999999910e-04 2.719460000000000150e-04
-2.332339999999999967e-04 2.006940000000000134e-04
-2.149279999999999995e-04 1.247759999999999993e-04
-1.525610000000000052e-04 5.484939999999999700e-05
-4.978020000000000155e-05 -7.487760000000000287e-06
7.187519999999999922e-05 -6.572379999999999574e-05
1.820959999999999994e-04 -1.227540000000000109e-04
2.546669999999999793e-04 -1.767559999999999997e-04
2.774799999999999793e-04 -2.205180000000000052e-04
2.552200000000000128e-04 -2.441040000000000061e-04
2.043539999999999886e-04 -2.391550000000000099e-04
1.438490000000000114e-04 -2.026820000000000086e-04
8.670400000000000199e-05 -1.387139999999999868e-04
3.627039999999999751e-05 -5.737109999999999693e-05
-1.159050000000000024e-05 2.801430000000000044e-05
-6.254549999999999943e-05 1.044610000000000016e-04
-1.177529999999999956e-04 1.622969999999999947e-04
-1.710779999999999907e-04 1.966539999999999911e-04
-2.108599999999999971e-04 2.073029999999999903e-04
-2.250320000000000098e-04 1.972230000000000055e-04
-2.067849999999999929e-04 1.706920000000000117e-04
-1.578999999999999891e-04 1.317419999999999865e-04
-8.827010000000000043e-05 8.353509999999999918e-05
-1.210229999999999931e-05 2.874820000000000031e-05
5.714549999999999692e-05 -2.944139999999999903e-05
1.107019999999999982e-04 -8.647379999999999867e-05
