-2.007039999999999885e-08 8.753160000000000276e-07
-1.361619999999999986e-07 3.346659999999999820e-06
-4.593430000000000124e-07 6.343769999999999742e-06
-1.122809999999999927e-06 1.151539999999999990e-05
-2.472560000000000006e-06 2.587110000000000036e-05
-5.411400000000000400e-06 5.816879999999999778e-05
-1.148439999999999968e-05 1.096350000000000032e-04
-2.223110000000000133e-05 1.639319999999999883e-04
-3.795400000000000287e-05 1.952599999999999974e-04
-5.663460000000000152e-05 1.775640000000000096e-04
-7.346770000000000134e-05 9.230589999999999997e-05
-8.142520000000000096e-05 -4.908860000000000296e-05
-7.319289999999999510e-05 -2.014510000000000064e-04
-4.379899999999999858e-05 -3.139090000000000196e-04
7.482859999999999707e-06 -3.634999999999999993e-04
7.670500000000000506e-05 -3.676759999999999946e-04
1.559210000000000001e-04 -3.695990000000000234e-04
2.343380000000000051e-04 -4.078849999999999750e-04
2.997939999999999828e-04 -4.843439999999999963e-04
3.405390000000000001e-04 -5.478469999999999607e-04
3.473199999999999747e-04 -5.243859999999999494e-04
3.156869999999999880e-04 -3.772399999999999864e-04
2.475029999999999917e-04 -1.278030000000000095e-04
1.496640000000000090e-04 1.691610000000000021e-04
3.011819999999999905e-05 4.495270000000000212e-04
-1.054090000000000067e-04 6.576219999999999592e-04
-2.526019999999999915e-04 7.723269999999999528e-04
-4.040609999999999927e-04 8.172960000000000164e-04
-5.449889999999999552e-04 8.412219999999999767e-04
-6.533179999999999543e-04 8.848369999999999716e-04
-7.056010000000000363e-04 9.442780000000000010e-04
-6.854559999999999776e-04 9.494850000000000208e-04
-5.896189999999999938e-04 8.084459999999999910e-04
-4.288580000000000061e-04 4.817220000000000204e-04
-2.234220000000000032e-04 -2.661259999999999995e-06
5.219110000000000417e-06 -5.623860000000000057e-04
2.416460000000000103e-04 -1.078970000000000059e-03
4.777450000000000143e-04 -1.444369999999999942e-03
7.070310000000000006e-04 -1.608679999999999919e-03
9.159870000000000512e-04 -1.592759999999999922e-03
1.078769999999999946e-03 -1.466690000000000094e-03
1.160009999999999947e-03 -1.301010000000000014e-03
1.125890000000000050e-03 -1.123529999999999971e-03
9.586279999999999975e-04 -9.148529999999999770e-04
6.673420000000000220e-04 -6.215409999999999772e-04
2.887090000000000034e-04 -1.948069999999999934e-04
-1.232560000000000003e-04 3.569099999999999964e-04
-5.134290000000000338e-04 9.545670000000000240e-04
-8.403689999999999901e-04 1.487220000000000035e-03
-1.083729999999999980e-03 1.870490000000000043e-03
-1.241719999999999977e-03 2.068729999999999961e-03
-1.320350000000000083e-03 2.076329999999999929e-03
-1.320439999999999982e-03 1.897589999999999997e-03
-1.230870000000000011e-03 1.538199999999999984e-03
-1.033360000000000094e-03 1.027460000000000005e-03
-7.171190000000000030e-04 4.256689999999999931e-04
-2.937120000000000095e-04 -2.249650000000000120e-04
1.985859999999999991e-04 -8.998909999999999939e-04
7.027319999999999661e-04 -1.542060000000000045e-03
1.157260000000000016e-03 -2.067709999999999947e-03
1.509530000000000030e-03 -2.384589999999999800e-03
1.722830000000000064e-03 -2.424760000000000196e-03
1.777520000000000098e-03 -2.203699999999999843e-03
1.669340000000000060e-03 -1.805160000000000098e-03
1.406810000000000092e-03 -1.314639999999999949e-03
1.008640000000000101e-03 -7.661130000000000153e-04
5.022540000000000468e-04 -1.425590000000000017e-04
-7.521859999999999842e-05 5.663470000000000310e-04
-6.746770000000000458e-04 1.322889999999999960e-03
-1.235900000000000063e-03 2.041709999999999966e-03
-1.695249999999999925e-03 2.612689999999999978e-03
-1.998600000000000116e-03 2.930069999999999897e-03
-2.112979999999999980e-03 2.918510000000000028e-03
-2.030210000000000174e-03 2.552379999999999927e-03
-1.761390000000000048e-03 1.857609999999999990e-03
-1.327150000000000031e-03 9.121230000000000353e-04
-7.520359999999999805e-04 -1.458590000000000006e-04
-6.793130000000000468e-05 -1.149169999999999922e-03
6.772590000000000424e-04 -1.968300000000000084e-03
1.414069999999999910e-03 -2.538780000000000030e-03
2.055379999999999881e-03 -2.851649999999999845e-03
2.510329999999999853e-03 -2.929800000000000199e-03
2.703950000000000103e-03 -2.803990000000000128e-03
2.594819999999999852e-03 -2.457620000000000204e-03
2.183969999999999922e-03 -1.841030000000000010e-03
1.514589999999999903e-03 -9.740309999999999854e-04
6.645439999999999854e-04 6.532779999999999479e-05
-2.673159999999999729e-04 1.161750000000000022e-03
-1.178100000000000067e-03 2.173860000000000115e-03
-1.975649999999999802e-03 2.976780000000000051e-03
-2.586670000000000115e-03 3.470930000000000109e-03
-2.956750000000000177e-03 3.574959999999999857e-03
-3.045940000000000019e-03 3.240820000000000159e-03
-2.826679999999999818e-03 2.460459999999999817e-03
-2.289439999999999791e-03 1.306410000000000037e-03
-1.456559999999999973e-03 -2.588639999999999918e-06
-3.969450000000000018e-04 -1.207299999999999910e-03
7.718049999999999737e-04 -2.131409999999999815e-03
1.899520000000000028e-03 -2.718809999999999890e-03
2.831960000000000120e-03 -3.018900000000000142e-03
3.439209999999999837e-03 -3.078909999999999807e-03
3.634969999999999955e-03 -2.903740000000000140e-03
3.386880000000000099e-03 -2.492359999999999888e-03
2.720619999999999983e-03 -1.810339999999999909e-03
1.716730000000000079e-03 -8.209530000000000256e-04
4.995480000000000493e-04 3.978839999999999873e-04
-7.801509999999999782e-04 1.653469999999999983e-03
-1.966470000000000110e-03 2.677549999999999895e-03
-2.919020000000000035e-03 3.230869999999999836e-03
-3.528840000000000102e-03 3.236929999999999842e-03
-3.726510000000000152e-03 2.741180000000000179e-03
-3.483159999999999902e-03 1.910629999999999967e-03
-2.811580000000000155e-03 9.946469999999999791e-04
-1.771760000000000045e-03 1.804449999999999978e-04
-4.763100000000000255e-04 -4.833859999999999828e-04
9.130740000000000470e-04 -1.082349999999999935e-03
2.203979999999999915e-03 -1.700750000000000005e-03
3.204439999999999806e-03 -2.281389999999999894e-03
3.760069999999999905e-03 -2.652470000000000088e-03
3.788450000000000064e-03 -2.656809999999999901e-03
3.299349999999999939e-03 -2.219109999999999833e-03
2.389650000000000107e-03 -1.387619999999999999e-03
1.214210000000000072e-03 -3.558200000000000186e-04
-5.334940000000000119e-05 5.918209999999999704e-04
-1.252309999999999968e-03 1.206309999999999934e-03
-2.250170000000000121e-03 1.425030000000000090e-03
-2.944710000000000123e-03 1.387889999999999914e-03
-3.261920000000000184e-03 1.304919999999999995e-03
-3.158750000000000099e-03 1.310280000000000038e-03
-2.635460000000000060e-03 1.398939999999999993e-03
-1.752850000000000024e-03 1.440260000000000064e-03
-6.405199999999999999e-04 1.255510000000000046e-03
5.167970000000000463e-04 7.687980000000000074e-04
1.517160000000000036e-03 8.283509999999999571e-05
2.193270000000000202e-03 -6.095119999999999878e-04
2.458539999999999944e-03 -1.126830000000000106e-03
2.325849999999999966e-03 -1.372450000000000102e-03
1.890259999999999944e-03 -1.401410000000000069e-03
1.286400000000000043e-03 -1.376779999999999974e-03
6.424170000000000531e-04 -1.423739999999999945e-03
4.970020000000000232e-05 -1.500299999999999984e-03
-4.424879999999999959e-04 -1.428699999999999979e-03
-8.113420000000000527e-04 -1.069049999999999992e-03
-1.039400000000000003e-03 -4.180820000000000131e-04
-1.108009999999999984e-03 4.212889999999999842e-04
-1.012740000000000038e-03 1.293780000000000017e-03
-7.862900000000000358e-04 2.000720000000000103e-03
-5.043759999999999563e-04 2.360290000000000131e-03
-2.633390000000000210e-04 2.308970000000000033e-03
-1.397640000000000124e-04 1.915299999999999989e-03
-1.544870000000000000e-04 1.314220000000000058e-03
-2.604710000000000207e-04 5.914030000000000025e-04
-3.613180000000000124e-04 -2.223639999999999872e-04
-3.534279999999999779e-04 -1.063729999999999927e-03
-1.728629999999999880e-04 -1.803799999999999935e-03
1.757150000000000075e-04 -2.268399999999999844e-03
6.211160000000000075e-04 -2.322419999999999953e-03
1.054800000000000052e-03 -1.941159999999999934e-03
1.368920000000000033e-03 -1.203279999999999931e-03
1.484580000000000101e-03 -2.953470000000000032e-04
1.364200000000000091e-03 5.223060000000000506e-04
1.010959999999999984e-03 1.081499999999999996e-03
4.620499999999999824e-04 1.371830000000000098e-03
-2.162010000000000125e-04 1.445190000000000060e-03
-9.280719999999999465e-04 1.308420000000000026e-03
-1.551239999999999954e-03 9.534399999999999516e-04
-1.955670000000000065e-03 4.591309999999999922e-04
-2.039249999999999830e-03 -4.229210000000000120e-05
-1.763449999999999957e-03 -4.231220000000000055e-04
-1.169759999999999940e-03 -6.087860000000000493e-04
-3.696929999999999856e-04 -5.755639999999999801e-04
4.832899999999999891e-04 -3.055700000000000170e-04
1.227730000000000011e-03 1.170119999999999971e-04
1.727660000000000003e-03 4.807899999999999826e-04
1.899400000000000090e-03 6.003960000000000026e-04
1.726019999999999985e-03 3.898880000000000184e-04
1.259979999999999954e-03 -1.547909999999999889e-04
6.138250000000000260e-04 -8.898089999999999776e-04
-6.375990000000000596e-05 -1.535520000000000071e-03
-6.235630000000000469e-04 -1.850290000000000094e-03
-9.531570000000000494e-04 -1.702720000000000015e-03
-1.005919999999999991e-03 -1.102399999999999908e-03
-8.123540000000000491e-04 -2.109470000000000117e-04
-4.696309999999999764e-04 7.860649999999999625e-04
-1.124999999999999969e-04 1.724800000000000074e-03
1.296260000000000088e-04 2.370010000000000085e-03
1.781259999999999951e-04 2.497360000000000118e-03
3.328499999999999726e-05 2.025159999999999808e-03
-2.288500000000000061e-04 1.051089999999999967e-03
-4.875079999999999952e-04 -1.987450000000000089e-04
-6.197709999999999721e-04 -1.460989999999999902e-03
-5.402430000000000383e-04 -2.389469999999999875e-03
-2.294259999999999952e-04 -2.677580000000000151e-03
2.575829999999999765e-04 -2.247269999999999997e-03
8.051490000000000122e-04 -1.264329999999999924e-03
1.267700000000000077e-03 -5.694440000000000320e-05
1.507709999999999996e-03 9.973130000000001057e-04
1.433660000000000012e-03 1.569139999999999901e-03
1.029240000000000059e-03 1.554040000000000022e-03
3.646930000000000267e-04 1.042280000000000029e-03
-4.131359999999999828e-04 2.069840000000000091e-04
-1.114289999999999985e-03 -6.511120000000000232e-04
-1.560179999999999987e-03 -1.190789999999999947e-03
-1.641179999999999896e-03 -1.197960000000000084e-03
-1.351589999999999953e-03 -7.211529999999999850e-04
-7.878810000000000414e-04 4.360449999999999900e-05
-1.162860000000000044e-04 9.045569999999999522e-04
4.792369999999999790e-04 1.565710000000000105e-03
8.552279999999999778e-04 1.732739999999999975e-03
9.512290000000000502e-04 1.304269999999999952e-03
7.998050000000000038e-04 3.883490000000000184e-04
5.039260000000000267e-04 -7.327050000000000533e-04
1.939450000000000006e-04 -1.697680000000000022e-03
-1.919499999999999833e-05 -2.173759999999999842e-03
-7.932219999999999755e-05 -1.987179999999999849e-03
1.661000000000000064e-06 -1.214170000000000093e-03
1.547180000000000050e-04 -1.291160000000000018e-04
2.831520000000000022e-04 8.880649999999999482e-04
3.012070000000000047e-04 1.469720000000000098e-03
1.682309999999999958e-04 1.467159999999999905e-03
-9.572229999999999660e-05 1.018840000000000023e-03
-4.168439999999999819e-04 3.864970000000000233e-04
-6.920589999999999685e-04 -1.714320000000000080e-04
-8.250210000000000009e-04 -4.375049999999999794e-04
-7.634459999999999814e-04 -3.357440000000000164e-04
-5.212559999999999980e-04 1.382110000000000054e-05
-1.735890000000000078e-04 3.808980000000000113e-04
1.737309999999999939e-04 5.482689999999999916e-04
4.264779999999999916e-04 4.093379999999999762e-04
5.370429999999999605e-04 1.263680000000000071e-05
5.168380000000000413e-04 -4.710940000000000266e-04
4.219599999999999783e-04 -8.374619999999999721e-04
3.206799999999999993e-04 -9.432730000000000064e-04
2.592870000000000266e-04 -7.655000000000000129e-04
2.424740000000000098e-04 -3.994530000000000259e-04
2.365959999999999960e-04 -5.508250000000000159e-06
1.926839999999999868e-04 2.702849999999999914e-04
7.663660000000000415e-05 3.634190000000000250e-04
-1.089610000000000025e-04 3.088340000000000182e-04
-3.220340000000000138e-04 2.056720000000000054e-04
-4.981999999999999667e-04 1.548999999999999975e-04
-5.792300000000000226e-04 2.033620000000000089e-04
-5.388619999999999782e-04 3.215639999999999861e-04
-3.936599999999999952e-04 4.253910000000000070e-04
-1.942260000000000069e-04 4.284900000000000124e-04
-1.764150000000000084e-06 2.942080000000000129e-04
1.381040000000000045e-04 5.624079999999999862e-05
2.116929999999999940e-04 -2.022609999999999935e-04
2.367260000000000100e-04 -3.960689999999999784e-04
2.465589999999999817e-04 -4.786780000000000136e-04
2.681250000000000256e-04 -4.531900000000000164e-04
3.053500000000000224e-04 -3.590339999999999916e-04
3.367859999999999973e-04 -2.469829999999999899e-04
3.285000000000000159e-04 -1.539169999999999970e-04
2.548820000000000035e-04 -8.958449999999999584e-05
1.156420000000000017e-04 -3.966230000000000141e-05
-6.050899999999999953e-05 1.913300000000000130e-05
-2.274180000000000103e-04 1.013910000000000055e-04
-3.418310000000000142e-04 2.023290000000000071e-04
-3.815240000000000016e-04 2.988980000000000239e-04
-3.520780000000000264e-04 3.609290000000000133e-04
-2.798570000000000007e-04 3.656570000000000263e-04
-1.962529999999999928e-04 3.079889999999999950e-04
-1.223239999999999896e-04 2.019679999999999880e-04
-6.171729999999999946e-05 7.378950000000000222e-05
-4.425270000000000238e-06 -4.913080000000000062e-05
6.216950000000000167e-05 -1.474149999999999972e-04
1.419729999999999907e-04 -2.134910000000000063e-04
2.249669999999999892e-04 -2.494640000000000225e-04
2.905539999999999967e-04 -2.616179999999999743e-04
3.171340000000000031e-04 -2.550949999999999962e-04
2.925240000000000067e-04 -2.313869999999999989e-04
2.198559999999999902e-04 -1.892189999999999920e-04
1.163300000000000060e-04 -1.275860000000000080e-04
5.951309999999999946e-06 -4.888599999999999917e-05
-8.976070000000000272e-05 3.957689999999999711e-05
-1.585819999999999938e-04 1.263729999999999910e-04
-1.991119999999999869e-04 1.985789999999999973e-04
-2.171859999999999904e-04 2.451029999999999875e-04
-2.198369999999999892e-04 2.594510000000000067e-04
-2.103770000000000087e-04 2.410409999999999983e-04
-1.871019999999999986e-04 1.947849999999999994e-04
-1.458669999999999910e-04 1.293269999999999901e-04
-8.465760000000000071e-05 5.466980000000000299e-05
-7.306919999999999999e-06 -1.993130000000000007e-05
7.579339999999999840e-05 -8.722199999999999940e-05
1.503970000000000036e-04 -1.421729999999999956e-04
2.031050000000000010e-04 -1.814709999999999978e-04
2.257360000000000085e-04 -2.028149999999999886e-04
2.173879999999999996e-04 -2.045600000000000066e-04
