-4.003959999999999809e-08 8.293399999999999870e-07
-2.365159999999999984e-07 3.070730000000000075e-06
-6.603260000000000327e-07 5.558059999999999941e-06
-1.329769999999999975e-06 9.913400000000000665e-06
-2.681049999999999936e-06 2.267870000000000023e-05
-5.968329999999999657e-06 5.120989999999999906e-05
-1.263360000000000047e-05 9.503270000000000239e-05
-2.263900000000000127e-05 1.377870000000000006e-04
-3.350890000000000032e-05 1.568239999999999879e-04
-4.144129999999999911e-05 1.315789999999999950e-04
-4.306679999999999905e-05 4.905340000000000031e-05
-3.645710000000000031e-05 -7.627709999999999514e-05
-2.159969999999999921e-05 -2.011509999999999991e-04
2.220879999999999966e-07 -2.819019999999999989e-04
2.853009999999999981e-05 -3.042599999999999905e-04
6.486840000000000390e-05 -2.900679999999999882e-04
1.103299999999999957e-04 -2.797829999999999740e-04
1.607210000000000084e-04 -3.048559999999999963e-04
2.042959999999999969e-04 -3.613779999999999814e-04
2.251429999999999957e-04 -3.995100000000000018e-04
2.109249999999999905e-04 -3.552930000000000151e-04
1.608919999999999903e-04 -2.062649999999999911e-04
8.794029999999999556e-05 1.613510000000000074e-05
1.037549999999999917e-05 2.563900000000000033e-04
-6.112260000000000327e-05 4.578420000000000254e-04
-1.287740000000000109e-04 5.774610000000000333e-04
-2.004390000000000100e-04 6.092509999999999983e-04
-2.779829999999999844e-04 5.896439999999999538e-04
-3.515769999999999985e-04 5.712539999999999892e-04
-4.028330000000000105e-04 5.876279999999999785e-04
-4.127240000000000010e-04 6.234189999999999480e-04
-3.687590000000000247e-04 6.059089999999999615e-04
-2.698290000000000215e-04 4.575669999999999781e-04
-1.297229999999999911e-04 1.637090000000000008e-04
2.494769999999999833e-05 -2.298679999999999886e-04
1.669519999999999967e-04 -6.422389999999999610e-04
2.830269999999999856e-04 -9.756549999999999685e-04
3.773369999999999958e-04 -1.154520000000000025e-03
4.609079999999999991e-04 -1.162260000000000029e-03
5.366200000000000223e-04 -1.042809999999999918e-03
5.913879999999999831e-04 -8.713949999999999604e-04
6.001179999999999622e-04 -7.068460000000000151e-04
5.379410000000000051e-04 -5.594719999999999858e-04
3.943029999999999821e-04 -4.004389999999999924e-04
1.820679999999999922e-04 -1.820679999999999922e-04
-6.390719999999999691e-05 1.275930000000000098e-04
-2.984090000000000223e-04 5.055570000000000116e-04
-4.818809999999999760e-04 8.754400000000000072e-04
-5.940630000000000346e-04 1.152170000000000104e-03
-6.393980000000000063e-04 1.292240000000000055e-03
-6.398190000000000214e-04 1.299550000000000011e-03
-6.163950000000000505e-04 1.194549999999999952e-03
-5.716439999999999499e-04 9.918999999999999866e-04
-4.873410000000000220e-04 6.957190000000000249e-04
-3.415110000000000172e-04 3.248419999999999910e-04
-1.314820000000000127e-04 -7.819150000000000514e-05
1.180749999999999969e-04 -4.906109999999999551e-04
3.683499999999999817e-04 -9.003579999999999743e-04
5.839250000000000039e-04 -1.257040000000000067e-03
7.396679999999999661e-04 -1.491289999999999933e-03
8.201000000000000390e-04 -1.543260000000000074e-03
8.193189999999999935e-04 -1.389290000000000056e-03
7.431379999999999583e-04 -1.080900000000000090e-03
6.077359999999999967e-04 -7.120689999999999615e-04
4.299179999999999994e-04 -3.534610000000000096e-04
2.162359999999999944e-04 -1.581220000000000084e-05
-3.527619999999999947e-05 3.345169999999999958e-04
-3.181549999999999786e-04 7.184799999999999650e-04
-6.013530000000000004e-04 1.114439999999999962e-03
-8.334959999999999765e-04 1.465390000000000009e-03
-9.675149999999999549e-04 1.697549999999999927e-03
-9.844470000000000564e-04 1.741970000000000020e-03
-8.968160000000000411e-04 1.557919999999999965e-03
-7.324589999999999747e-04 1.150999999999999896e-03
-5.152380000000000024e-04 5.686730000000000083e-04
-2.570250000000000269e-04 -1.106519999999999970e-04
3.618089999999999777e-05 -7.771899999999999772e-04
3.521560000000000076e-04 -1.317580000000000053e-03
6.660620000000000342e-04 -1.664609999999999961e-03
9.431129999999999809e-04 -1.804540000000000094e-03
1.144389999999999904e-03 -1.759069999999999948e-03
1.232290000000000035e-03 -1.568490000000000075e-03
1.178549999999999997e-03 -1.278770000000000037e-03
9.738779999999999616e-04 -8.921530000000000215e-04
6.336700000000000232e-04 -3.799900000000000261e-04
1.993060000000000057e-04 2.253430000000000006e-04
-2.669729999999999933e-04 8.557929999999999834e-04
-6.986349999999999678e-04 1.432450000000000043e-03
-1.044680000000000088e-03 1.869130000000000097e-03
-1.278419999999999947e-03 2.104659999999999951e-03
-1.390760000000000000e-03 2.104029999999999789e-03
-1.376030000000000092e-03 1.846200000000000098e-03
-1.224150000000000021e-03 1.332480000000000036e-03
-9.263640000000000502e-04 5.846900000000000144e-04
-4.898910000000000027e-04 -3.213460000000000231e-04
4.691039999999999728e-05 -1.195410000000000049e-03
6.122070000000000289e-04 -1.837040000000000070e-03
1.120740000000000061e-03 -2.142540000000000069e-03
1.502019999999999961e-03 -2.120749999999999805e-03
1.713209999999999950e-03 -1.869400000000000011e-03
1.730650000000000027e-03 -1.475750000000000065e-03
1.538249999999999904e-03 -9.879879999999999739e-04
1.134620000000000030e-03 -4.476460000000000031e-04
5.529960000000000431e-04 1.526640000000000007e-04
-1.330459999999999998e-04 8.438259999999999945e-04
-8.239270000000000144e-04 1.561710000000000008e-03
-1.415620000000000029e-03 2.151800000000000154e-03
-1.819550000000000074e-03 2.417509999999999885e-03
-1.978419999999999832e-03 2.223500000000000216e-03
-1.877460000000000066e-03 1.606500000000000072e-03
-1.542430000000000016e-03 7.020019999999999646e-04
-1.021570000000000073e-03 -2.768900000000000137e-04
-3.698710000000000235e-04 -1.083799999999999998e-03
3.521970000000000027e-04 -1.574220000000000090e-03
1.072239999999999912e-03 -1.758639999999999899e-03
1.703029999999999908e-03 -1.772139999999999957e-03
2.147420000000000145e-03 -1.730980000000000019e-03
2.310509999999999994e-03 -1.611479999999999987e-03
2.124440000000000009e-03 -1.304079999999999996e-03
1.585789999999999899e-03 -7.448459999999999630e-04
7.800809999999999602e-04 4.352379999999999823e-05
-1.373419999999999871e-04 9.411520000000000042e-04
-9.971520000000000643e-04 1.730140000000000020e-03
-1.669160000000000045e-03 2.160009999999999968e-03
-2.082539999999999912e-03 2.072780000000000195e-03
-2.216989999999999846e-03 1.528910000000000078e-03
-2.083910000000000016e-03 7.789980000000000385e-04
-1.708370000000000071e-03 9.782810000000000616e-05
-1.117710000000000058e-03 -3.588590000000000009e-04
-3.483320000000000253e-04 -5.877210000000000333e-04
5.294149999999999854e-04 -6.977700000000000092e-04
1.391270000000000007e-03 -8.290199999999999739e-04
2.071050000000000061e-03 -1.021109999999999986e-03
2.408219999999999979e-03 -1.168989999999999960e-03
2.311580000000000145e-03 -1.133059999999999970e-03
1.804140000000000084e-03 -8.367920000000000479e-04
1.017630000000000054e-03 -3.141029999999999842e-04
1.382429999999999976e-04 2.601179999999999920e-04
-6.614039999999999850e-04 6.487689999999999950e-04
-1.269259999999999920e-03 7.138100000000000521e-04
-1.645380000000000106e-03 5.285230000000000353e-04
-1.799990000000000010e-03 3.100660000000000091e-04
-1.751729999999999954e-03 2.244690000000000086e-04
-1.497070000000000085e-03 2.966679999999999860e-04
-1.023690000000000060e-03 4.601319999999999781e-04
-3.610439999999999808e-04 6.182100000000000052e-04
3.842539999999999975e-04 6.519730000000000273e-04
1.050170000000000010e-03 4.774560000000000175e-04
1.482950000000000023e-03 1.302189999999999945e-04
1.595730000000000065e-03 -2.581630000000000014e-04
1.393190000000000097e-03 -5.590639999999999585e-04
9.636319999999999652e-04 -7.588059999999999987e-04
4.461649999999999948e-04 -9.240090000000000499e-04
-2.215520000000000092e-05 -1.075980000000000035e-03
-3.592040000000000120e-04 -1.150339999999999913e-03
-5.565999999999999767e-04 -1.030630000000000044e-03
-6.513460000000000213e-04 -6.408689999999999656e-04
-6.771190000000000065e-04 -9.508930000000000114e-06
-6.396460000000000080e-04 7.494269999999999925e-04
-5.317359999999999925e-04 1.439619999999999962e-03
-3.615989999999999916e-04 1.825330000000000008e-03
-1.664819999999999961e-04 1.801440000000000072e-03
-4.778799999999999884e-06 1.444959999999999908e-03
7.222670000000000424e-05 8.949789999999999569e-04
5.717959999999999715e-05 2.313989999999999981e-04
1.360750000000000058e-06 -4.974380000000000034e-04
-1.637099999999999962e-05 -1.179499999999999993e-03
5.585000000000000229e-05 -1.680920000000000027e-03
2.136840000000000094e-04 -1.896040000000000095e-03
4.103709999999999780e-04 -1.776210000000000072e-03
5.876300000000000100e-04 -1.319969999999999954e-03
6.918869999999999708e-04 -5.451979999999999934e-04
6.788239999999999639e-04 3.992690000000000019e-04
5.270719999999999572e-04 1.226340000000000026e-03
2.521870000000000166e-04 1.698250000000000107e-03
-9.970260000000000320e-05 1.711639999999999950e-03
-4.689520000000000190e-04 1.266580000000000006e-03
-7.923640000000000457e-04 5.139149999999999881e-04
-1.008240000000000091e-03 -2.695290000000000142e-04
-1.062140000000000046e-03 -8.524220000000000321e-04
-9.171049999999999819e-04 -1.103379999999999942e-03
-5.724600000000000044e-04 -1.004850000000000057e-03
-8.051599999999999957e-05 -6.594870000000000506e-04
4.535200000000000082e-04 -1.730450000000000076e-04
8.950450000000000203e-04 3.685000000000000124e-04
1.128260000000000070e-03 7.903780000000000007e-04
1.106470000000000023e-03 9.090710000000000110e-04
8.645709999999999593e-04 6.561229999999999927e-04
4.873869999999999873e-04 9.920209999999999673e-05
6.964890000000000328e-05 -6.090930000000000042e-04
-3.019909999999999890e-04 -1.295680000000000009e-03
-5.563270000000000151e-04 -1.694729999999999978e-03
-6.540790000000000102e-04 -1.567760000000000074e-03
-5.992490000000000490e-04 -8.949430000000000406e-04
-4.302120000000000206e-04 1.243480000000000095e-04
-2.030799999999999869e-04 1.171179999999999964e-03
1.821020000000000058e-05 1.919719999999999977e-03
1.711139999999999883e-04 2.116219999999999820e-03
2.104270000000000099e-04 1.729129999999999947e-03
1.279990000000000056e-04 8.973089999999999972e-04
-3.136220000000000273e-05 -1.847329999999999947e-04
-1.797120000000000033e-04 -1.215240000000000027e-03
-2.306680000000000080e-04 -1.870750000000000017e-03
-1.460669999999999959e-04 -1.965800000000000186e-03
5.352429999999999845e-05 -1.561789999999999966e-03
3.079779999999999844e-04 -8.303120000000000422e-04
5.343109999999999873e-04 8.081560000000000599e-05
6.456979999999999968e-04 9.038030000000000065e-04
5.887730000000000090e-04 1.345749999999999941e-03
3.721460000000000111e-04 1.285040000000000097e-03
5.835729999999999775e-05 7.865539999999999641e-04
-2.685070000000000230e-04 6.469159999999999570e-05
-5.318880000000000005e-04 -6.001370000000000446e-04
-6.773239999999999816e-04 -9.444269999999999618e-04
-6.787380000000000193e-04 -8.297410000000000506e-04
-5.417109999999999504e-04 -3.220760000000000246e-04
-3.035879999999999807e-04 3.582740000000000057e-04
-2.672130000000000113e-05 9.158540000000000170e-04
2.197249999999999876e-04 1.078750000000000065e-03
3.813520000000000039e-04 7.802840000000000123e-04
4.303570000000000268e-04 1.972420000000000065e-04
3.717920000000000209e-04 -4.264730000000000213e-04
2.477800000000000163e-04 -8.860390000000000323e-04
1.232229999999999957e-04 -1.020929999999999971e-03
4.993110000000000040e-05 -7.947520000000000235e-04
3.797099999999999949e-05 -3.395089999999999913e-04
5.729689999999999686e-05 1.334669999999999878e-04
6.240490000000000284e-05 4.447729999999999783e-04
1.960779999999999885e-05 5.160660000000000290e-04
-7.651030000000000504e-05 3.863009999999999730e-04
-2.005809999999999961e-04 1.717970000000000087e-04
-3.064070000000000227e-04 -1.086530000000000082e-06
-3.467260000000000003e-04 -5.442979999999999851e-05
-2.962449999999999936e-04 1.190670000000000071e-05
-1.663660000000000128e-04 1.305669999999999986e-04
-1.572889999999999945e-06 2.067899999999999903e-04
1.420120000000000085e-04 1.719900000000000118e-04
2.232889999999999962e-04 2.368219999999999833e-05
2.326849999999999990e-04 -1.752660000000000123e-04
1.911209999999999884e-04 -3.345670000000000241e-04
1.347350000000000034e-04 -3.848810000000000035e-04
9.476730000000000321e-05 -3.111179999999999848e-04
8.257750000000000008e-05 -1.561389999999999903e-04
8.632479999999999722e-05 5.459600000000000210e-06
8.018099999999999685e-05 1.089149999999999965e-04
4.094359999999999878e-05 1.324239999999999912e-04
-3.673280000000000176e-05 1.022500000000000053e-04
-1.346259999999999948e-04 6.846210000000000305e-05
-2.180689999999999885e-04 6.827110000000000437e-05
-2.526280000000000214e-04 1.041189999999999970e-04
-2.220029999999999953e-04 1.496590000000000116e-04
-1.372869999999999885e-04 1.698380000000000094e-04
-3.154690000000000115e-05 1.410810000000000135e-04
5.762340000000000127e-05 6.402869999999999905e-05
1.069999999999999988e-04 -3.740489999999999825e-05
1.167779999999999990e-04 -1.290619999999999918e-04
1.054649999999999940e-04 -1.834919999999999976e-04
9.540450000000000449e-05 -1.912010000000000012e-04
9.854100000000000402e-05 -1.611000000000000127e-04
1.104239999999999985e-04 -1.120510000000000017e-04
1.147009999999999984e-04 -6.194460000000000320e-05
9.442250000000000610e-05 -2.046089999999999921e-05
4.330550000000000068e-05 1.189570000000000030e-05
-2.927220000000000071e-05 3.982849999999999992e-05
-1.020609999999999974e-04 6.768279999999999511e-05
-1.521290000000000066e-04 9.547989999999999364e-05
-1.656530000000000079e-04 1.182520000000000055e-04
-1.434539999999999991e-04 1.285020000000000107e-04
-9.876309999999999636e-05 1.201319999999999943e-04
-4.921430000000000075e-05 9.169929999999999802e-05
-8.054019999999999165e-06 4.744929999999999986e-05
2.066169999999999904e-05 -4.083320000000000065e-06
4.097119999999999831e-05 -5.294140000000000103e-05
5.961839999999999826e-05 -9.066049999999999706e-05
8.009430000000000325e-05 -1.121649999999999942e-04
9.962189999999999566e-05 -1.162800000000000048e-04
1.105159999999999969e-04 -1.050759999999999948e-04
1.047530000000000049e-04 -8.255430000000000342e-05
7.891760000000000485e-05 -5.322670000000000320e-05
3.671400000000000119e-05 -2.104760000000000157e-05
-1.219969999999999943e-05 1.100989999999999940e-05
-5.620999999999999884e-05 4.074009999999999979e-05
-8.631669999999999978e-05 6.613759999999999507e-05
-9.896160000000000471e-05 8.492420000000000253e-05
-9.600999999999999725e-05 9.455159999999999780e-05
-8.240739999999999979e-05 9.279099999999999978e-05
-6.314309999999999519e-05 7.868340000000000631e-05
-4.121380000000000171e-05 5.338610000000000035e-05
-1.743790000000000121e-05 2.043390000000000099e-05
8.199519999999999720e-06 -1.483320000000000055e-05
