-3.541599999999999764e-08 8.402770000000000273e-07
-2.162529999999999976e-07 3.133519999999999858e-06
-6.325529999999999600e-07 5.727029999999999952e-06
-1.335819999999999901e-06 1.024289999999999980e-05
-2.734949999999999962e-06 2.334020000000000059e-05
-6.018880000000000385e-06 5.269120000000000130e-05
-1.274470000000000014e-05 9.813579999999999645e-05
-2.335529999999999982e-05 1.432039999999999930e-04
-3.595549999999999820e-05 1.645460000000000065e-04
-4.676460000000000285e-05 1.406439999999999904e-04
-5.153260000000000192e-05 5.765740000000000128e-05
-4.685599999999999997e-05 -7.044860000000000174e-05
-3.127850000000000216e-05 -2.002550000000000131e-04
-5.390740000000000161e-06 -2.871090000000000187e-04
2.966450000000000033e-05 -3.154760000000000268e-04
7.353860000000000095e-05 -3.065170000000000199e-04
1.253690000000000121e-04 -3.008579999999999848e-04
1.802849999999999993e-04 -3.304560000000000223e-04
2.273599999999999916e-04 -3.915629999999999914e-04
2.518840000000000163e-04 -4.336680000000000092e-04
2.415969999999999977e-04 -3.911739999999999922e-04
1.939149999999999891e-04 -2.396300000000000079e-04
1.187440000000000002e-04 -9.256580000000000743e-06
3.241790000000000009e-05 2.443540000000000122e-04
-5.357290000000000337e-05 4.633080000000000032e-04
-1.384179999999999883e-04 6.021460000000000180e-04
-2.268729999999999944e-04 6.513719999999999970e-04
-3.188900000000000046e-04 6.443420000000000050e-04
-4.035449999999999996e-04 6.330319999999999524e-04
-4.616029999999999916e-04 6.530149999999999540e-04
-4.737899999999999751e-04 6.912249999999999558e-04
-4.284280000000000119e-04 6.744400000000000004e-04
-3.253859999999999912e-04 5.213099999999999809e-04
-1.776360000000000048e-04 2.130869999999999878e-04
-8.899960000000000081e-06 -2.052310000000000007e-04
1.556820000000000046e-04 -6.498819999999999554e-04
3.011080000000000180e-04 -1.018540000000000070e-03
4.263599999999999769e-04 -1.230549999999999960e-03
5.369780000000000213e-04 -1.264289999999999945e-03
6.324409999999999711e-04 -1.159810000000000051e-03
6.982930000000000040e-04 -9.914800000000000956e-04
7.089219999999999593e-04 -8.205559999999999547e-04
6.393590000000000427e-04 -6.606859999999999556e-04
4.795919999999999849e-04 -4.843720000000000035e-04
2.435740000000000095e-04 -2.425270000000000041e-04
-3.262379999999999756e-05 9.904519999999999828e-05
-3.025020000000000118e-04 5.175019999999999794e-04
-5.244790000000000042e-04 9.327299999999999957e-04
-6.745549999999999680e-04 1.252829999999999916e-03
-7.516270000000000459e-04 1.427190000000000056e-03
-7.720669999999999790e-04 1.455050000000000050e-03
-7.543040000000000205e-04 1.355110000000000082e-03
-7.024600000000000202e-04 1.142280000000000075e-03
-6.020669999999999668e-04 8.221199999999999689e-04
-4.333070000000000172e-04 4.162780000000000148e-04
-1.925600000000000131e-04 -2.879790000000000087e-05
9.681629999999999663e-05 -4.870939999999999818e-04
3.938109999999999875e-04 -9.455480000000000482e-04
6.572639999999999602e-04 -1.352990000000000095e-03
8.562519999999999463e-04 -1.635439999999999941e-03
9.714139999999999798e-04 -1.724150000000000032e-03
9.933730000000000858e-04 -1.586860000000000050e-03
9.231919999999999796e-04 -1.272090000000000026e-03
7.727790000000000223e-04 -8.773459999999999852e-04
5.594190000000000187e-04 -4.792770000000000125e-04
2.965490000000000096e-04 -9.271269999999999750e-05
-8.473119999999999946e-06 3.140470000000000241e-04
-3.435080000000000186e-04 7.591180000000000323e-04
-6.771909999999999475e-04 1.215359999999999965e-03
-9.586520000000000501e-04 1.619530000000000101e-03
-1.136819999999999975e-03 1.893439999999999923e-03
-1.184429999999999988e-03 1.965160000000000084e-03
-1.106769999999999976e-03 1.789589999999999974e-03
-9.297900000000000002e-04 1.366589999999999992e-03
-6.800400000000000281e-04 7.405670000000000265e-04
-3.730650000000000069e-04 -6.263889999999999585e-06
-1.772409999999999857e-05 -7.537419999999999537e-04
3.702220000000000207e-04 -1.376119999999999991e-03
7.593689999999999728e-04 -1.796850000000000010e-03
1.105470000000000107e-03 -1.997379999999999989e-03
1.360400000000000107e-03 -1.996599999999999851e-03
1.480640000000000081e-03 -1.830999999999999945e-03
1.435209999999999915e-03 -1.542189999999999924e-03
1.213569999999999970e-03 -1.129859999999999892e-03
8.308680000000000145e-04 -5.659019999999999632e-04
3.303180000000000179e-04 1.137349999999999944e-04
-2.208559999999999874e-04 8.343079999999999680e-04
-7.472139999999999511e-04 1.507880000000000071e-03
-1.185829999999999914e-03 2.038009999999999822e-03
-1.498039999999999962e-03 2.352760000000000181e-03
-1.665900000000000106e-03 2.406789999999999798e-03
-1.679130000000000032e-03 2.170880000000000032e-03
-1.525950000000000093e-03 1.642240000000000106e-03
-1.196940000000000070e-03 8.435079999999999748e-04
-6.992409999999999685e-04 -1.445419999999999995e-04
-7.284600000000000016e-05 -1.123089999999999982e-03
6.047809999999999818e-04 -1.879559999999999955e-03
1.236069999999999921e-03 -2.296690000000000103e-03
1.732030000000000071e-03 -2.371020000000000159e-03
2.030639999999999789e-03 -2.190150000000000083e-03
2.095640000000000176e-03 -1.832810000000000038e-03
1.907529999999999946e-03 -1.340920000000000003e-03
1.467119999999999926e-03 -7.551629999999999931e-04
8.112059999999999714e-04 -7.426760000000000024e-05
1.908200000000000128e-05 7.233920000000000020e-04
-7.993030000000000143e-04 1.565100000000000042e-03
-1.525789999999999959e-03 2.286540000000000100e-03
-2.056989999999999860e-03 2.675799999999999880e-03
-2.321249999999999963e-03 2.577129999999999959e-03
-2.288779999999999808e-03 2.009009999999999876e-03
-1.971049999999999799e-03 1.098259999999999991e-03
-1.408699999999999926e-03 6.023909999999999725e-05
-6.606169999999999534e-04 -8.480200000000000021e-04
1.979349999999999946e-04 -1.465960000000000093e-03
1.073450000000000099e-03 -1.786449999999999974e-03
1.856589999999999976e-03 -1.929600000000000065e-03
2.431519999999999949e-03 -2.000950000000000038e-03
2.690890000000000035e-03 -1.967730000000000000e-03
2.559780000000000215e-03 -1.709730000000000017e-03
2.028809999999999815e-03 -1.152800000000000049e-03
1.176879999999999940e-03 -3.147240000000000042e-04
1.573439999999999897e-04 6.819830000000000466e-04
-8.508489999999999847e-04 1.609310000000000081e-03
-1.695679999999999974e-03 2.198419999999999975e-03
-2.278889999999999996e-03 2.264910000000000187e-03
-2.554069999999999865e-03 1.841320000000000023e-03
-2.511709999999999898e-03 1.160000000000000007e-03
-2.164160000000000042e-03 4.933620000000000106e-04
-1.538309999999999981e-03 5.923550000000000232e-06
-6.822780000000000294e-04 -2.883769999999999801e-04
3.158249999999999925e-04 -4.909559999999999662e-04
1.315760000000000020e-03 -7.358869999999999561e-04
2.139410000000000010e-03 -1.054990000000000008e-03
2.614689999999999809e-03 -1.330889999999999938e-03
2.634629999999999785e-03 -1.407260000000000021e-03
2.202550000000000167e-03 -1.189450000000000099e-03
1.433569999999999896e-03 -6.962210000000000143e-04
5.088729999999999642e-04 -9.532410000000000438e-05
-3.891950000000000032e-04 3.705199999999999965e-04
-1.127509999999999971e-03 5.447499999999999868e-04
-1.640200000000000078e-03 4.769770000000000108e-04
-1.913989999999999962e-03 3.663410000000000082e-04
-1.953530000000000197e-03 3.709319999999999783e-04
-1.753769999999999982e-03 5.137129999999999518e-04
-1.307889999999999921e-03 7.268459999999999591e-04
-6.482869999999999952e-04 9.116699999999999500e-04
1.211430000000000021e-04 9.461979999999999827e-04
8.404880000000000207e-04 7.412750000000000068e-04
1.350800000000000091e-03 3.280129999999999916e-04
1.553439999999999899e-03 -1.578860000000000127e-04
1.440019999999999972e-03 -5.708830000000000024e-04
1.087180000000000091e-03 -8.745559999999999662e-04
6.244949999999999763e-04 -1.119659999999999970e-03
1.846519999999999932e-04 -1.323780000000000096e-03
-1.456720000000000107e-04 -1.425040000000000031e-03
-3.475099999999999847e-04 -1.308069999999999936e-03
-4.512669999999999876e-04 -8.953080000000000413e-04
-4.953509999999999944e-04 -2.144860000000000061e-04
-4.973970000000000084e-04 6.184600000000000384e-04
-4.574520000000000105e-04 1.403240000000000043e-03
-3.788579999999999834e-04 1.896200000000000012e-03
-2.838140000000000172e-04 1.977660000000000008e-03
-2.120249999999999902e-04 1.706129999999999930e-03
-1.989930000000000106e-04 1.205539999999999954e-03
-2.437700000000000056e-04 5.484020000000000257e-04
-2.942399999999999747e-04 -2.165529999999999983e-04
-2.730829999999999738e-04 -9.700779999999999776e-04
-1.284849999999999870e-04 -1.565989999999999960e-03
1.333399999999999939e-04 -1.885959999999999893e-03
4.555550000000000116e-04 -1.872219999999999961e-03
7.609599999999999784e-04 -1.515709999999999974e-03
9.748359999999999751e-04 -8.217090000000000028e-04
1.035209999999999950e-03 7.873579999999999923e-05
9.064579999999999600e-04 9.111769999999999939e-04
5.942169999999999657e-04 1.435730000000000079e-03
1.459540000000000056e-04 1.534870000000000028e-03
-3.609059999999999764e-04 1.191549999999999988e-03
-8.338049999999999629e-04 5.418839999999999638e-04
-1.181559999999999902e-03 -1.489700000000000052e-04
-1.329670000000000027e-03 -6.588629999999999834e-04
-1.233079999999999897e-03 -8.630719999999999928e-04
-8.910790000000000247e-04 -7.470419999999999535e-04
-3.597009999999999769e-04 -4.127919999999999875e-04
2.491460000000000029e-04 3.677050000000000311e-05
7.896729999999999592e-04 5.201420000000000219e-04
1.129000000000000012e-03 8.680889999999999483e-04
1.199820000000000096e-03 9.029809999999999660e-04
1.021130000000000084e-03 5.644400000000000372e-04
6.742259999999999920e-04 -6.783440000000000227e-05
2.615000000000000137e-04 -8.290329999999999618e-04
-1.204739999999999988e-04 -1.540949999999999915e-03
-3.940619999999999822e-04 -1.940359999999999915e-03
-5.155539999999999906e-04 -1.791000000000000057e-03
-4.857309999999999883e-04 -1.070570000000000072e-03
-3.446510000000000177e-04 2.268170000000000003e-05
-1.559970000000000042e-04 1.162339999999999988e-03
9.424909999999999180e-06 2.007360000000000134e-03
9.097350000000000575e-05 2.287410000000000138e-03
5.571539999999999853e-05 1.958389999999999957e-03
-8.771360000000000669e-05 1.152250000000000062e-03
-2.813450000000000109e-04 6.052629999999999680e-05
-4.304740000000000259e-04 -1.013950000000000008e-03
-4.452750000000000219e-04 -1.739249999999999911e-03
-2.869300000000000192e-04 -1.914810000000000080e-03
1.635730000000000007e-05 -1.588559999999999929e-03
3.857730000000000078e-04 -9.265410000000000182e-04
7.157640000000000269e-04 -7.394700000000000199e-05
9.017250000000000308e-04 7.076749999999999491e-04
8.783979999999999609e-04 1.131980000000000096e-03
6.476579999999999577e-04 1.078289999999999978e-03
2.742260000000000270e-04 6.078290000000000515e-04
-1.435499999999999927e-04 -6.865189999999999910e-05
-5.069970000000000249e-04 -6.734020000000000283e-04
-7.412319999999999803e-04 -9.473110000000000515e-04
-8.084519999999999771e-04 -7.594210000000000326e-04
-7.117179999999999644e-04 -1.847650000000000106e-04
-4.912049999999999837e-04 5.479340000000000295e-04
-2.135010000000000011e-04 1.136110000000000071e-03
4.828329999999999899e-05 1.301370000000000044e-03
2.370539999999999974e-04 9.726140000000000089e-04
3.248120000000000065e-04 3.290669999999999988e-04
3.173229999999999974e-04 -3.739939999999999974e-04
2.537670000000000117e-04 -9.162760000000000479e-04
1.910960000000000013e-04 -1.123410000000000034e-03
1.720919999999999915e-04 -9.486240000000000167e-04
2.001430000000000114e-04 -5.181969999999999719e-04
2.404519999999999943e-04 -4.462010000000000330e-05
2.438460000000000096e-04 2.854229999999999810e-04
1.756440000000000009e-04 3.854029999999999826e-04
3.409749999999999668e-05 2.904930000000000121e-04
-1.478890000000000066e-04 1.179749999999999945e-04
-3.158400000000000118e-04 -4.461699999999999989e-06
-4.155979999999999874e-04 -1.558229999999999945e-06
-4.158540000000000066e-04 1.195430000000000039e-04
-3.217979999999999842e-04 2.821020000000000038e-04
-1.723790000000000109e-04 3.827820000000000224e-04
-2.137170000000000072e-05 3.472190000000000107e-04
8.791950000000000416e-05 1.716189999999999979e-04
1.403990000000000088e-04 -7.662989999999999624e-05
1.505429999999999984e-04 -2.973469999999999976e-04
1.484670000000000000e-04 -4.091449999999999731e-04
1.597330000000000104e-04 -3.871050000000000012e-04
1.901580000000000045e-04 -2.691339999999999748e-04
2.230900000000000070e-04 -1.292499999999999975e-04
2.295949999999999998e-04 -3.349670000000000067e-05
1.854749999999999953e-04 -4.580230000000000191e-06
8.618420000000000063e-05 -1.621730000000000141e-05
-4.785019999999999801e-05 -1.839390000000000019e-05
-1.782599999999999907e-04 2.447720000000000004e-05
-2.650870000000000049e-04 1.106759999999999954e-04
-2.848509999999999736e-04 2.072820000000000120e-04
-2.410520000000000089e-04 2.714649999999999767e-04
-1.608000000000000054e-04 2.724480000000000044e-04
-7.905570000000000273e-05 2.060619999999999932e-04
-1.995679999999999839e-05 9.514829999999999837e-05
1.347919999999999963e-05 -2.316919999999999833e-05
3.584820000000000010e-05 -1.155990000000000023e-04
6.570800000000000176e-05 -1.661090000000000049e-04
1.112459999999999984e-04 -1.783140000000000007e-04
1.639280000000000067e-04 -1.675749999999999939e-04
2.029959999999999924e-04 -1.492379999999999965e-04
2.072069999999999967e-04 -1.303180000000000083e-04
1.667539999999999962e-04 -1.083670000000000011e-04
8.899060000000000141e-05 -7.637009999999999578e-05
-4.606540000000000114e-06 -2.956930000000000165e-05
-8.819440000000000385e-05 2.989500000000000092e-05
-1.426669999999999946e-04 9.257470000000000661e-05
-1.624290000000000130e-04 1.451169999999999999e-04
-1.548090000000000013e-04 1.754100000000000028e-04
-1.332930000000000128e-04 1.769659999999999994e-04
-1.090040000000000019e-04 1.507590000000000113e-04
-8.537609999999999730e-05 1.040780000000000020e-04
-5.856640000000000224e-05 4.736529999999999864e-05
-2.257080000000000081e-05 -9.274099999999999857e-06
2.461469999999999999e-05 -5.841750000000000100e-05
7.761470000000000077e-05 -9.594259999999999854e-05
1.249099999999999950e-04 -1.202920000000000063e-04
1.537529999999999897e-04 -1.312530000000000120e-04
1.558859999999999912e-04 -1.290329999999999960e-04
1.310519999999999914e-04 -1.139899999999999979e-04
8.669749999999999451e-05 -8.695599999999999890e-05
3.439549999999999959e-05 -4.983610000000000215e-05
-1.490670000000000078e-05 -6.102390000000000369e-06
-5.438860000000000303e-05 3.915620000000000298e-05
-8.216320000000000643e-05 7.980250000000000039e-05
-9.955799999999999784e-05 1.097780000000000050e-04
-1.083469999999999979e-04 1.244700000000000060e-04
-1.087390000000000036e-04 1.218550000000000048e-04
-9.920680000000000026e-05 1.029860000000000064e-04
-7.802430000000000444e-05 7.163970000000000461e-05
