-3.471319999999999879e-08 8.417230000000000258e-07
-2.129779999999999898e-07 3.141869999999999956e-06
-6.271480000000000516e-07 5.749630000000000379e-06
-1.333530000000000004e-06 1.028699999999999993e-05
-2.737509999999999901e-06 2.342820000000000042e-05
-6.016880000000000234e-06 5.288829999999999980e-05
-1.274030000000000065e-05 9.855070000000000496e-05
-2.341720000000000002e-05 1.439310000000000014e-04
-3.624750000000000151e-05 1.655860000000000101e-04
-4.747840000000000269e-05 1.418649999999999978e-04
-5.275219999999999953e-05 5.882709999999999789e-05
-4.844339999999999768e-05 -6.961299999999999910e-05
-3.284760000000000040e-05 -2.000080000000000000e-04
-6.405969999999999757e-06 -2.875980000000000203e-04
2.967270000000000137e-05 -3.167380000000000022e-04
7.475299999999999393e-05 -3.085550000000000163e-04
1.276290000000000074e-04 -3.037149999999999746e-04
1.832530000000000020e-04 -3.341859999999999883e-04
2.307809999999999983e-04 -3.961309999999999788e-04
2.557160000000000162e-04 -4.388370000000000270e-04
2.459079999999999773e-04 -3.964560000000000002e-04
1.985979999999999983e-04 -2.443580000000000209e-04
1.232689999999999882e-04 -1.274470000000000014e-05
3.588069999999999682e-05 2.426700000000000059e-04
-5.208890000000000200e-05 4.638509999999999877e-04
-1.394699999999999911e-04 6.051640000000000491e-04
-2.305449999999999958e-04 6.568229999999999555e-04
-3.248959999999999739e-04 6.518210000000000193e-04
-4.113349999999999776e-04 6.419239999999999885e-04
-4.704299999999999801e-04 6.627690000000000100e-04
-4.828349999999999808e-04 7.014480000000000237e-04
-4.370309999999999972e-04 6.846450000000000018e-04
-3.331799999999999779e-04 5.305779999999999741e-04
-1.843310000000000076e-04 2.200709999999999873e-04
-1.386520000000000067e-05 -2.018629999999999882e-04
1.535379999999999926e-04 -6.509709999999999715e-04
3.029339999999999832e-04 -1.024299999999999907e-03
4.327749999999999891e-04 -1.240669999999999924e-03
5.477509999999999671e-04 -1.278019999999999937e-03
6.465929999999999941e-04 -1.176030000000000001e-03
7.143860000000000141e-04 -1.008800000000000018e-03
7.253290000000000345e-04 -8.376110000000000413e-04
6.544780000000000042e-04 -6.762520000000000163e-04
4.920389999999999963e-04 -4.973300000000000377e-04
2.523089999999999860e-04 -2.517120000000000186e-04
-2.828839999999999838e-05 9.486490000000000037e-05
-3.030120000000000187e-04 5.193739999999999642e-04
-5.301309999999999833e-04 9.410879999999999723e-04
-6.854030000000000105e-04 1.267179999999999912e-03
-7.671750000000000401e-04 1.446180000000000035e-03
-7.910260000000000121e-04 1.476859999999999978e-03
-7.747340000000000129e-04 1.377839999999999968e-03
-7.222930000000000452e-04 1.164010000000000045e-03
-6.195979999999999587e-04 8.409490000000000151e-04
-4.472440000000000161e-04 4.304180000000000115e-04
-2.017320000000000127e-04 -2.070369999999999966e-05
9.358219999999999993e-05 -4.858290000000000134e-04
3.973369999999999940e-04 -9.515189999999999542e-04
6.676030000000000115e-04 -1.366369999999999998e-03
8.727000000000000165e-04 -1.655809999999999964e-03
9.928319999999999160e-04 -1.749969999999999998e-03
1.018299999999999978e-03 -1.615380000000000028e-03
9.495550000000000388e-04 -1.300039999999999920e-03
7.977089999999999615e-04 -9.018809999999999934e-04
5.796939999999999558e-04 -4.984020000000000030e-04
3.096190000000000183e-04 -1.050209999999999962e-04
-3.731300000000000172e-06 3.098089999999999742e-04
-3.469570000000000054e-04 7.639520000000000338e-04
-6.882429999999999494e-04 1.229440000000000047e-03
-9.767660000000000058e-04 1.641819999999999998e-03
-1.161179999999999938e-03 1.921970000000000059e-03
-1.213309999999999996e-03 1.997510000000000084e-03
-1.137420000000000098e-03 1.823039999999999947e-03
-9.590490000000000126e-04 1.397980000000000056e-03
-7.050119999999999781e-04 7.662749999999999640e-04
-3.913470000000000056e-04 1.033709999999999967e-05
-2.723250000000000058e-05 -7.485249999999999933e-04
3.712610000000000085e-04 -1.382860000000000079e-03
7.719100000000000007e-04 -1.814620000000000078e-03
1.128939999999999935e-03 -2.024419999999999865e-03
1.392479999999999976e-03 -2.030759999999999944e-03
1.517789999999999981e-03 -1.869589999999999967e-03
1.473490000000000043e-03 -1.581699999999999903e-03
1.249209999999999947e-03 -1.166130000000000031e-03
8.603719999999999814e-04 -5.946950000000000109e-04
3.505019999999999859e-04 9.599879999999999980e-05
-2.126809999999999920e-04 8.299509999999999960e-04
-7.527249999999999870e-04 1.517740000000000061e-03
-1.205099999999999965e-03 2.061490000000000024e-03
-1.529339999999999910e-03 2.387929999999999914e-03
-1.706040000000000030e-03 2.450379999999999833e-03
-1.724080000000000014e-03 2.218359999999999950e-03
-1.571319999999999965e-03 1.688320000000000098e-03
-1.238160000000000085e-03 8.828209999999999964e-04
-7.316819999999999921e-04 -1.167079999999999946e-04
-9.214489999999999931e-05 -1.110180000000000108e-03
6.021190000000000266e-04 -1.883300000000000078e-03
1.251710000000000062e-03 -2.316920000000000091e-03
1.764900000000000019e-03 -2.405899999999999879e-03
2.076839999999999936e-03 -2.236360000000000171e-03
2.149340000000000018e-03 -1.885610000000000020e-03
1.962339999999999918e-03 -1.394309999999999950e-03
1.516970000000000081e-03 -8.026249999999999531e-04
8.505750000000000073e-04 -1.099829999999999937e-04
4.324869999999999810e-05 7.037000000000000286e-04
-7.936650000000000389e-04 1.564000000000000069e-03
-1.539999999999999919e-03 2.304860000000000155e-03
-2.090149999999999821e-03 2.712169999999999859e-03
-2.370329999999999920e-03 2.627550000000000198e-03
-2.348639999999999929e-03 2.067110000000000041e-03
-2.034460000000000088e-03 1.156459999999999997e-03
-1.467119999999999926e-03 1.111139999999999936e-04
-7.056480000000000174e-04 -8.106520000000000305e-04
1.728099999999999938e-04 -1.446379999999999931e-03
1.071590000000000086e-03 -1.786779999999999965e-03
1.877710000000000099e-03 -1.949860000000000091e-03
2.472189999999999978e-03 -2.039220000000000008e-03
2.745710000000000164e-03 -2.020080000000000053e-03
2.622530000000000087e-03 -1.770139999999999908e-03
2.092810000000000070e-03 -1.213600000000000009e-03
1.234859999999999951e-03 -3.679379999999999999e-04
2.016569999999999973e-04 6.433240000000000226e-04
-8.268750000000000275e-04 1.590279999999999905e-03
-1.696100000000000082e-03 2.201569999999999916e-03
-2.304089999999999958e-03 2.289629999999999964e-03
-2.600630000000000042e-03 1.883640000000000011e-03
-2.572829999999999909e-03 1.213490000000000011e-03
-2.230719999999999838e-03 5.507619999999999964e-04
-1.600569999999999944e-03 6.052310000000000334e-05
-7.319779999999999906e-04 -2.423410000000000028e-04
2.840739999999999910e-04 -4.583449999999999764e-04
1.304309999999999931e-03 -7.204800000000000136e-04
2.148279999999999808e-03 -1.058880000000000108e-03
2.642289999999999830e-03 -1.353730000000000037e-03
2.677810000000000086e-03 -1.445960000000000040e-03
2.256220000000000187e-03 -1.238579999999999976e-03
1.490640000000000107e-03 -7.489639999999999666e-04
5.612489999999999927e-04 -1.445419999999999995e-04
-3.489499999999999980e-04 3.310259999999999982e-04
-1.104530000000000052e-03 5.191170000000000376e-04
-1.636279999999999939e-03 4.668030000000000096e-04
-1.927429999999999942e-03 3.711370000000000077e-04
-1.980079999999999948e-03 3.889580000000000121e-04
-1.788370000000000064e-03 5.424339999999999501e-04
-1.346030000000000013e-03 7.630220000000000275e-04
-6.862860000000000358e-04 9.515850000000000176e-04
8.660959999999999828e-05 9.859940000000000197e-04
8.124850000000000518e-04 7.769860000000000178e-04
1.331659999999999918e-03 3.555580000000000134e-04
1.544360000000000047e-03 -1.420580000000000009e-04
1.441189999999999962e-03 -5.685799999999999535e-04
1.097950000000000098e-03 -8.851930000000000475e-04
6.433059999999999560e-04 -1.140930000000000069e-03
2.090810000000000129e-04 -1.352939999999999959e-03
-1.181580000000000027e-04 -1.459510000000000017e-03
-3.186959999999999858e-04 -1.345089999999999958e-03
-4.221930000000000149e-04 -9.314619999999999801e-04
-4.673890000000000206e-04 -2.459019999999999912e-04
-4.732679999999999960e-04 5.954940000000000146e-04
-4.410589999999999932e-04 1.391829999999999934e-03
-3.740199999999999731e-04 1.898509999999999955e-03
-2.928489999999999739e-04 1.994300000000000066e-03
-2.349069999999999923e-04 1.735750000000000097e-03
-2.333380000000000079e-04 1.244810000000000057e-03
-2.855560000000000151e-04 5.923670000000000021e-04
-3.386659999999999996e-04 -1.738079999999999866e-04
-3.148900000000000158e-04 -9.344000000000000526e-04
-1.619050000000000025e-04 -1.541950000000000048e-03
1.140600000000000023e-04 -1.876239999999999939e-03
4.546679999999999775e-04 -1.877949999999999975e-03
7.796870000000000449e-04 -1.536739999999999981e-03
1.010969999999999924e-03 -8.561830000000000525e-04
1.083799999999999998e-03 3.523249999999999852e-05
9.605930000000000371e-04 8.652259999999999725e-04
6.455500000000000517e-04 1.394279999999999912e-03
1.859420000000000029e-04 1.503420000000000104e-03
-3.389539999999999806e-04 1.173479999999999966e-03
-8.328349999999999772e-04 5.385470000000000057e-04
-1.200150000000000088e-03 -1.379150000000000102e-04
-1.362979999999999964e-03 -6.353329999999999698e-04
-1.274659999999999942e-03 -8.305539999999999494e-04
-9.344079999999999617e-04 -7.101909999999999907e-04
-3.989840000000000140e-04 -3.765479999999999869e-04
2.186989999999999876e-04 6.813709999999999515e-05
7.714619999999999941e-04 5.436469999999999671e-04
1.124299999999999952e-03 8.820079999999999891e-04
1.207210000000000010e-03 9.063409999999999609e-04
1.036940000000000084e-03 5.568679999999999681e-04
6.943360000000000417e-04 -8.557320000000000258e-05
2.830379999999999962e-04 -8.546400000000000437e-04
-9.878209999999999736e-05 -1.571240000000000006e-03
-3.726509999999999935e-04 -1.972330000000000003e-03
-4.946700000000000055e-04 -1.822009999999999992e-03
-4.656889999999999793e-04 -1.097700000000000065e-03
-3.263009999999999782e-04 2.831329999999999877e-06
-1.413870000000000068e-04 1.152859999999999909e-03
1.700080000000000162e-05 2.009920000000000109e-03
8.801509999999999694e-05 2.301790000000000173e-03
4.017500000000000075e-05 1.982709999999999941e-03
-1.151990000000000061e-04 1.183540000000000069e-03
-3.174340000000000104e-04 9.495100000000000621e-05
-4.700020000000000174e-04 -9.809730000000000012e-04
-4.821040000000000178e-04 -1.712289999999999993e-03
-3.146910000000000267e-04 -1.897290000000000044e-03
2.996619999999999949e-06 -1.582250000000000106e-03
3.894910000000000017e-04 -9.319349999999999466e-04
7.358139999999999993e-04 -9.043869999999999860e-05
9.344219999999999653e-04 6.821900000000000533e-04
9.180430000000000057e-04 1.101039999999999961e-03
6.874960000000000055e-04 1.046030000000000093e-03
3.077500000000000266e-04 5.781239999999999556e-04
-1.210429999999999997e-04 -9.252740000000000454e-05
-4.973650000000000466e-04 -6.888509999999999816e-04
-7.435869999999999806e-04 -9.526380000000000091e-04
-8.202129999999999751e-04 -7.541289999999999756e-04
-7.298779999999999938e-04 -1.696760000000000065e-04
-5.131680000000000443e-04 5.708490000000000092e-04
-2.372899999999999998e-04 1.164059999999999965e-03
2.420959999999999941e-05 1.330989999999999994e-03
2.141500000000000012e-04 1.000140000000000057e-03
3.048969999999999914e-04 3.509639999999999960e-04
3.027360000000000099e-04 -3.602860000000000264e-04
2.468179999999999940e-04 -9.119879999999999697e-04
1.931839999999999989e-04 -1.128579999999999904e-03
1.832589999999999881e-04 -9.621739999999999937e-04
2.191229999999999957e-04 -5.380619999999999587e-04
2.648610000000000244e-04 -6.814860000000000004e-05
2.704119999999999853e-04 2.608530000000000180e-04
2.007090000000000057e-04 3.620869999999999774e-04
5.440040000000000180e-05 2.705510000000000055e-04
-1.345639999999999944e-04 1.035720000000000038e-04
-3.105240000000000105e-04 -1.131449999999999984e-05
-4.184249999999999927e-04 3.913509999999999949e-07
-4.263469999999999890e-04 1.302350000000000025e-04
-3.388490000000000078e-04 3.000669999999999987e-04
-1.940929999999999999e-04 4.054829999999999936e-04
-4.511499999999999750e-05 3.715479999999999738e-04
6.514450000000000622e-05 1.943710000000000132e-04
1.214470000000000046e-04 -5.830449999999999717e-05
1.377179999999999984e-04 -2.855070000000000025e-04
1.432620000000000117e-04 -4.047839999999999923e-04
1.626429999999999944e-04 -3.901859999999999942e-04
2.005809999999999961e-04 -2.788749999999999888e-04
2.394080000000000090e-04 -1.444250000000000004e-04
2.495020000000000245e-04 -5.254699999999999681e-05
2.064439999999999906e-04 -2.555150000000000092e-05
1.058580000000000019e-04 -3.673389999999999739e-05
-3.148520000000000138e-05 -3.586839999999999695e-05
-1.668619999999999891e-04 1.239309999999999998e-05
-2.599270000000000204e-04 1.055839999999999974e-04
-2.866319999999999892e-04 2.097120000000000006e-04
-2.496449999999999993e-04 2.808360000000000196e-04
-1.751029999999999937e-04 2.872679999999999743e-04
-9.713620000000000013e-05 2.242260000000000043e-04
-3.941840000000000193e-05 1.142799999999999968e-04
-4.911790000000000283e-06 -5.373690000000000045e-06
2.071899999999999933e-05 -1.010709999999999950e-04
5.555240000000000026e-05 -1.562450000000000058e-04
1.071250000000000018e-04 -1.739769999999999912e-04
1.661339999999999920e-04 -1.691530000000000117e-04
2.110430000000000053e-04 -1.566220000000000058e-04
2.199550000000000040e-04 -1.427850000000000094e-04
1.826030000000000133e-04 -1.244720000000000104e-04
1.060700000000000060e-04 -9.403950000000000655e-05
1.171510000000000071e-05 -4.643030000000000166e-05
-7.455599999999999565e-05 1.606380000000000026e-05
-1.333419999999999983e-04 8.344930000000000078e-05
-1.585009999999999924e-04 1.416119999999999987e-04
-1.566439999999999998e-04 1.776500000000000084e-04
-1.405099999999999947e-04 1.843849999999999905e-04
-1.205750000000000035e-04 1.622600000000000084e-04
-9.979999999999999993e-05 1.182099999999999948e-04
-7.405809999999999488e-05 6.249239999999999819e-05
-3.725939999999999770e-05 5.165200000000000115e-06
1.247259999999999981e-05 -4.627659999999999668e-05
6.942019999999999647e-05 -8.750510000000000352e-05
1.215479999999999957e-04 -1.165880000000000025e-04
1.554939999999999990e-04 -1.327520000000000056e-04
1.623800000000000005e-04 -1.355139999999999904e-04
1.413999999999999947e-04 -1.245390000000000082e-04
9.957119999999999968e-05 -1.001120000000000064e-04
4.820499999999999671e-05 -6.384929999999999870e-05
-1.822330000000000093e-06 -1.921610000000000055e-05
-4.356419999999999873e-05 2.846989999999999994e-05
-7.483089999999999534e-05 7.268680000000000345e-05
-9.651289999999999544e-05 1.069119999999999955e-04
-1.098650000000000061e-04 1.260439999999999879e-04
-1.145500000000000061e-04 1.275810000000000106e-04
-1.085249999999999952e-04 1.121310000000000010e-04
-8.964399999999999756e-05 8.309330000000000622e-05
