-2.165010000000000075e-08 8.662520000000000200e-07
-1.451459999999999949e-07 3.288679999999999826e-06
-4.821850000000000260e-07 6.165099999999999639e-06
-1.160610000000000015e-06 1.112640000000000074e-05
-2.532680000000000203e-06 2.509339999999999932e-05
-5.532600000000000189e-06 5.653419999999999821e-05
-1.172440000000000077e-05 1.062360000000000040e-04
-2.256349999999999835e-05 1.576869999999999964e-04
-3.811470000000000287e-05 1.857189999999999883e-04
-5.605199999999999798e-05 1.658460000000000110e-04
-7.136870000000000670e-05 8.153530000000000521e-05
-7.710640000000000430e-05 -5.442240000000000261e-05
-6.638280000000000417e-05 -1.973850000000000084e-04
-3.496409999999999953e-05 -2.994149999999999785e-04
1.705120000000000032e-05 -3.417860000000000104e-04
8.506310000000000216e-05 -3.450099999999999782e-04
1.607830000000000088e-04 -3.518519999999999916e-04
2.334089999999999874e-04 -3.967309999999999934e-04
2.911510000000000183e-04 -4.756299999999999981e-04
3.231379999999999951e-04 -5.337140000000000200e-04
3.215340000000000017e-04 -4.983750000000000116e-04
2.836149999999999739e-04 -3.393059999999999935e-04
2.126720000000000129e-04 -8.572180000000000316e-05
1.159799999999999975e-04 2.030610000000000130e-04
5.292490000000000297e-07 4.642730000000000186e-04
-1.294749999999999894e-04 6.487539999999999757e-04
-2.702909999999999775e-04 7.435630000000000364e-04
-4.131560000000000267e-04 7.777790000000000354e-04
-5.406480000000000183e-04 7.996690000000000308e-04
-6.290510000000000459e-04 8.437899999999999697e-04
-6.564780000000000528e-04 8.980550000000000338e-04
-6.117429999999999873e-04 8.879040000000000153e-04
-4.984069999999999733e-04 7.250310000000000045e-04
-3.324730000000000133e-04 3.814369999999999870e-04
-1.353749999999999973e-04 -1.015859999999999994e-04
7.455039999999999692e-05 -6.343780000000000035e-04
2.872460000000000074e-04 -1.101870000000000020e-03
4.989159999999999645e-04 -1.409300000000000049e-03
7.038930000000000317e-04 -1.523559999999999975e-03
8.860170000000000112e-04 -1.477479999999999983e-03
1.016020000000000074e-03 -1.342450000000000023e-03
1.058120000000000067e-03 -1.180010000000000000e-03
9.835729999999999560e-04 -1.004979999999999936e-03
7.846119999999999614e-04 -7.896049999999999727e-04
4.814940000000000084e-04 -4.826699999999999849e-04
1.180749999999999969e-04 -4.788069999999999712e-05
-2.521590000000000094e-04 4.901089999999999657e-04
-5.824359999999999780e-04 1.041789999999999904e-03
-8.438420000000000296e-04 1.498430000000000031e-03
-1.027289999999999931e-03 1.790579999999999949e-03
-1.136660000000000057e-03 1.903479999999999929e-03
-1.177040000000000074e-03 1.849170000000000024e-03
-1.144629999999999996e-03 1.640079999999999923e-03
-1.025089999999999986e-03 1.280160000000000022e-03
-8.027419999999999521e-04 7.912480000000000381e-04
-4.761540000000000087e-04 2.256369999999999947e-04
-6.893319999999999927e-05 -3.791369999999999853e-04
3.728219999999999755e-04 -9.984699999999999999e-04
7.940900000000000085e-04 -1.572430000000000095e-03
1.145860000000000064e-03 -2.016200000000000110e-03
1.393619999999999928e-03 -2.242699999999999815e-03
1.517420000000000010e-03 -2.196399999999999828e-03
1.507679999999999958e-03 -1.908339999999999906e-03
1.362539999999999975e-03 -1.474129999999999928e-03
1.088140000000000027e-03 -9.824840000000000483e-04
7.001000000000000495e-04 -4.626899999999999763e-04
2.250780000000000022e-04 1.092940000000000009e-04
-2.978549999999999731e-04 7.477910000000000373e-04
-8.170970000000000273e-04 1.415210000000000079e-03
-1.273180000000000058e-03 2.026360000000000054e-03
-1.609900000000000046e-03 2.476279999999999974e-03
-1.787959999999999897e-03 2.671740000000000139e-03
-1.793300000000000059e-03 2.555369999999999951e-03
-1.634629999999999981e-03 2.120040000000000119e-03
-1.332440000000000057e-03 1.405149999999999975e-03
-9.075479999999999919e-04 4.931510000000000494e-04
-3.785789999999999815e-04 -4.833199999999999736e-04
2.292940000000000039e-04 -1.371089999999999939e-03
8.721230000000000388e-04 -2.058610000000000214e-03
1.482470000000000055e-03 -2.497469999999999898e-03
1.977510000000000032e-03 -2.688349999999999941e-03
2.277130000000000040e-03 -2.657189999999999813e-03
2.324430000000000159e-03 -2.435089999999999998e-03
2.099830000000000012e-03 -2.008849999999999959e-03
1.624020000000000108e-03 -1.339150000000000106e-03
9.520210000000000521e-04 -4.615989999999999828e-04
1.631790000000000042e-04 5.316189999999999935e-04
-6.520540000000000017e-04 1.520539999999999912e-03
-1.406080000000000090e-03 2.372439999999999966e-03
-2.024839999999999973e-03 2.982600000000000182e-03
-2.452160000000000104e-03 3.277299999999999918e-03
-2.647580000000000072e-03 3.200689999999999959e-03
-2.582290000000000106e-03 2.725650000000000035e-03
-2.239689999999999910e-03 1.858899999999999919e-03
-1.623490000000000003e-03 6.812100000000000186e-04
-7.717089999999999800e-04 -5.878739999999999487e-04
2.326759999999999929e-04 -1.696650000000000068e-03
1.266430000000000030e-03 -2.482629999999999993e-03
2.188180000000000073e-03 -2.904560000000000041e-03
2.867699999999999937e-03 -3.022930000000000061e-03
3.208850000000000070e-03 -2.891990000000000099e-03
3.160060000000000126e-03 -2.524680000000000066e-03
2.717709999999999917e-03 -1.934670000000000096e-03
1.927600000000000017e-03 -1.110490000000000001e-03
8.821089999999999530e-04 -4.318220000000000137e-05
-2.898639999999999745e-04 1.164539999999999933e-03
-1.440330000000000082e-03 2.308000000000000156e-03
-2.424200000000000053e-03 3.127149999999999982e-03
-3.119670000000000169e-03 3.411979999999999787e-03
-3.442510000000000188e-03 3.128639999999999807e-03
-3.351450000000000175e-03 2.365579999999999940e-03
-2.846589999999999971e-03 1.321219999999999903e-03
-1.969250000000000080e-03 2.589609999999999894e-04
-8.064530000000000526e-04 -6.346869999999999899e-04
5.064899999999999567e-04 -1.316420000000000003e-03
1.795050000000000074e-03 -1.870200000000000031e-03
2.870109999999999936e-03 -2.367989999999999939e-03
3.562560000000000206e-03 -2.738190000000000155e-03
3.758179999999999854e-03 -2.809830000000000140e-03
3.424560000000000104e-03 -2.454759999999999841e-03
2.620659999999999917e-03 -1.653790000000000034e-03
1.481670000000000036e-03 -5.224430000000000393e-04
1.837920000000000048e-04 6.898829999999999676e-04
-1.094560000000000064e-03 1.672550000000000078e-03
-2.198809999999999827e-03 2.185509999999999883e-03
-3.006990000000000184e-03 2.200109999999999913e-03
-3.429320000000000025e-03 1.895479999999999951e-03
-3.409049999999999841e-03 1.509439999999999914e-03
-2.931140000000000048e-03 1.189350000000000043e-03
-2.038120000000000036e-03 9.401729999999999853e-04
-8.440290000000000466e-04 6.541379999999999634e-04
4.686380000000000081e-04 1.967469999999999918e-04
1.678280000000000093e-03 -4.496829999999999838e-04
2.574710000000000019e-03 -1.131929999999999959e-03
3.013989999999999812e-03 -1.638499999999999983e-03
2.955909999999999961e-03 -1.813530000000000047e-03
2.466359999999999907e-03 -1.623499999999999943e-03
1.684270000000000081e-03 -1.202329999999999935e-03
7.718360000000000281e-04 -7.815499999999999965e-04
-1.276510000000000014e-04 -5.275710000000000078e-04
-9.096840000000000134e-04 -4.127620000000000030e-04
-1.505870000000000082e-03 -2.607420000000000050e-04
-1.869089999999999901e-03 6.573280000000000193e-05
-1.963059999999999979e-03 5.633349999999999859e-04
-1.770620000000000093e-03 1.128230000000000031e-03
-1.318759999999999984e-03 1.623169999999999951e-03
-6.976960000000000366e-04 1.893689999999999957e-03
-4.960710000000000147e-05 1.824239999999999976e-03
4.756159999999999945e-04 1.424010000000000076e-03
7.750250000000000411e-04 8.189109999999999662e-04
8.282860000000000179e-04 1.683409999999999930e-04
6.974950000000000160e-04 -4.542689999999999836e-04
4.938380000000000243e-04 -1.055350000000000038e-03
3.276089999999999731e-04 -1.615420000000000007e-03
2.645400000000000117e-04 -2.042850000000000135e-03
3.078360000000000254e-04 -2.191499999999999872e-03
4.108909999999999798e-04 -1.950270000000000042e-03
5.087159999999999859e-04 -1.319569999999999944e-03
5.468100000000000044e-04 -4.041739999999999829e-04
4.930270000000000485e-04 5.883719999999999836e-04
3.350100000000000061e-04 1.390240000000000052e-03
7.380509999999999577e-05 1.843440000000000009e-03
-2.779799999999999914e-04 1.960840000000000152e-03
-6.892629999999999634e-04 1.820309999999999897e-03
-1.098540000000000063e-03 1.449690000000000006e-03
-1.411209999999999982e-03 8.562280000000000021e-04
-1.520819999999999984e-03 1.319779999999999890e-04
-1.350379999999999983e-03 -5.764569999999999460e-04
-8.901539999999999887e-04 -1.124290000000000012e-03
-2.092449999999999931e-04 -1.417679999999999938e-03
5.634600000000000025e-04 -1.414520000000000057e-03
1.274500000000000025e-03 -1.085349999999999900e-03
1.781189999999999987e-03 -5.152190000000000285e-04
1.980969999999999866e-03 7.093800000000000420e-05
1.831120000000000100e-03 4.660800000000000099e-04
1.355740000000000027e-03 5.587899999999999812e-04
6.424790000000000535e-04 3.170280000000000147e-04
-1.705020000000000016e-04 -1.471529999999999919e-04
-9.206079999999999515e-04 -5.913379999999999548e-04
-1.456849999999999985e-03 -8.135860000000000401e-04
-1.675789999999999919e-03 -7.140269999999999994e-04
-1.547930000000000096e-03 -3.114090000000000131e-04
-1.125970000000000009e-03 2.558169999999999802e-04
-5.315559999999999773e-04 8.561820000000000368e-04
7.594719999999999683e-05 1.396539999999999934e-03
5.444169999999999478e-04 1.709460000000000103e-03
7.762339999999999952e-04 1.620560000000000056e-03
7.568059999999999501e-04 1.072470000000000064e-03
5.504589999999999960e-04 1.601720000000000108e-04
2.690510000000000232e-04 -9.160270000000000305e-04
3.155169999999999812e-05 -1.932909999999999923e-03
-7.178179999999999771e-05 -2.588759999999999846e-03
-5.049019999999999984e-06 -2.618309999999999995e-03
2.042839999999999977e-04 -1.976089999999999791e-03
4.757259999999999918e-04 -8.463659999999999803e-04
7.001859999999999942e-04 4.412989999999999773e-04
7.713429999999999636e-04 1.523070000000000066e-03
6.188920000000000098e-04 2.091149999999999953e-03
2.355760000000000091e-04 2.059430000000000115e-03
-3.116929999999999853e-04 1.523379999999999960e-03
-8.908889999999999604e-04 6.452300000000000006e-04
-1.337249999999999897e-03 -2.951769999999999828e-04
-1.506100000000000017e-03 -9.766200000000000922e-04
-1.326450000000000068e-03 -1.192270000000000049e-03
-8.287719999999999723e-04 -9.752040000000000231e-04
-1.349119999999999985e-04 -4.803429999999999918e-04
5.793680000000000271e-04 1.576840000000000034e-04
1.136180000000000089e-03 6.977520000000000510e-04
1.409179999999999894e-03 8.812089999999999854e-04
1.359289999999999977e-03 6.129179999999999481e-04
1.038150000000000054e-03 -2.484479999999999970e-05
5.622539999999999873e-04 -8.017859999999999701e-04
7.090230000000000046e-05 -1.422560000000000014e-03
-3.165959999999999890e-04 -1.618269999999999995e-03
-5.323259999999999581e-04 -1.262249999999999917e-03
-5.716620000000000165e-04 -4.503250000000000091e-04
-4.846060000000000016e-04 5.544050000000000020e-04
-3.514400000000000098e-04 1.408809999999999923e-03
-2.498050000000000249e-04 1.794739999999999964e-03
-2.246340000000000045e-04 1.609189999999999926e-03
-2.738129999999999752e-04 1.016739999999999918e-03
-3.528879999999999864e-04 2.787280000000000053e-04
-3.941230000000000211e-04 -3.665510000000000079e-04
-3.357379999999999761e-04 -7.251280000000000139e-04
-1.529970000000000125e-04 -7.309970000000000486e-04
1.246780000000000013e-04 -4.912319999999999751e-04
4.218560000000000213e-04 -2.023139999999999878e-04
6.475730000000000288e-04 -4.038270000000000217e-05
7.334460000000000111e-04 -8.329960000000000456e-05
6.611460000000000427e-04 -2.826640000000000164e-04
4.666439999999999998e-04 -5.018169999999999966e-04
2.206490000000000079e-04 -5.947209999999999866e-04
-3.853570000000000274e-06 -4.801739999999999871e-04
-1.608989999999999921e-04 -1.785740000000000016e-04
-2.445370000000000204e-04 2.035510000000000032e-04
-2.812690000000000069e-04 5.261349999999999491e-04
-3.078059999999999867e-04 6.813999999999999745e-04
-3.467599999999999936e-04 6.420879999999999687e-04
-3.929739999999999817e-04 4.644100000000000073e-04
-4.168390000000000116e-04 2.486200000000000150e-04
-3.819380000000000149e-04 8.407040000000000064e-05
-2.672670000000000145e-04 7.187249999999999669e-06
-8.220699999999999405e-05 -8.375240000000000131e-06
1.335970000000000018e-04 -2.597480000000000074e-05
3.254159999999999757e-04 -1.000920000000000032e-04
4.459220000000000176e-04 -2.381680000000000006e-04
4.737270000000000131e-04 -3.940799999999999945e-04
4.192360000000000227e-04 -4.963759999999999787e-04
3.158899999999999859e-04 -4.925170000000000416e-04
2.022109999999999923e-04 -3.776639999999999945e-04
1.040650000000000006e-04 -1.907380000000000024e-04
2.589999999999999936e-05 9.417110000000000712e-06
-4.518550000000000301e-05 1.710140000000000130e-04
-1.255619999999999881e-04 2.684289999999999875e-04
-2.198579999999999946e-04 3.055490000000000116e-04
-3.135960000000000245e-04 3.047190000000000077e-04
-3.781610000000000136e-04 2.894519999999999927e-04
-3.852780000000000202e-04 2.707890000000000123e-04
-3.225640000000000104e-04 2.438449999999999938e-04
-2.012530000000000059e-04 1.947879999999999924e-04
-5.194849999999999907e-05 1.129439999999999947e-04
8.881630000000000546e-05 5.675229999999999660e-07
1.935600000000000103e-04 -1.250249999999999897e-04
2.525439999999999998e-04 -2.375970000000000089e-04
2.725820000000000001e-04 -3.125010000000000223e-04
2.681289999999999802e-04 -3.358839999999999981e-04
2.506909999999999889e-04 -3.083100000000000077e-04
2.226680000000000033e-04 -2.420280000000000077e-04
1.784400000000000059e-04 -1.543670000000000079e-04
1.110979999999999992e-04 -6.110480000000000490e-05
2.021780000000000148e-05 2.721270000000000121e-05
-8.404540000000000003e-05 1.052139999999999993e-04
-1.828490000000000107e-04 1.701940000000000039e-04
-2.553969999999999808e-04 2.193340000000000112e-04
-2.868939999999999945e-04 2.484200000000000102e-04
-2.737199999999999746e-04 2.525900000000000194e-04
-2.235759999999999885e-04 2.284889999999999870e-04
-1.510519999999999897e-04 1.765249999999999946e-04
-7.132680000000000292e-05 1.020729999999999966e-04
4.763069999999999782e-06 1.501879999999999925e-05
7.217690000000000347e-05 -7.218410000000000570e-05
1.296880000000000092e-04 -1.472269999999999916e-04
1.763570000000000057e-04 -2.004770000000000120e-04
2.089290000000000049e-04 -2.265629999999999923e-04
2.217959999999999886e-04 -2.246829999999999899e-04
2.094350000000000031e-04 -1.978070000000000121e-04
1.698079999999999978e-04 -1.512940000000000053e-04
1.066810000000000040e-04 -9.153970000000000043e-05
2.952690000000000016e-05 -2.508859999999999896e-05
-4.897650000000000110e-05 4.171080000000000051e-05
