-3.085210000000000268e-08 8.486740000000000461e-07
-1.941949999999999995e-07 3.182150000000000102e-06
-5.925330000000000027e-07 5.858820000000000260e-06
-1.307099999999999945e-06 1.049960000000000024e-05
-2.725879999999999895e-06 2.385140000000000003e-05
-5.961180000000000073e-06 5.383689999999999949e-05
-1.261960000000000027e-05 1.005550000000000020e-04
-2.354750000000000113e-05 1.474559999999999922e-04
-3.748360000000000141e-05 1.706249999999999867e-04
-5.093040000000000284e-05 1.477910000000000085e-04
-5.906449999999999667e-05 6.455570000000000264e-05
-5.707839999999999886e-05 -6.532609999999999784e-05
-4.179440000000000086e-05 -1.982289999999999888e-04
-1.262379999999999931e-05 -2.889869999999999895e-04
2.904409999999999861e-05 -3.216860000000000097e-04
8.100859999999999550e-05 -3.176030000000000151e-04
1.399519999999999909e-04 -3.177020000000000018e-04
1.995090000000000036e-04 -3.537689999999999802e-04
2.490640000000000128e-04 -4.209390000000000028e-04
2.754349999999999811e-04 -4.669149999999999841e-04
2.675509999999999868e-04 -4.244140000000000195e-04
2.222070000000000089e-04 -2.683100000000000112e-04
1.467580000000000067e-04 -2.954870000000000052e-05
5.477939999999999936e-05 2.348920000000000001e-04
-4.297389999999999863e-05 4.662670000000000269e-04
-1.438380000000000008e-04 6.188499999999999990e-04
-2.494780000000000261e-04 6.824199999999999884e-04
-3.570029999999999970e-04 6.886709999999999663e-04
-4.533240000000000121e-04 6.878690000000000238e-04
-5.176760000000000085e-04 7.148369999999999594e-04
-5.303260000000000179e-04 7.564390000000000263e-04
-4.808799999999999902e-04 7.386650000000000030e-04
-3.716540000000000165e-04 5.780930000000000096e-04
-2.168999999999999867e-04 2.542940000000000153e-04
-3.863859999999999967e-05 -1.868089999999999931e-04
1.413800000000000050e-04 -6.580549999999999464e-04
3.098299999999999796e-04 -1.053459999999999987e-03
4.635229999999999732e-04 -1.290010000000000072e-03
6.027810000000000416e-04 -1.344740000000000085e-03
7.213150000000000421e-04 -1.256299999999999908e-03
8.004250000000000080e-04 -1.097349999999999975e-03
8.126060000000000054e-04 -9.276930000000000506e-04
7.333370000000000296e-04 -7.601689999999999923e-04
5.549139999999999932e-04 -5.670679999999999991e-04
2.945080000000000202e-04 -2.995869999999999761e-04
-8.908819999999999858e-06 7.536679999999999812e-05
-3.072400000000000196e-04 5.323669999999999531e-04
-5.586490000000000379e-04 9.868929999999999716e-04
-7.388520000000000200e-04 1.341720000000000022e-03
-8.445139999999999852e-04 1.542060000000000045e-03
-8.873639999999999696e-04 1.585500000000000104e-03
-8.808629999999999585e-04 1.491010000000000078e-03
-8.268120000000000113e-04 1.273580000000000068e-03
-7.119970000000000205e-04 9.378820000000000169e-04
-5.194719999999999893e-04 5.050010000000000393e-04
-2.476220000000000222e-04 2.312299999999999867e-05
7.904390000000000396e-05 -4.780130000000000056e-04
4.170670000000000236e-04 -9.819390000000000323e-04
7.209920000000000521e-04 -1.435049999999999997e-03
9.559180000000000454e-04 -1.759780000000000068e-03
1.100499999999999916e-03 -1.881199999999999973e-03
1.144040000000000031e-03 -1.760349999999999936e-03
1.084260000000000085e-03 -1.442600000000000045e-03
9.275439999999999813e-04 -1.027729999999999920e-03
6.874799999999999705e-04 -5.974659999999999476e-04
3.801349999999999781e-04 -1.700940000000000015e-04
2.162449999999999938e-05 2.855409999999999958e-04
-3.664380000000000176e-04 7.866330000000000154e-04
-7.478170000000000130e-04 1.301070000000000091e-03
-1.071310000000000014e-03 1.757260000000000072e-03
-1.285459999999999988e-03 2.069749999999999975e-03
-1.359359999999999995e-03 2.163340000000000141e-03
-1.292909999999999979e-03 1.992450000000000210e-03
-1.108910000000000061e-03 1.556080000000000050e-03
-8.345730000000000206e-04 8.968679999999999925e-04
-4.879120000000000137e-04 9.728669999999999809e-05
-7.957419999999999446e-05 -7.174679999999999686e-04
3.731240000000000142e-04 -1.412449999999999990e-03
8.342659999999999573e-04 -1.901729999999999914e-03
1.250100000000000083e-03 -2.160780000000000166e-03
1.560509999999999979e-03 -2.205470000000000173e-03
1.712790000000000059e-03 -2.068990000000000152e-03
1.672960000000000029e-03 -1.787799999999999979e-03
1.432530000000000001e-03 -1.356750000000000100e-03
1.010510000000000054e-03 -7.463990000000000208e-04
4.531930000000000095e-04 3.101069999999999855e-06
-1.697640000000000097e-04 8.079089999999999926e-04
-7.784740000000000279e-04 1.569450000000000012e-03
-1.301560000000000000e-03 2.182209999999999966e-03
-1.689249999999999996e-03 2.567100000000000111e-03
-1.913530000000000092e-03 2.672139999999999932e-03
-1.957809999999999932e-03 2.461189999999999819e-03
-1.807680000000000094e-03 1.925980000000000096e-03
-1.452909999999999965e-03 1.087450000000000005e-03
-9.007229999999999751e-04 2.971690000000000003e-05
-1.927569999999999978e-04 -1.040429999999999957e-03
5.882319999999999476e-04 -1.899290000000000093e-03
1.333329999999999975e-03 -2.418060000000000088e-03
1.936460000000000091e-03 -2.583440000000000215e-03
2.317609999999999896e-03 -2.474440000000000060e-03
2.428309999999999930e-03 -2.160700000000000207e-03
2.245710000000000154e-03 -1.674960000000000077e-03
1.773349999999999926e-03 -1.053059999999999977e-03
1.052200000000000097e-03 -2.973520000000000221e-04
1.665030000000000015e-04 6.030710000000000541e-04
-7.656930000000000160e-04 1.562540000000000066e-03
-1.614299999999999936e-03 2.403999999999999887e-03
-2.262220000000000116e-03 2.902230000000000001e-03
-2.624449999999999960e-03 2.887020000000000124e-03
-2.658180000000000005e-03 2.364279999999999854e-03
-2.362480000000000135e-03 1.454299999999999950e-03
-1.769530000000000061e-03 3.730760000000000174e-04
-9.382900000000000441e-04 -6.159790000000000057e-04
4.522550000000000262e-05 -1.342160000000000011e-03
1.067519999999999971e-03 -1.786260000000000018e-03
1.994979999999999930e-03 -2.055659999999999953e-03
2.690189999999999856e-03 -2.242510000000000076e-03
3.032819999999999874e-03 -2.298979999999999947e-03
2.944239999999999878e-03 -2.089500000000000211e-03
2.415329999999999821e-03 -1.529519999999999925e-03
1.523800000000000068e-03 -6.368769999999999943e-04
4.213919999999999797e-04 4.557569999999999937e-04
-7.088500000000000183e-04 1.505360000000000075e-03
-1.701229999999999973e-03 2.227100000000000087e-03
-2.436209999999999851e-03 2.419999999999999842e-03
-2.843449999999999971e-03 2.099939999999999793e-03
-2.891180000000000139e-03 1.486260000000000098e-03
-2.575689999999999837e-03 8.453189999999999749e-04
-1.919069999999999934e-03 3.418939999999999761e-04
-9.788380000000001038e-04 -6.810299999999999831e-06
1.369800000000000065e-04 -2.971170000000000083e-04
1.265789999999999927e-03 -6.545189999999999992e-04
2.212130000000000086e-03 -1.097000000000000102e-03
2.793840000000000125e-03 -1.488930000000000071e-03
2.897700000000000015e-03 -1.655620000000000008e-03
2.519899999999999831e-03 -1.489780000000000010e-03
1.766779999999999913e-03 -1.005940000000000089e-03
8.133959999999999758e-04 -3.750140000000000114e-04
-1.564199999999999965e-04 1.519170000000000026e-04
-9.983749999999999136e-04 4.067680000000000059e-04
-1.627250000000000007e-03 4.272239999999999740e-04
-2.007150000000000080e-03 4.029169999999999779e-04
-2.124570000000000104e-03 4.849799999999999814e-04
-1.967239999999999874e-03 6.896870000000000257e-04
-1.532069999999999960e-03 9.424900000000000378e-04
-8.595630000000000371e-04 1.141129999999999966e-03
-6.036049999999999917e-05 1.164979999999999922e-03
7.004630000000000188e-04 9.285639999999999953e-04
1.258549999999999990e-03 4.662709999999999815e-04
1.510349999999999930e-03 -8.199770000000000268e-05
1.445090000000000003e-03 -5.627950000000000487e-04
1.138539999999999951e-03 -9.297440000000000348e-04
7.175309999999999848e-04 -1.227180000000000024e-03
3.099269999999999890e-04 -1.472149999999999978e-03
-3.882620000000000127e-07 -1.604119999999999895e-03
-1.923360000000000098e-04 -1.505739999999999986e-03
-2.923660000000000126e-04 -1.094099999999999977e-03
-3.391709999999999820e-04 -3.928779999999999881e-04
-3.566500000000000226e-04 4.817259999999999750e-04
-3.522379999999999977e-04 1.325860000000000103e-03
-3.316449999999999867e-04 1.890699999999999933e-03
-3.118600000000000126e-04 2.049660000000000024e-03
-3.210639999999999740e-04 1.852619999999999918e-03
-3.808740000000000129e-04 1.413729999999999978e-03
-4.788510000000000271e-04 7.950809999999999995e-04
-5.557519999999999604e-04 3.601020000000000295e-05
-5.291760000000000170e-04 -7.481119999999999957e-04
-3.423270000000000176e-04 -1.406109999999999912e-03
-1.548630000000000018e-07 -1.808490000000000054e-03
4.318629999999999951e-04 -1.886499999999999939e-03
8.573019999999999989e-04 -1.622579999999999986e-03
1.178980000000000045e-03 -1.011959999999999900e-03
1.317239999999999904e-03 -1.711700000000000027e-04
1.224819999999999945e-03 6.390070000000000298e-04
8.998110000000000353e-04 1.183070000000000042e-03
3.884089999999999873e-04 1.337089999999999980e-03
-2.224569999999999879e-04 1.072030000000000075e-03
-8.194279999999999750e-04 5.114730000000000274e-04
-1.284999999999999901e-03 -9.047030000000000013e-05
-1.522130000000000011e-03 -5.221969999999999607e-04
-1.474180000000000065e-03 -6.699110000000000308e-04
-1.140090000000000070e-03 -5.278859999999999802e-04
-5.821539999999999831e-04 -2.007190000000000005e-04
7.947289999999999595e-05 2.141590000000000073e-04
6.900079999999999842e-04 6.465519999999999991e-04
1.104799999999999966e-03 9.383090000000000180e-04
1.241429999999999964e-03 9.172969999999999692e-04
1.106100000000000052e-03 5.244019999999999845e-04
7.776060000000000220e-04 -1.578259999999999895e-04
3.670999999999999784e-04 -9.583890000000000291e-04
-1.686000000000000121e-05 -1.694619999999999981e-03
-2.896770000000000117e-04 -2.104280000000000039e-03
-4.066259999999999927e-04 -1.953739999999999817e-03
-3.709019999999999938e-04 -1.219830000000000090e-03
-2.281039999999999966e-04 -9.740469999999999933e-05
-5.083980000000000069e-05 1.088140000000000027e-03
8.104119999999999922e-05 1.991750000000000031e-03
1.036979999999999955e-04 2.335489999999999962e-03
-8.802629999999999778e-06 2.067040000000000023e-03
-2.316340000000000120e-04 1.311399999999999892e-03
-4.881589999999999996e-04 2.529659999999999765e-04
-6.691859999999999996e-04 -8.132439999999999678e-04
-6.764460000000000351e-04 -1.559700000000000019e-03
-4.689079999999999767e-04 -1.782949999999999943e-03
-8.133849999999999381e-05 -1.522710000000000036e-03
3.907989999999999966e-04 -9.360809999999999574e-04
8.205709999999999740e-04 -1.583979999999999969e-04
1.084909999999999911e-03 5.610100000000000243e-04
1.105979999999999897e-03 9.466309999999999699e-04
8.793079999999999776e-04 8.822839999999999979e-04
4.713270000000000090e-04 4.272759999999999796e-04
-8.708410000000000196e-06 -2.126610000000000024e-04
-4.451549999999999756e-04 -7.657379999999999656e-04
-7.467700000000000076e-04 -9.797510000000000593e-04
-8.657800000000000218e-04 -7.315940000000000160e-04
-8.033139999999999595e-04 -1.039029999999999977e-04
-6.031629999999999847e-04 6.690129999999999862e-04
-3.368560000000000152e-04 1.281940000000000076e-03
-8.075409999999999988e-05 1.455700000000000093e-03
1.079019999999999979e-04 1.118980000000000105e-03
2.046159999999999938e-04 4.523180000000000017e-04
2.201899999999999908e-04 -2.855080000000000183e-04
1.955810000000000101e-04 -8.704430000000000413e-04
1.835770000000000078e-04 -1.125179999999999930e-03
2.189140000000000118e-04 -9.989969999999999493e-04
2.962870000000000044e-04 -6.121539999999999534e-04
3.730240000000000118e-04 -1.709810000000000084e-04
3.937769999999999942e-04 1.416930000000000002e-04
3.212250000000000153e-04 2.407560000000000104e-04
1.560599999999999932e-04 1.616850000000000080e-04
-6.228549999999999853e-05 2.123189999999999911e-05
-2.721830000000000061e-04 -5.576839999999999955e-05
-4.147870000000000116e-04 -4.654050000000000041e-07
-4.567080000000000055e-04 1.712279999999999944e-04
-4.012829999999999999e-04 3.745789999999999927e-04
-2.837839999999999785e-04 5.015850000000000300e-04
-1.528099999999999955e-04 4.767370000000000266e-04
-4.717180000000000125e-05 2.971380000000000137e-04
1.982889999999999916e-05 3.186029999999999716e-05
6.105799999999999715e-05 -2.166869999999999940e-04
1.019989999999999970e-04 -3.641499999999999880e-04
1.614370000000000063e-04 -3.820529999999999825e-04
2.375169999999999961e-04 -3.045559999999999891e-04
3.067510000000000180e-04 -2.018760000000000031e-04
3.359719999999999742e-04 -1.359699999999999874e-04
3.002169999999999752e-04 -1.251869999999999925e-04
1.968759999999999900e-04 -1.395059999999999887e-04
4.905430000000000229e-05 -1.273989999999999910e-04
-1.031619999999999993e-04 -5.525710000000000327e-05
-2.192100000000000103e-04 6.989960000000000411e-05
-2.746550000000000055e-04 2.082800000000000048e-04
-2.699749999999999893e-04 3.108900000000000270e-04
-2.268860000000000093e-04 3.428370000000000245e-04
-1.740760000000000050e-04 2.977810000000000006e-04
-1.306869999999999907e-04 1.975520000000000086e-04
-9.745490000000000099e-05 7.892039999999999743e-05
-6.043139999999999878e-05 -2.450289999999999879e-05
-4.075919999999999932e-06 -9.558210000000000089e-05
7.522569999999999366e-05 -1.361120000000000006e-04
1.637599999999999906e-04 -1.589519999999999920e-04
2.360650000000000107e-04 -1.760730000000000064e-04
2.675560000000000113e-04 -1.900849999999999936e-04
2.466430000000000033e-04 -1.935720000000000095e-04
1.798710000000000131e-04 -1.752599999999999991e-04
8.807549999999999386e-05 -1.282830000000000049e-04
-3.592469999999999928e-06 -5.552709999999999900e-05
-7.617059999999999879e-05 3.044980000000000110e-05
-1.227500000000000021e-04 1.120960000000000055e-04
-1.474729999999999889e-04 1.732399999999999880e-04
-1.592309999999999939e-04 2.040900000000000060e-04
-1.642380000000000088e-04 2.030620000000000016e-04
-1.618319999999999915e-04 1.753950000000000105e-04
-1.456410000000000105e-04 1.298460000000000033e-04
-1.089329999999999953e-04 7.526790000000000487e-05
-5.063439999999999754e-05 1.849960000000000157e-05
2.170080000000000067e-05 -3.593419999999999893e-05
9.368499999999999495e-05 -8.479799999999999686e-05
1.495500000000000030e-04 -1.248579999999999894e-04
1.782219999999999887e-04 -1.522940000000000025e-04
1.769150000000000095e-04 -1.631969999999999894e-04
1.507819999999999939e-04 -1.548359999999999927e-04
1.093669999999999983e-04 -1.269879999999999978e-04
6.211200000000000434e-05 -8.267110000000000203e-05
1.527940000000000147e-05 -2.792010000000000057e-05
-2.850379999999999974e-05 2.930660000000000161e-05
-6.847490000000000401e-05 8.073130000000000410e-05
-1.032870000000000023e-04 1.193870000000000006e-04
-1.295740000000000032e-04 1.408269999999999986e-04
-1.424309999999999921e-04 1.436350000000000029e-04
-1.374760000000000099e-04 1.291809999999999953e-04
