-2.968740000000000152e-08 8.504349999999999519e-07
-1.882900000000000006e-07 3.192370000000000150e-06
-5.805750000000000487e-07 5.886520000000000012e-06
-1.294739999999999906e-06 1.055339999999999962e-05
-2.714030000000000170e-06 2.395799999999999999e-05
-5.929669999999999760e-06 5.407630000000000265e-05
-1.255199999999999942e-05 1.010639999999999932e-04
-2.351869999999999897e-05 1.483529999999999940e-04
-3.773509999999999723e-05 1.719079999999999946e-04
-5.181080000000000207e-05 1.493020000000000013e-04
-6.082369999999999839e-05 6.603649999999999700e-05
-5.962690000000000335e-05 -6.414589999999999854e-05
-4.456760000000000338e-05 -1.975629999999999921e-04
-1.467860000000000037e-05 -2.889859999999999738e-04
2.865880000000000079e-05 -3.225300000000000172e-04
8.277840000000000014e-05 -3.196200000000000061e-04
1.436499999999999951e-04 -3.213439999999999916e-04
2.043919999999999906e-04 -3.593429999999999780e-04
2.543779999999999826e-04 -4.282740000000000266e-04
2.808700000000000129e-04 -4.752040000000000127e-04
2.732890000000000189e-04 -4.323929999999999918e-04
2.284820000000000123e-04 -2.747359999999999798e-04
1.532310000000000106e-04 -3.367849999999999951e-05
6.028460000000000215e-05 2.332059999999999895e-04
-4.004590000000000227e-05 4.669650000000000124e-04
-1.448149999999999882e-04 6.221210000000000021e-04
-2.548830000000000193e-04 6.887189999999999632e-04
-3.664480000000000124e-04 6.983199999999999954e-04
-4.656759999999999914e-04 7.006440000000000497e-04
-5.313310000000000125e-04 7.298790000000000095e-04
-5.436180000000000526e-04 7.724290000000000409e-04
-4.926029999999999862e-04 7.539779999999999833e-04
-3.814380000000000027e-04 5.908820000000000391e-04
-2.249560000000000058e-04 2.627670000000000136e-04
-4.491020000000000244e-05 -1.838549999999999939e-04
1.379460000000000105e-04 -6.608809999999999902e-04
3.111529999999999938e-04 -1.061600000000000000e-03
4.714429999999999923e-04 -1.302839999999999988e-03
6.179490000000000156e-04 -1.361830000000000072e-03
7.426139999999999478e-04 -1.277279999999999995e-03
8.251849999999999810e-04 -1.121379999999999946e-03
8.374050000000000504e-04 -9.530520000000000224e-04
7.549829999999999779e-04 -7.842759999999999836e-04
5.712059999999999924e-04 -5.869199999999999981e-04
3.044960000000000201e-04 -3.124450000000000079e-04
-5.198819999999999803e-06 7.135479999999999655e-05
-3.094360000000000101e-04 5.377939999999999674e-04
-5.666449999999999525e-04 1.001029999999999975e-03
-7.529670000000000026e-04 1.362769999999999910e-03
-8.649550000000000424e-04 1.567779999999999955e-03
-9.133309999999999736e-04 1.613850000000000007e-03
-9.100519999999999530e-04 1.520349999999999957e-03
-8.558310000000000396e-04 1.302310000000000099e-03
-7.374000000000000346e-04 9.638259999999999840e-04
-5.386230000000000098e-04 5.253579999999999665e-04
-2.588620000000000027e-04 3.514949999999999948e-05
7.662199999999999925e-05 -4.761370000000000120e-04
4.236670000000000214e-04 -9.908350000000000230e-04
7.360449999999999502e-04 -1.454369999999999968e-03
9.783000000000000897e-04 -1.788290000000000105e-03
1.128960000000000033e-03 -1.916539999999999997e-03
1.177279999999999950e-03 -1.799009999999999975e-03
1.120279999999999974e-03 -1.480460000000000066e-03
9.628549999999999826e-04 -1.061139999999999913e-03
7.171999999999999773e-04 -6.238370000000000243e-04
3.994889999999999964e-04 -1.875050000000000013e-04
2.785449999999999902e-05 2.790339999999999986e-04
-3.732760000000000223e-04 7.929490000000000410e-04
-7.657449999999999674e-04 1.321020000000000007e-03
-1.098000000000000018e-03 1.789419999999999900e-03
-1.319010000000000018e-03 2.110519999999999844e-03
-1.397870000000000059e-03 2.208200000000000007e-03
-1.333739999999999926e-03 2.037179999999999980e-03
-1.148579999999999957e-03 1.597050000000000032e-03
-8.692780000000000212e-04 9.305939999999999742e-04
-5.140529999999999926e-04 1.201069999999999937e-04
-9.386860000000000451e-05 -7.088069999999999917e-04
3.736170000000000246e-04 -1.419740000000000064e-03
8.515130000000000312e-04 -1.924719999999999990e-03
1.283859999999999949e-03 -2.197530000000000056e-03
1.607429999999999970e-03 -2.252999999999999794e-03
1.766930000000000106e-03 -2.123470000000000132e-03
1.727449999999999949e-03 -1.844240000000000029e-03
1.481370000000000083e-03 -1.408909999999999980e-03
1.049369999999999990e-03 -7.874969999999999583e-04
4.790390000000000056e-04 -2.117149999999999881e-05
-1.594979999999999965e-04 8.037030000000000129e-04
-7.860299999999999536e-04 1.585519999999999985e-03
-1.327929999999999952e-03 2.216450000000000017e-03
-1.733050000000000085e-03 2.616139999999999872e-03
-1.970630000000000125e-03 2.731799999999999940e-03
-2.022069999999999944e-03 2.526210000000000087e-03
-1.872160000000000100e-03 1.989719999999999944e-03
-1.510719999999999901e-03 1.142439999999999992e-03
-9.453569999999999682e-04 6.885070000000000133e-05
-2.182789999999999882e-04 -1.022420000000000013e-03
5.865959999999999924e-04 -1.904819999999999994e-03
1.357869999999999954e-03 -2.446750000000000140e-03
1.985509999999999792e-03 -2.632799999999999811e-03
2.385169999999999825e-03 -2.540290000000000169e-03
2.505359999999999879e-03 -2.236779999999999845e-03
2.322550000000000048e-03 -1.752539999999999914e-03
1.841369999999999943e-03 -1.121690000000000057e-03
1.104210000000000001e-03 -3.471859999999999790e-04
1.966450000000000121e-04 5.789229999999999593e-04
-7.615659999999999791e-04 1.566899999999999977e-03
-1.637830000000000058e-03 2.435899999999999958e-03
-2.311979999999999938e-03 2.957589999999999959e-03
-2.695850000000000069e-03 2.959240000000000134e-03
-2.743670000000000136e-03 2.444889999999999911e-03
-2.451780000000000192e-03 1.533929999999999972e-03
-1.850539999999999911e-03 4.424489999999999782e-04
-9.987990000000000843e-04 -5.651449999999999703e-04
1.504279999999999936e-05 -1.316370000000000083e-03
1.072629999999999981e-03 -1.789610000000000072e-03
2.034039999999999980e-03 -2.089210000000000199e-03
2.756069999999999787e-03 -2.303599999999999832e-03
3.115080000000000106e-03 -2.380590000000000137e-03
3.032229999999999908e-03 -2.180300000000000033e-03
2.499840000000000135e-03 -1.615770000000000097e-03
1.596640000000000082e-03 -7.058610000000000101e-04
4.744430000000000110e-04 4.127049999999999729e-04
-6.833320000000000366e-04 1.491899999999999997e-03
-1.708810000000000060e-03 2.242829999999999911e-03
-2.478080000000000126e-03 2.461710000000000200e-03
-2.915089999999999956e-03 2.162299999999999812e-03
-2.982260000000000032e-03 1.562079999999999979e-03
-2.671540000000000026e-03 9.258919999999999911e-04
-2.003860000000000103e-03 4.174900000000000160e-04
-1.039439999999999982e-03 5.385839999999999920e-05
1.077930000000000029e-04 -2.602090000000000154e-04
1.268519999999999977e-03 -6.471769999999999736e-04
2.242099999999999909e-03 -1.120169999999999976e-03
2.844059999999999817e-03 -1.537900000000000031e-03
2.961140000000000126e-03 -1.721010000000000031e-03
2.589900000000000015e-03 -1.560200000000000085e-03
1.836240000000000051e-03 -1.071099999999999960e-03
8.741400000000000298e-04 -4.276109999999999959e-04
-1.129889999999999985e-04 1.158900000000000034e-04
-9.792769999999999687e-04 3.888140000000000216e-04
-1.635359999999999982e-03 4.273869999999999926e-04
-2.039490000000000140e-03 4.203820000000000148e-04
-2.172799999999999905e-03 5.177689999999999550e-04
-2.020609999999999941e-03 7.337179999999999570e-04
-1.581109999999999937e-03 9.912779999999999508e-04
-8.983339999999999815e-04 1.187209999999999958e-03
-8.669240000000000366e-05 1.202280000000000015e-03
6.858879999999999491e-04 9.539869999999999991e-04
1.253360000000000021e-03 4.794150000000000169e-04
1.511830000000000031e-03 -7.989889999999999493e-05
1.451510000000000040e-03 -5.697229999999999525e-04
1.149630000000000010e-03 -9.434540000000000374e-04
7.335749999999999823e-04 -1.245919999999999970e-03
3.303739999999999780e-04 -1.495199999999999915e-03
2.276779999999999909e-05 -1.631389999999999924e-03
-1.682970000000000050e-04 -1.536489999999999948e-03
-2.683219999999999833e-04 -1.126059999999999908e-03
-3.152289999999999866e-04 -4.225009999999999855e-04
-3.334529999999999938e-04 4.580310000000000197e-04
-3.321099999999999899e-04 1.310930000000000081e-03
-3.186360000000000169e-04 1.886560000000000016e-03
-3.106130000000000024e-04 2.057760000000000058e-03
-3.350110000000000219e-04 1.873909999999999899e-03
-4.107110000000000188e-04 1.448059999999999929e-03
-5.221530000000000268e-04 8.400210000000000402e-04
-6.075850000000000044e-04 8.596960000000000441e-05
-5.826829999999999640e-04 -7.011600000000000428e-04
-3.890149999999999880e-04 -1.370179999999999922e-03
-3.091110000000000293e-05 -1.789250000000000042e-03
4.243599999999999824e-04 -1.886579999999999898e-03
8.758820000000000277e-04 -1.642259999999999987e-03
1.221000000000000080e-03 -1.049470000000000047e-03
1.375810000000000097e-03 -2.219749999999999881e-04
1.290670000000000055e-03 5.823329999999999826e-04
9.625330000000000084e-04 1.129470000000000040e-03
4.375849999999999922e-04 1.294860000000000108e-03
-1.954389999999999968e-04 1.047130000000000066e-03
-8.190839999999999796e-04 5.068419999999999696e-04
-1.310079999999999925e-03 -7.488649999999999528e-05
-1.565830000000000043e-03 -4.893379999999999692e-04
-1.526470000000000040e-03 -6.255979999999999961e-04
-1.190950000000000081e-03 -4.802200000000000067e-04
-6.238850000000000211e-04 -1.582889999999999883e-04
5.150540000000000326e-05 2.448169999999999838e-04
6.777200000000000368e-04 6.629469999999999938e-04
1.107590000000000094e-03 9.419499999999999922e-04
1.255859999999999919e-03 9.115180000000000504e-04
1.126300000000000001e-03 5.120320000000000470e-04
7.974450000000000332e-04 -1.750339999999999915e-04
3.829559999999999974e-04 -9.789189999999999697e-04
-4.891099999999999639e-06 -1.716779999999999999e-03
-2.788709999999999800e-04 -2.126809999999999812e-03
-3.936030000000000193e-04 -1.976190000000000065e-03
-3.532620000000000204e-04 -1.241960000000000069e-03
-2.055950000000000128e-04 -1.182200000000000031e-04
-2.610399999999999944e-05 1.070760000000000028e-03
1.025640000000000026e-04 1.980809999999999949e-03
1.150969999999999993e-04 2.334090000000000036e-03
-1.352339999999999998e-05 2.077600000000000193e-03
-2.550100000000000131e-04 1.334890000000000035e-03
-5.279700000000000018e-04 2.879930000000000055e-04
-7.189330000000000503e-04 -7.711379999999999884e-04
-7.268479999999999906e-04 -1.517550000000000105e-03
-5.098499999999999517e-04 -1.748519999999999935e-03
-1.043289999999999967e-04 -1.502480000000000048e-03
3.901530000000000167e-04 -9.340540000000000257e-04
8.415399999999999964e-04 -1.752289999999999989e-04
1.122490000000000076e-03 5.286149999999999660e-04
1.152470000000000057e-03 9.051880000000000212e-04
9.258670000000000311e-04 8.394879999999999964e-04
5.097990000000000160e-04 3.899379999999999925e-04
1.613200000000000072e-05 -2.397540000000000088e-04
-4.356040000000000259e-04 -7.801009999999999498e-04
-7.504470000000000064e-04 -9.811340000000000425e-04
-8.784360000000000172e-04 -7.217270000000000239e-04
-8.205820000000000388e-04 -8.595769999999999865e-05
-6.221230000000000336e-04 6.913400000000000318e-04
-3.564430000000000159e-04 1.305500000000000020e-03
-1.011810000000000059e-04 1.478509999999999937e-03
8.628449999999999694e-05 1.140090000000000070e-03
1.825890000000000098e-04 4.713520000000000231e-04
2.003329999999999944e-04 -2.689920000000000158e-04
1.815999999999999960e-04 -8.576919999999999596e-04
1.787589999999999871e-04 -1.118580000000000095e-03
2.248680000000000026e-04 -1.001259999999999910e-03
3.124949999999999820e-04 -6.247989999999999924e-04
3.969619999999999985e-04 -1.932279999999999870e-04
4.214450000000000010e-04 1.129259999999999959e-04
3.481380000000000065e-04 2.100430000000000081e-04
1.785070000000000038e-04 1.340179999999999898e-04
-4.632780000000000052e-05 9.867589999999999489e-07
-2.630840000000000175e-04 -6.577089999999999738e-05
-4.121740000000000148e-04 3.800409999999999816e-07
-4.604569999999999995e-04 1.813060000000000019e-04
-4.117470000000000136e-04 3.908909999999999815e-04
-3.011040000000000092e-04 5.210399999999999580e-04
-1.759180000000000054e-04 4.971280000000000013e-04
-7.330810000000000375e-05 3.172609999999999970e-04
-5.285580000000000138e-06 5.088910000000000037e-05
4.123310000000000338e-05 -1.999550000000000058e-04
9.072889999999999796e-05 -3.515929999999999793e-04
1.601119999999999876e-04 -3.758759999999999771e-04
2.454169999999999984e-04 -3.065340000000000165e-04
3.214849999999999891e-04 -2.125829999999999940e-04
3.544290000000000179e-04 -1.543260000000000129e-04
3.196100000000000113e-04 -1.484819999999999922e-04
2.154170000000000011e-04 -1.639330000000000041e-04
6.591670000000000537e-05 -1.489849999999999974e-04
-8.851979999999999907e-05 -7.089929999999999388e-05
-2.078260000000000122e-04 6.170880000000000115e-05
-2.683049999999999866e-04 2.073959999999999909e-04
-2.705990000000000023e-04 3.161199999999999752e-04
-2.355310000000000053e-04 3.527749999999999961e-04
-1.900559999999999977e-04 3.113209999999999827e-04
-1.515020000000000006e-04 2.138209999999999980e-04
-1.194870000000000030e-04 9.684370000000000250e-05
-8.001959999999999531e-05 -6.553569999999999834e-06
-1.846220000000000088e-05 -7.976779999999999884e-05
6.739330000000000407e-05 -1.247289999999999911e-04
1.624540000000000001e-04 -1.538730000000000089e-04
2.403250000000000004e-04 -1.782459999999999871e-04
2.761150000000000084e-04 -1.992410000000000123e-04
2.584229999999999752e-04 -2.082259999999999949e-04
1.940900000000000069e-04 -1.930219999999999961e-04
1.039500000000000059e-04 -1.464369999999999940e-04
1.269630000000000074e-05 -7.165679999999999467e-05
-6.138229999999999674e-05 1.803120000000000111e-05
-1.117819999999999946e-04 1.042690000000000007e-04
-1.423700000000000074e-04 1.702910000000000133e-04
-1.610270000000000017e-04 2.059850000000000006e-04
-1.725619999999999921e-04 2.095739999999999962e-04
-1.750459999999999907e-04 1.860259999999999973e-04
-1.613909999999999867e-04 1.436580000000000127e-04
-1.248250000000000119e-04 9.079540000000000147e-05
-6.474440000000000305e-05 3.384809999999999870e-05
1.063420000000000061e-05 -2.280209999999999976e-05
8.634689999999999824e-05 -7.568540000000000554e-05
1.462749999999999912e-04 -1.209780000000000062e-04
1.791800000000000022e-04 -1.540380000000000048e-04
1.821319999999999970e-04 -1.700860000000000111e-04
1.599919999999999955e-04 -1.656700000000000045e-04
1.217940000000000065e-04 -1.401460000000000097e-04
7.636050000000000183e-05 -9.643699999999999842e-05
2.945109999999999997e-05 -4.074460000000000289e-05
-1.645139999999999973e-05 1.868300000000000052e-05
-6.026129999999999849e-05 7.326579999999999909e-05
-9.992150000000000207e-05 1.157559999999999942e-04
-1.312030000000000108e-04 1.414110000000000052e-04
-1.484369999999999884e-04 1.484389999999999928e-04
-1.467530000000000093e-04 1.377390000000000038e-04
