-3.428109999999999983e-08 8.352290000000000207e-07
-2.103899999999999933e-07 3.100540000000000049e-06
-6.205380000000000208e-07 5.623280000000000310e-06
-1.324350000000000076e-06 1.001520000000000027e-05
-2.729039999999999878e-06 2.289220000000000081e-05
-6.003220000000000097e-06 5.177259999999999962e-05
-1.270209999999999990e-05 9.624519999999999798e-05
-2.335499999999999916e-05 1.397360000000000052e-04
-3.624420000000000105e-05 1.593079999999999865e-04
-4.770930000000000076e-05 1.345100000000000115e-04
-5.334310000000000093e-05 5.288640000000000241e-05
-4.919000000000000168e-05 -7.073289999999999493e-05
-3.298380000000000089e-05 -1.935899999999999947e-04
-4.706000000000000344e-06 -2.736139999999999861e-04
3.428840000000000192e-05 -2.988409999999999938e-04
8.228480000000000202e-05 -2.928690000000000178e-04
1.363059999999999923e-04 -2.955780000000000083e-04
1.897439999999999912e-04 -3.346070000000000034e-04
2.315320000000000052e-04 -4.003699999999999902e-04
2.488519999999999816e-04 -4.386230000000000185e-04
2.325000000000000135e-04 -3.851120000000000086e-04
1.822510000000000005e-04 -2.217110000000000055e-04
1.080110000000000065e-04 1.371740000000000016e-05
2.360910000000000067e-05 2.615830000000000195e-04
-6.270650000000000009e-05 4.664620000000000073e-04
-1.515769999999999889e-04 5.904900000000000470e-04
-2.458779999999999928e-04 6.321809999999999973e-04
-3.409530000000000134e-04 6.281280000000000413e-04
-4.211279999999999971e-04 6.264410000000000421e-04
-4.654139999999999861e-04 6.538380000000000103e-04
-4.575380000000000094e-04 6.888600000000000148e-04
-3.927339999999999976e-04 6.560580000000000534e-04
-2.783689999999999906e-04 4.805109999999999807e-04
-1.313680000000000067e-04 1.557630000000000061e-04
2.654020000000000044e-05 -2.618750000000000092e-04
1.770080000000000102e-04 -6.851420000000000210e-04
3.123809999999999760e-04 -1.018620000000000029e-03
4.348309999999999979e-04 -1.195639999999999984e-03
5.467529999999999743e-04 -1.208110000000000087e-03
6.400429999999999705e-04 -1.101790000000000061e-03
6.931829999999999936e-04 -9.459790000000000039e-04
6.791520000000000326e-04 -7.893849999999999782e-04
5.793289999999999551e-04 -6.333460000000000175e-04
3.953529999999999805e-04 -4.458759999999999980e-04
1.522469999999999943e-04 -1.842729999999999889e-04
-1.094229999999999991e-04 1.716529999999999911e-04
-3.478609999999999819e-04 5.852119999999999935e-04
-5.330099999999999942e-04 9.706540000000000480e-04
-6.530480000000000399e-04 1.242349999999999921e-03
-7.132490000000000011e-04 1.364949999999999974e-03
-7.276809999999999876e-04 1.353999999999999952e-03
-7.063450000000000414e-04 1.237550000000000022e-03
-6.452540000000000532e-04 1.029479999999999935e-03
-5.283150000000000129e-04 7.268339999999999870e-04
-3.424069999999999761e-04 3.418049999999999843e-04
-9.522060000000000105e-05 -8.401179999999999412e-05
1.807710000000000079e-04 -5.234810000000000114e-04
4.432409999999999801e-04 -9.589969999999999528e-04
6.588139999999999708e-04 -1.335830000000000090e-03
8.099039999999999625e-04 -1.580989999999999999e-03
8.896470000000000289e-04 -1.632060000000000064e-03
8.945889999999999962e-04 -1.466089999999999971e-03
8.231620000000000039e-04 -1.139500000000000105e-03
6.789230000000000048e-04 -7.522110000000000254e-04
4.711420000000000234e-04 -3.764390000000000054e-04
2.111890000000000002e-04 -1.852969999999999981e-05
-8.817879999999999675e-05 3.602880000000000037e-04
-4.057810000000000236e-04 7.794129999999999591e-04
-7.043789999999999860e-04 1.207310000000000067e-03
-9.356660000000000367e-04 1.575339999999999943e-03
-1.059709999999999949e-03 1.804950000000000044e-03
-1.063850000000000082e-03 1.831640000000000048e-03
-9.642109999999999743e-04 1.623129999999999972e-03
-7.889470000000000207e-04 1.191290000000000014e-03
-5.582150000000000349e-04 5.855489999999999870e-04
-2.772489999999999742e-04 -1.161649999999999966e-04
5.309209999999999944e-05 -8.050169999999999939e-04
4.186659999999999926e-04 -1.368679999999999940e-03
7.835290000000000397e-04 -1.741090000000000042e-03
1.096839999999999968e-03 -1.908219999999999968e-03
1.307400000000000012e-03 -1.887269999999999920e-03
1.375780000000000058e-03 -1.709290000000000028e-03
1.281969999999999898e-03 -1.410409999999999962e-03
1.028880000000000029e-03 -9.884950000000000420e-04
6.416850000000000201e-04 -4.191630000000000117e-04
1.656530000000000079e-04 2.535029999999999749e-04
-3.385810000000000165e-04 9.467370000000000126e-04
-8.072990000000000374e-04 1.569869999999999903e-03
-1.188690000000000059e-03 2.031810000000000213e-03
-1.450040000000000096e-03 2.272709999999999834e-03
-1.573339999999999895e-03 2.261360000000000019e-03
-1.545359999999999963e-03 1.979589999999999822e-03
-1.353299999999999989e-03 1.429839999999999930e-03
-9.918749999999999182e-04 6.347069999999999795e-04
-4.771379999999999979e-04 -3.278819999999999890e-04
1.413270000000000108e-04 -1.263210000000000071e-03
7.808550000000000040e-04 -1.964370000000000005e-03
1.345880000000000036e-03 -2.321510000000000153e-03
1.755770000000000030e-03 -2.338400000000000027e-03
1.960120000000000091e-03 -2.106380000000000145e-03
1.934490000000000081e-03 -1.702739999999999896e-03
1.669990000000000103e-03 -1.165479999999999988e-03
1.176519999999999910e-03 -5.346069999999999859e-04
4.982710000000000004e-04 1.838110000000000058e-04
-2.805770000000000074e-04 9.960249999999999920e-04
-1.049060000000000097e-03 1.812189999999999981e-03
-1.693239999999999936e-03 2.459119999999999969e-03
-2.119199999999999903e-03 2.732159999999999971e-03
-2.267949999999999914e-03 2.499149999999999896e-03
-2.122269999999999886e-03 1.809590000000000027e-03
-1.703719999999999931e-03 8.152349999999999831e-04
-1.060909999999999978e-03 -2.597410000000000192e-04
-2.608250000000000108e-04 -1.166579999999999961e-03
6.110549999999999966e-04 -1.761580000000000003e-03
1.449870000000000022e-03 -2.049829999999999881e-03
2.138489999999999835e-03 -2.149449999999999798e-03
2.563590000000000139e-03 -2.150420000000000109e-03
2.635670000000000113e-03 -2.003149999999999983e-03
2.311709999999999807e-03 -1.586249999999999986e-03
1.619559999999999923e-03 -8.497840000000000211e-04
6.679939999999999880e-04 1.439219999999999952e-04
-3.768280000000000045e-04 1.225820000000000078e-03
-1.341430000000000010e-03 2.140720000000000036e-03
-2.090369999999999815e-03 2.624239999999999906e-03
-2.542309999999999882e-03 2.524359999999999798e-03
-2.660739999999999980e-03 1.916469999999999979e-03
-2.439769999999999960e-03 1.065390000000000044e-03
-1.897430000000000080e-03 2.539789999999999886e-04
-1.078610000000000029e-03 -3.601669999999999958e-04
-6.551629999999999477e-05 -7.703799999999999797e-04
1.011420000000000071e-03 -1.068600000000000062e-03
1.978450000000000087e-03 -1.358129999999999928e-03
2.650169999999999870e-03 -1.631539999999999900e-03
2.880960000000000118e-03 -1.747510000000000079e-03
2.616149999999999812e-03 -1.561389999999999957e-03
1.917429999999999916e-03 -1.028849999999999990e-03
9.433430000000000244e-04 -2.404259999999999915e-04
-1.072980000000000017e-04 5.711750000000000464e-04
-1.056290000000000093e-03 1.128909999999999896e-03
-1.781910000000000048e-03 1.279320000000000023e-03
-2.222619999999999804e-03 1.099809999999999894e-03
-2.358659999999999837e-03 8.199190000000000081e-04
-2.187460000000000012e-03 6.149970000000000480e-04
-1.713260000000000087e-03 5.133849999999999915e-04
-9.661920000000000491e-04 4.558760000000000243e-04
-3.863360000000000226e-05 3.711869999999999818e-04
9.025049999999999522e-04 1.860769999999999872e-04
1.656130000000000015e-03 -1.324879999999999960e-04
2.060240000000000075e-03 -5.133959999999999479e-04
2.050510000000000180e-03 -8.168990000000000539e-04
1.673449999999999938e-03 -9.341549999999999897e-04
1.057929999999999895e-03 -8.930410000000000171e-04
3.663989999999999999e-04 -8.124070000000000163e-04
-2.569149999999999754e-04 -7.605799999999999584e-04
-7.237390000000000446e-04 -7.009569999999999907e-04
-1.009139999999999950e-03 -5.235959999999999790e-04
-1.127390000000000033e-03 -1.478150000000000069e-04
-1.098049999999999938e-03 4.037189999999999746e-04
-9.325209999999999576e-04 1.024710000000000074e-03
-6.494269999999999470e-04 1.537079999999999913e-03
-2.957139999999999812e-04 1.736939999999999968e-03
5.117829999999999754e-05 1.556719999999999935e-03
3.047109999999999901e-04 1.103859999999999911e-03
4.064359999999999826e-04 5.302500000000000139e-04
3.609330000000000220e-04 -9.291709999999999846e-05
2.408499999999999996e-04 -7.417300000000000152e-04
1.468610000000000022e-04 -1.330709999999999922e-03
1.474210000000000104e-04 -1.743200000000000088e-03
2.453590000000000068e-04 -1.881070000000000094e-03
3.911170000000000163e-04 -1.700179999999999921e-03
5.200530000000000300e-04 -1.203869999999999897e-03
5.780849999999999921e-04 -4.110200000000000051e-04
5.280029999999999793e-04 5.351810000000000248e-04
3.542670000000000151e-04 1.356020000000000099e-03
6.987239999999999868e-05 1.819939999999999926e-03
-2.850109999999999992e-04 1.828289999999999993e-03
-6.503979999999999484e-04 1.384969999999999908e-03
-9.540310000000000413e-04 6.392120000000000050e-04
-1.122619999999999955e-03 -1.441319999999999949e-04
-1.096669999999999893e-03 -7.536280000000000019e-04
-8.464259999999999493e-04 -1.074679999999999950e-03
-3.894799999999999911e-04 -1.089679999999999989e-03
1.982329999999999975e-04 -8.782430000000000141e-04
7.894069999999999993e-04 -5.068919999999999980e-04
1.234759999999999894e-03 -2.202400000000000123e-05
1.413600000000000100e-03 4.245000000000000184e-04
1.284140000000000021e-03 6.465750000000000360e-04
8.971930000000000139e-04 5.525400000000000190e-04
3.647379999999999763e-04 1.782610000000000065e-04
-1.867039999999999932e-04 -3.564519999999999950e-04
-6.452250000000000303e-04 -9.110849999999999548e-04
-9.264619999999999670e-04 -1.248479999999999946e-03
-9.873709999999999085e-04 -1.145390000000000037e-03
-8.365539999999999869e-04 -5.776349999999999540e-04
-5.299560000000000468e-04 2.767399999999999830e-04
-1.550930000000000006e-04 1.131419999999999952e-03
1.888009999999999970e-04 1.700640000000000008e-03
4.144169999999999863e-04 1.772020000000000019e-03
4.706749999999999888e-04 1.344680000000000007e-03
3.602799999999999861e-04 5.641150000000000157e-04
1.460560000000000124e-04 -3.987989999999999743e-04
-6.681569999999999794e-05 -1.286969999999999911e-03
-1.775380000000000068e-04 -1.821740000000000078e-03
-1.382029999999999912e-04 -1.845199999999999965e-03
3.093590000000000310e-05 -1.425150000000000028e-03
2.606479999999999886e-04 -7.226119999999999722e-04
4.593980000000000220e-04 1.386939999999999972e-04
5.409189999999999485e-04 9.214149999999999728e-04
4.582030000000000174e-04 1.354930000000000067e-03
2.249920000000000034e-04 1.320860000000000090e-03
-9.281550000000000607e-05 8.702640000000000419e-04
-4.066249999999999769e-04 1.961699999999999870e-04
-6.351020000000000190e-04 -4.422760000000000189e-04
-7.234999999999999678e-04 -7.986729999999999611e-04
-6.529580000000000323e-04 -7.430180000000000205e-04
-4.423009999999999789e-04 -3.355389999999999870e-04
-1.438479999999999956e-04 2.257980000000000089e-04
1.675380000000000077e-04 6.794410000000000293e-04
4.152310000000000094e-04 7.868849999999999716e-04
5.447559999999999729e-04 5.014970000000000538e-04
5.376229999999999854e-04 -2.952629999999999884e-07
4.144800000000000025e-04 -4.962840000000000480e-04
2.307549999999999955e-04 -8.195389999999999880e-04
5.681529999999999794e-05 -8.500610000000000457e-04
-5.570669999999999978e-05 -5.768939999999999962e-04
-9.783760000000000666e-05 -1.326250000000000118e-04
-9.924919999999999836e-05 2.913470000000000144e-04
-1.025700000000000022e-04 5.431830000000000339e-04
-1.355080000000000043e-04 5.670879999999999888e-04
-1.964660000000000126e-04 4.117130000000000204e-04
-2.579379999999999824e-04 1.881589999999999988e-04
-2.823939999999999935e-04 6.850509999999999739e-06
-2.419629999999999871e-04 -7.106109999999999630e-05
-1.336110000000000054e-04 -5.167869999999999701e-05
1.676919999999999862e-05 7.748840000000000504e-06
1.641989999999999910e-04 3.474500000000000022e-05
2.645340000000000256e-04 -1.658109999999999952e-05
2.940999999999999929e-04 -1.374079999999999963e-04
2.581829999999999911e-04 -2.701469999999999870e-04
1.844279999999999899e-04 -3.434719999999999939e-04
1.062089999999999990e-04 -3.125210000000000119e-04
4.596080000000000217e-05 -1.828060000000000112e-04
7.148850000000000172e-06 -6.794930000000000349e-06
-2.222340000000000139e-05 1.445890000000000077e-04
-5.814580000000000155e-05 2.199869999999999929e-04
-1.083550000000000019e-04 2.129180000000000102e-04
-1.658960000000000122e-04 1.588849999999999941e-04
-2.113709999999999927e-04 1.073509999999999959e-04
-2.223220000000000036e-04 8.755909999999999995e-05
-1.850610000000000091e-04 9.359000000000000348e-05
-1.032669999999999991e-04 9.739430000000000363e-05
1.317709999999999959e-06 7.168370000000000622e-05
9.763809999999999612e-05 7.008669999999999932e-06
1.596260000000000062e-04 -8.249040000000000560e-05
1.779130000000000023e-04 -1.666740000000000105e-04
1.618260000000000054e-04 -2.152190000000000006e-04
1.308489999999999935e-04 -2.125960000000000089e-04
1.016320000000000054e-04 -1.641710000000000109e-04
7.904760000000000530e-05 -9.099590000000000066e-05
5.626660000000000098e-05 -1.757660000000000041e-05
2.254839999999999912e-05 3.957910000000000193e-05
-2.709909999999999945e-05 7.654159999999999913e-05
-8.653749999999999604e-05 9.871139999999999819e-05
-1.402490000000000052e-04 1.134920000000000037e-04
-1.707350000000000111e-04 1.240839999999999999e-04
-1.671599999999999920e-04 1.276989999999999983e-04
-1.305199999999999904e-04 1.182279999999999936e-04
-7.282189999999999475e-05 9.096110000000000567e-05
-1.107579999999999990e-05 4.641699999999999960e-05
4.037149999999999794e-05 -8.670399999999999182e-06
7.498720000000000602e-05 -6.341819999999999532e-05
9.429130000000000302e-05 -1.066550000000000012e-04
1.038130000000000037e-04 -1.306299999999999877e-04
1.077949999999999937e-04 -1.329679999999999914e-04
1.060510000000000050e-04 -1.163189999999999954e-04
9.462140000000000177e-05 -8.633830000000000649e-05
6.940090000000000159e-05 -4.928560000000000124e-05
3.014459999999999934e-05 -1.038000000000000057e-05
-1.769400000000000034e-05 2.664149999999999895e-05
-6.434650000000000471e-05 5.906390000000000213e-05
-9.945569999999999715e-05 8.450230000000000577e-05
-1.160549999999999993e-04 1.005550000000000020e-04
-1.127760000000000058e-04 1.050300000000000024e-04
-9.342099999999999883e-05 9.660649999999999739e-05
-6.448050000000000038e-05 7.558299999999999784e-05
-3.218000000000000022e-05 4.433309999999999741e-05
-5.970710000000000133e-07 7.197739999999999970e-06
2.843500000000000134e-05 -3.023529999999999832e-05
5.405519999999999704e-05 -6.227809999999999585e-05
7.487360000000000087e-05 -8.435230000000000213e-05
