-4.708540000000000286e-08 7.936169999999999522e-07
-2.598579999999999966e-07 2.863160000000000129e-06
-6.605820000000000054e-07 4.987210000000000147e-06
-1.221330000000000045e-06 8.773739999999999789e-06
-2.457009999999999791e-06 2.040079999999999956e-05
-5.669479999999999969e-06 4.623860000000000144e-05
-1.190510000000000059e-05 8.475939999999999354e-05
-2.026880000000000150e-05 1.198140000000000018e-04
-2.783109999999999854e-05 1.311109999999999988e-04
-3.166879999999999739e-05 1.021000000000000016e-04
-3.021389999999999883e-05 2.419360000000000160e-05
-2.296160000000000052e-05 -8.544550000000000040e-05
-1.028560000000000025e-05 -1.856890000000000038e-04
7.143869999999999925e-06 -2.408749999999999867e-04
3.013280000000000057e-05 -2.467510000000000233e-04
6.101829999999999819e-05 -2.305540000000000020e-04
9.959869999999999900e-05 -2.293829999999999958e-04
1.385969999999999878e-04 -2.639820000000000079e-04
1.646259999999999922e-04 -3.187369999999999808e-04
1.649440000000000118e-04 -3.396280000000000219e-04
1.350909999999999980e-04 -2.715819999999999758e-04
8.288070000000000083e-05 -1.106939999999999942e-04
2.484210000000000056e-05 9.515039999999999620e-05
-2.561810000000000126e-05 2.873339999999999835e-04
-6.875179999999999454e-05 4.223620000000000195e-04
-1.153429999999999966e-04 4.804720000000000171e-04
-1.725110000000000022e-04 4.766150000000000031e-04
-2.337019999999999929e-04 4.528959999999999952e-04
-2.812579999999999963e-04 4.481110000000000063e-04
-2.965810000000000256e-04 4.722729999999999962e-04
-2.692619999999999844e-04 4.944170000000000335e-04
-2.005800000000000074e-04 4.470070000000000250e-04
-1.027639999999999939e-04 2.771820000000000035e-04
3.350909999999999821e-06 -9.374829999999999780e-07
9.583409999999999780e-05 -3.266480000000000208e-04
1.648409999999999893e-04 -6.266439999999999858e-04
2.184640000000000009e-04 -8.308849999999999569e-04
2.718779999999999743e-04 -9.011330000000000338e-04
3.301089999999999797e-04 -8.512450000000000398e-04
3.808060000000000264e-04 -7.326119999999999985e-04
4.010420000000000000e-04 -6.013429999999999514e-04
3.702450000000000034e-04 -4.843369999999999945e-04
2.807900000000000001e-04 -3.689850000000000053e-04
1.432940000000000006e-04 -2.261940000000000099e-04
-1.522780000000000013e-05 -2.807049999999999831e-05
-1.619649999999999985e-04 2.315270000000000078e-04
-2.722210000000000081e-04 5.143430000000000051e-04
-3.375210000000000233e-04 7.508260000000000108e-04
-3.648270000000000224e-04 8.848799999999999982e-04
-3.696659999999999942e-04 9.109990000000000102e-04
-3.655730000000000047e-04 8.614980000000000381e-04
-3.530739999999999877e-04 7.639450000000000320e-04
-3.168159999999999835e-04 6.201800000000000151e-04
-2.373429999999999941e-04 4.125639999999999754e-04
-1.106720000000000002e-04 1.417590000000000093e-04
4.166520000000000217e-05 -1.575779999999999878e-04
1.851029999999999928e-04 -4.607009999999999925e-04
2.964089999999999737e-04 -7.503889999999999606e-04
3.727690000000000083e-04 -9.794879999999999299e-04
4.200489999999999758e-04 -1.097249999999999918e-03
4.402149999999999857e-04 -1.070739999999999930e-03
4.301020000000000234e-04 -8.967349999999999583e-04
3.869979999999999969e-04 -6.309469999999999749e-04
3.115519999999999878e-04 -3.553949999999999948e-04
2.044579999999999998e-04 -1.198010000000000004e-04
6.438399999999999885e-05 8.608780000000000609e-05
-1.051370000000000066e-04 3.099239999999999959e-04
-2.846920000000000180e-04 5.763950000000000540e-04
-4.385440000000000215e-04 8.594909999999999876e-04
-5.317520000000000276e-04 1.097700000000000065e-03
-5.514580000000000046e-04 1.223340000000000061e-03
-5.116650000000000148e-04 1.189949999999999949e-03
-4.374809999999999810e-04 9.884080000000000817e-04
-3.448309999999999787e-04 6.468690000000000030e-04
-2.324349999999999930e-04 2.104940000000000077e-04
-8.916719999999999562e-05 -2.693209999999999918e-04
9.028940000000000327e-05 -7.210390000000000332e-04
2.928300000000000000e-04 -1.066080000000000066e-03
4.878370000000000254e-04 -1.260300000000000005e-03
6.399380000000000519e-04 -1.299730000000000026e-03
7.211160000000000530e-04 -1.205899999999999984e-03
7.155189999999999641e-04 -1.013540000000000057e-03
6.207240000000000153e-04 -7.609669999999999802e-04
4.467259999999999916e-04 -4.444249999999999741e-04
2.117909999999999921e-04 -3.626499999999999922e-05
-5.766779999999999698e-05 4.251549999999999774e-04
-3.258040000000000133e-04 8.710929999999999758e-04
-5.562819999999999571e-04 1.234889999999999989e-03
-7.247850000000000343e-04 1.456150000000000022e-03
-8.208259999999999775e-04 1.508199999999999905e-03
-8.390780000000000460e-04 1.389760000000000084e-03
-7.712630000000000050e-04 1.102150000000000091e-03
-6.083869999999999469e-04 6.517829999999999631e-04
-3.515549999999999773e-04 5.067280000000000043e-05
-2.180010000000000156e-05 -6.428340000000000052e-04
3.353879999999999947e-04 -1.262010000000000041e-03
6.584460000000000313e-04 -1.639169999999999907e-03
8.948819999999999475e-04 -1.708710000000000003e-03
1.021180000000000004e-03 -1.511500000000000040e-03
1.036110000000000026e-03 -1.161539999999999968e-03
9.375390000000000373e-04 -7.446780000000000283e-04
7.133779999999999722e-04 -2.960109999999999955e-04
3.630749999999999754e-04 1.582040000000000052e-04
-7.650660000000000370e-05 6.308260000000000213e-04
-5.346609999999999687e-04 1.140160000000000088e-03
-9.306899999999999678e-04 1.603999999999999957e-03
-1.194119999999999904e-03 1.875120000000000085e-03
-1.278999999999999972e-03 1.808380000000000057e-03
-1.175320000000000097e-03 1.349790000000000018e-03
-9.122880000000000312e-04 6.085020000000000229e-04
-5.411920000000000185e-04 -2.495789999999999901e-04
-1.070960000000000060e-04 -1.031049999999999935e-03
3.577070000000000228e-04 -1.548780000000000035e-03
8.154419999999999898e-04 -1.732679999999999897e-03
1.209020000000000103e-03 -1.647969999999999904e-03
1.468630000000000066e-03 -1.439340000000000107e-03
1.528910000000000078e-03 -1.195480000000000067e-03
1.344790000000000004e-03 -8.683589999999999712e-04
9.120379999999999980e-04 -3.657569999999999745e-04
2.925919999999999931e-04 3.149420000000000214e-04
-3.864580000000000055e-04 1.077269999999999964e-03
-9.812200000000000956e-04 1.755089999999999949e-03
-1.391569999999999960e-03 2.142919999999999981e-03
-1.582419999999999964e-03 2.071899999999999784e-03
-1.561099999999999944e-03 1.510229999999999993e-03
-1.348680000000000104e-03 6.311999999999999469e-04
-9.700419999999999529e-04 -2.703250000000000249e-04
-4.539279999999999812e-04 -9.520649999999999859e-04
1.638590000000000044e-04 -1.324740000000000032e-03
8.250860000000000485e-04 -1.431490000000000106e-03
1.428980000000000051e-03 -1.381440000000000055e-03
1.839609999999999987e-03 -1.277469999999999951e-03
1.933110000000000037e-03 -1.119720000000000047e-03
1.655629999999999949e-03 -8.066430000000000084e-04
1.055890000000000084e-03 -2.720900000000000055e-04
2.737810000000000135e-04 4.338979999999999985e-04
-5.133079999999999718e-04 1.152599999999999935e-03
-1.155760000000000034e-03 1.647360000000000057e-03
-1.569400000000000092e-03 1.713679999999999978e-03
-1.733820000000000066e-03 1.319590000000000042e-03
-1.667819999999999980e-03 6.561610000000000489e-04
-1.399870000000000107e-03 1.142380000000000064e-05
-9.466150000000000432e-04 -4.374210000000000121e-04
-3.191579999999999960e-04 -6.799150000000000115e-04
4.338470000000000087e-04 -7.791500000000000465e-04
1.184809999999999900e-03 -7.899660000000000189e-04
1.747740000000000014e-03 -7.599430000000000117e-04
1.962820000000000103e-03 -7.060130000000000182e-04
1.774540000000000015e-03 -5.793149999999999515e-04
1.245769999999999994e-03 -3.226270000000000266e-04
5.182550000000000177e-04 4.806919999999999710e-05
-2.387880000000000048e-04 3.965659999999999975e-04
-8.737719999999999819e-04 5.642130000000000409e-04
-1.292570000000000047e-03 5.104569999999999681e-04
-1.475219999999999960e-03 3.249039999999999914e-04
-1.449460000000000071e-03 1.604839999999999902e-04
-1.242709999999999952e-03 1.265960000000000056e-04
-8.627790000000000415e-04 2.279679999999999966e-04
-3.287160000000000017e-04 3.945449999999999977e-04
2.860730000000000239e-04 4.994339999999999891e-04
8.535230000000000204e-04 4.097309999999999841e-04
1.235460000000000074e-03 1.343259999999999875e-04
1.335290000000000045e-03 -1.786319999999999933e-04
1.136990000000000049e-03 -4.041270000000000018e-04
7.216669999999999465e-04 -5.517389999999999838e-04
2.384839999999999887e-04 -6.895710000000000424e-04
-1.725970000000000011e-04 -8.070710000000000254e-04
-4.478880000000000187e-04 -8.404410000000000396e-04
-5.972319999999999495e-04 -7.229180000000000198e-04
-6.497729999999999739e-04 -4.245480000000000152e-04
-6.160609999999999958e-04 4.079040000000000167e-05
-4.993140000000000512e-04 6.370549999999999781e-04
-3.203640000000000112e-04 1.215139999999999970e-03
-1.154880000000000029e-04 1.540029999999999958e-03
7.576980000000000087e-05 1.480959999999999915e-03
2.108020000000000054e-04 1.052690000000000006e-03
2.548059999999999995e-04 3.357969999999999835e-04
2.090270000000000029e-04 -4.953919999999999895e-04
1.202489999999999934e-04 -1.194519999999999913e-03
5.682000000000000147e-05 -1.596680000000000061e-03
7.133690000000000473e-05 -1.640729999999999966e-03
1.709260000000000098e-04 -1.351140000000000023e-03
3.114349999999999887e-04 -8.312060000000000238e-04
4.166209999999999944e-04 -1.617719999999999954e-04
4.114820000000000153e-04 5.872549999999999602e-04
2.642790000000000221e-04 1.228350000000000015e-03
1.207389999999999972e-05 1.544859999999999896e-03
-2.635819999999999982e-04 1.432099999999999953e-03
-4.901750000000000291e-04 9.302060000000000450e-04
-6.300309999999999721e-04 1.810890000000000004e-04
-6.628619999999999565e-04 -6.341450000000000212e-04
-5.710309999999999475e-04 -1.237269999999999950e-03
-3.553699999999999806e-04 -1.390659999999999943e-03
-4.767049999999999700e-05 -1.076670000000000058e-03
2.994310000000000136e-04 -4.629330000000000077e-04
6.206469999999999956e-04 2.115709999999999976e-04
8.371119999999999907e-04 7.236820000000000145e-04
8.730979999999999948e-04 9.039239999999999602e-04
6.936540000000000370e-04 7.527750000000000153e-04
3.338700000000000001e-04 3.703259999999999777e-04
-1.009340000000000064e-04 -1.511120000000000128e-04
-4.757480000000000129e-04 -6.441949999999999673e-04
-6.907130000000000257e-04 -9.117049999999999590e-04
-7.180609999999999814e-04 -8.462580000000000146e-04
-5.856709999999999564e-04 -5.136189999999999896e-04
-3.456350000000000069e-04 -2.615080000000000041e-05
-6.820159999999999428e-05 5.484830000000000001e-04
1.683599999999999940e-04 1.012689999999999901e-03
3.154809999999999971e-04 1.136429999999999906e-03
3.714960000000000224e-04 8.536519999999999915e-04
3.554170000000000159e-04 2.571399999999999944e-04
2.815440000000000000e-04 -4.509110000000000201e-04
1.659780000000000023e-04 -1.030359999999999913e-03
4.141589999999999763e-05 -1.266119999999999919e-03
-5.098170000000000013e-05 -1.063820000000000043e-03
-8.517240000000000466e-05 -5.166259999999999559e-04
-6.527509999999999443e-05 1.612180000000000004e-04
-2.227329999999999900e-05 7.178560000000000062e-04
4.683249999999999588e-06 9.424529999999999973e-04
-1.244139999999999916e-05 8.071610000000000330e-04
-8.165640000000000647e-05 4.697650000000000263e-04
-1.827950000000000007e-04 9.759859999999999760e-05
-2.635189999999999820e-04 -1.994149999999999872e-04
-2.655479999999999993e-04 -3.296299999999999729e-04
-1.703909999999999886e-04 -2.736449999999999863e-04
-1.448809999999999940e-05 -1.192009999999999993e-04
1.402169999999999892e-04 1.668530000000000100e-05
2.438630000000000062e-04 5.979920000000000168e-05
2.751780000000000003e-04 -1.126290000000000062e-06
2.400439999999999941e-04 -1.230330000000000128e-04
1.641550000000000030e-04 -2.356380000000000096e-04
8.159800000000000039e-05 -2.750450000000000204e-04
1.860489999999999868e-05 -2.123150000000000026e-04
-1.918230000000000098e-05 -6.779300000000000636e-05
-4.502849999999999756e-05 1.001939999999999965e-04
-7.591289999999999616e-05 2.246380000000000132e-04
-1.170609999999999961e-04 2.634979999999999766e-04
-1.581529999999999883e-04 2.193549999999999894e-04
-1.811089999999999900e-04 1.310980000000000110e-04
-1.708690000000000068e-04 4.724910000000000134e-05
-1.226459999999999909e-04 1.232949999999999933e-07
-4.445149999999999953e-05 -8.232309999999999791e-06
4.486469999999999754e-05 -3.361469999999999937e-06
1.221010000000000021e-04 -1.914269999999999885e-05
1.685830000000000087e-04 -7.190459999999999593e-05
1.768480000000000117e-04 -1.456360000000000131e-04
1.517590000000000085e-04 -2.006889999999999889e-04
1.065339999999999934e-04 -2.005630000000000108e-04
5.653260000000000148e-05 -1.379630000000000071e-04
1.326540000000000008e-05 -3.904539999999999720e-05
-1.977430000000000141e-05 5.658359999999999811e-05
-4.711829999999999914e-05 1.186359999999999937e-04
-7.566190000000000144e-05 1.378279999999999957e-04
-1.065320000000000026e-04 1.252240000000000059e-04
-1.313080000000000106e-04 1.010430000000000014e-04
-1.363819999999999963e-04 8.051829999999999784e-05
-1.122550000000000018e-04 6.589340000000000171e-05
-6.074369999999999916e-05 4.883059999999999967e-05
4.695600000000000410e-06 1.986200000000000059e-05
6.518570000000000169e-05 -2.280730000000000100e-05
1.050810000000000058e-04 -7.087130000000000025e-05
1.182560000000000008e-04 -1.102369999999999950e-04
1.089810000000000057e-04 -1.283249999999999886e-04
8.742009999999999332e-05 -1.198640000000000030e-04
6.286179999999999502e-05 -8.851350000000000559e-05
3.900120000000000193e-05 -4.423680000000000309e-05
1.400720000000000033e-05 1.542479999999999926e-06
-1.532980000000000017e-05 4.021989999999999756e-05
-4.876600000000000032e-05 6.776109999999999740e-05
-8.059889999999999839e-05 8.378749999999999696e-05
-1.017490000000000045e-04 8.940310000000000466e-05
-1.044200000000000065e-04 8.547899999999999932e-05
-8.634790000000000043e-05 7.228199999999999675e-05
-5.215509999999999808e-05 5.023309999999999852e-05
-1.121450000000000079e-05 2.096990000000000060e-05
2.653959999999999913e-05 -1.207570000000000027e-05
5.439420000000000176e-05 -4.395979999999999880e-05
7.031849999999999429e-05 -6.927219999999999721e-05
7.579310000000000452e-05 -8.351990000000000650e-05
7.328450000000000621e-05 -8.430830000000000051e-05
6.421610000000000339e-05 -7.191380000000000255e-05
4.862569999999999761e-05 -4.910070000000000238e-05
2.640089999999999993e-05 -2.031670000000000150e-05
-1.044829999999999913e-06 9.427670000000000828e-06
-2.995719999999999839e-05 3.563469999999999951e-05
-5.492039999999999682e-05 5.504849999999999988e-05
-7.067780000000000286e-05 6.589460000000000434e-05
-7.407140000000000371e-05 6.769490000000000132e-05
-6.507829999999999659e-05 6.089829999999999934e-05
-4.651239999999999872e-05 4.659780000000000302e-05
