-3.057940000000000051e-08 8.414430000000000259e-07
-1.924149999999999928e-07 3.136189999999999868e-06
-5.874430000000000014e-07 5.718549999999999653e-06
-1.298699999999999949e-06 1.019830000000000026e-05
-2.715620000000000014e-06 2.325680000000000068e-05
-5.943059999999999643e-06 5.259600000000000261e-05
-1.257170000000000027e-05 9.798639999999999412e-05
-2.344850000000000089e-05 1.427789999999999962e-04
-3.735889999999999903e-05 1.636189999999999932e-04
-5.086770000000000088e-05 1.395420000000000135e-04
-5.911290000000000115e-05 5.776159999999999937e-05
-5.702440000000000243e-05 -6.698929999999999913e-05
-4.096990000000000224e-05 -1.918269999999999914e-04
-1.000269999999999996e-05 -2.744469999999999831e-04
3.429500000000000284e-05 -3.028160000000000227e-04
8.867540000000000144e-05 -3.007730000000000017e-04
1.481350000000000039e-04 -3.083879999999999890e-04
2.048340000000000111e-04 -3.528569999999999862e-04
2.479839999999999757e-04 -4.233239999999999876e-04
2.660949999999999926e-04 -4.639350000000000093e-04
2.510699999999999933e-04 -4.092810000000000003e-04
2.023159999999999922e-04 -2.412299999999999926e-04
1.277209999999999923e-04 1.187000000000000028e-06
3.884390000000000260e-05 2.569989999999999970e-04
-5.673809999999999807e-05 4.703190000000000213e-04
-1.581619999999999944e-04 6.036700000000000529e-04
-2.656550000000000035e-04 6.555979999999999664e-04
-3.720560000000000035e-04 6.616260000000000110e-04
-4.598499999999999832e-04 6.682079999999999964e-04
-5.069980000000000406e-04 7.007860000000000087e-04
-4.973269999999999904e-04 7.372330000000000072e-04
-4.276430000000000118e-04 7.014309999999999729e-04
-3.076229999999999785e-04 5.175410000000000513e-04
-1.552210000000000102e-04 1.789960000000000054e-04
9.454200000000000047e-06 -2.561349999999999998e-04
1.710509999999999993e-04 -6.977049999999999615e-04
3.233500000000000263e-04 -1.048190000000000059e-03
4.666389999999999753e-04 -1.240400000000000010e-03
5.989009999999999907e-04 -1.266320000000000032e-03
7.073029999999999465e-04 -1.170999999999999949e-03
7.671460000000000171e-04 -1.021860000000000086e-03
7.504880000000000015e-04 -8.655089999999999832e-04
6.399160000000000308e-04 -7.019150000000000042e-04
4.397149999999999735e-04 -4.989740000000000104e-04
1.778869999999999995e-04 -2.151610000000000089e-04
-1.028540000000000015e-04 1.674099999999999980e-04
-3.600829999999999743e-04 6.088600000000000219e-04
-5.642919999999999837e-04 1.019799999999999960e-03
-7.039190000000000074e-04 1.311459999999999970e-03
-7.825119999999999645e-04 1.446999999999999936e-03
-8.102590000000000226e-04 1.442420000000000030e-03
-7.931649999999999725e-04 1.326790000000000001e-03
-7.258269999999999609e-04 1.113810000000000017e-03
-5.940589999999999716e-04 7.989629999999999736e-04
-3.881059999999999870e-04 3.933119999999999910e-04
-1.180030000000000017e-04 -6.020670000000000074e-05
1.828180000000000104e-04 -5.309069999999999501e-04
4.708339999999999986e-04 -9.977250000000000875e-04
7.105149999999999964e-04 -1.403670000000000091e-03
8.823729999999999898e-04 -1.673460000000000095e-03
9.787619999999999914e-04 -1.741179999999999941e-03
9.953860000000000138e-04 -1.580430000000000073e-03
9.278869999999999610e-04 -1.246680000000000010e-03
7.754590000000000441e-04 -8.422360000000000046e-04
5.449050000000000421e-04 -4.428519999999999809e-04
2.505019999999999946e-04 -5.652340000000000164e-05
-8.731319999999999609e-05 3.559570000000000073e-04
-4.396800000000000187e-04 8.134050000000000091e-04
-7.661449999999999771e-04 1.279930000000000087e-03
-1.019490000000000066e-03 1.679979999999999972e-03
-1.161169999999999997e-03 1.929659999999999926e-03
-1.177169999999999953e-03 1.963219999999999896e-03
-1.080369999999999985e-03 1.749930000000000018e-03
-8.966920000000000402e-04 1.302790000000000068e-03
-6.464990000000000320e-04 6.709599999999999592e-04
-3.365449999999999974e-04 -6.740340000000000589e-05
3.099660000000000067e-05 -8.005609999999999810e-04
4.404669999999999961e-04 -1.410639999999999897e-03
8.520980000000000264e-04 -1.825870000000000054e-03
1.207949999999999953e-03 -2.028530000000000177e-03
1.448669999999999992e-03 -2.033689999999999890e-03
1.529689999999999999e-03 -1.869709999999999905e-03
1.430630000000000009e-03 -1.568879999999999927e-03
1.157419999999999933e-03 -1.126159999999999965e-03
7.387249999999999719e-04 -5.175769999999999676e-04
2.219930000000000004e-04 2.080700000000000052e-04
-3.309000000000000201e-04 9.602229999999999576e-04
-8.535650000000000312e-04 1.640339999999999897e-03
-1.288400000000000092e-03 2.151720000000000195e-03
-1.594799999999999950e-03 2.431060000000000079e-03
-1.747779999999999993e-03 2.444159999999999909e-03
-1.730240000000000077e-03 2.169239999999999797e-03
-1.528749999999999944e-03 1.605569999999999957e-03
-1.139159999999999956e-03 7.749579999999999620e-04
-5.792549999999999826e-04 -2.419230000000000078e-04
9.904760000000000354e-05 -1.244139999999999916e-03
8.090559999999999462e-04 -2.016210000000000051e-03
1.447630000000000097e-03 -2.439629999999999924e-03
1.922799999999999900e-03 -2.511370000000000182e-03
2.172219999999999880e-03 -2.317420000000000157e-03
2.163669999999999916e-03 -1.929710000000000062e-03
1.887149999999999982e-03 -1.380960000000000087e-03
1.356210000000000054e-03 -7.092549999999999983e-04
6.198210000000000004e-04 7.479920000000000037e-05
-2.324849999999999942e-04 9.676799999999999508e-04
-1.082559999999999989e-03 1.868539999999999915e-03
-1.807379999999999924e-03 2.594309999999999845e-03
-2.303760000000000183e-03 2.931249999999999828e-03
-2.504629999999999877e-03 2.738630000000000144e-03
-2.385270000000000098e-03 2.059640000000000169e-03
-1.960250000000000187e-03 1.044320000000000057e-03
-1.274130000000000054e-03 -8.033690000000000666e-05
-3.963829999999999893e-04 -1.059700000000000008e-03
5.770569999999999606e-04 -1.742049999999999979e-03
1.524469999999999992e-03 -2.122989999999999947e-03
2.309760000000000112e-03 -2.310060000000000065e-03
2.804210000000000123e-03 -2.382009999999999943e-03
2.910980000000000078e-03 -2.277659999999999928e-03
2.587939999999999945e-03 -1.865839999999999903e-03
1.867200000000000066e-03 -1.093110000000000002e-03
8.602389999999999473e-04 -2.786529999999999899e-05
-2.652830000000000010e-04 1.147409999999999966e-03
-1.330980000000000054e-03 2.162639999999999962e-03
-2.189949999999999970e-03 2.740890000000000166e-03
-2.744260000000000102e-03 2.719810000000000023e-03
-2.939569999999999857e-03 2.165600000000000164e-03
-2.754509999999999945e-03 1.336369999999999919e-03
-2.197970000000000045e-03 5.124990000000000274e-04
-1.316099999999999952e-03 -1.468300000000000020e-04
-2.043729999999999896e-04 -6.305430000000000106e-04
9.856739999999999686e-04 -1.023049999999999958e-03
2.059360000000000097e-03 -1.415699999999999988e-03
2.817179999999999858e-03 -1.784900000000000072e-03
3.107829999999999794e-03 -1.972320000000000063e-03
2.875579999999999976e-03 -1.820680000000000085e-03
2.180720000000000141e-03 -1.282020000000000035e-03
1.178800000000000030e-03 -4.523020000000000209e-04
6.730260000000000170e-05 4.250769999999999961e-04
-9.708180000000000281e-04 1.061279999999999949e-03
-1.801110000000000081e-03 1.292050000000000099e-03
-2.342760000000000155e-03 1.186060000000000066e-03
-2.555099999999999819e-03 9.663270000000000063e-04
-2.420630000000000004e-03 8.028189999999999719e-04
-1.940689999999999906e-03 7.182630000000000178e-04
-1.154410000000000028e-03 6.491269999999999939e-04
-1.683509999999999879e-04 5.253039999999999836e-04
8.379509999999999736e-04 2.819559999999999818e-04
1.654300000000000041e-03 -1.019799999999999960e-04
2.112249999999999978e-03 -5.449159999999999985e-04
2.143609999999999786e-03 -8.997270000000000137e-04
1.793899999999999965e-03 -1.052280000000000056e-03
1.192230000000000069e-03 -1.027649999999999961e-03
4.999009999999999695e-04 -9.463619999999999628e-04
-1.404750000000000128e-04 -8.823309999999999790e-04
-6.385219999999999828e-04 -8.041360000000000001e-04
-9.612120000000000256e-04 -6.031030000000000158e-04
-1.112509999999999931e-03 -1.972250000000000099e-04
-1.106299999999999948e-03 3.904199999999999923e-04
-9.559259999999999546e-04 1.049580000000000044e-03
-6.864560000000000019e-04 1.597129999999999991e-03
-3.501609999999999836e-04 1.825849999999999956e-03
-2.525239999999999898e-05 1.666830000000000004e-03
2.060060000000000060e-04 1.227020000000000107e-03
2.921719999999999938e-04 6.573310000000000394e-04
2.436489999999999977e-04 2.625480000000000145e-05
1.354510000000000013e-04 -6.461179999999999961e-04
6.853949999999999659e-05 -1.275480000000000060e-03
1.115210000000000051e-04 -1.740470000000000038e-03
2.655679999999999890e-04 -1.934090000000000071e-03
4.741030000000000244e-04 -1.804110000000000045e-03
6.601800000000000116e-04 -1.348709999999999926e-03
7.574269999999999701e-04 -5.817899999999999981e-04
7.212689999999999683e-04 3.605360000000000053e-04
5.331510000000000459e-04 1.205040000000000104e-03
2.049420000000000039e-04 1.718520000000000074e-03
-2.209079999999999930e-04 1.793310000000000000e-03
-6.749209999999999845e-04 1.421420000000000062e-03
-1.067660000000000007e-03 7.411089999999999952e-04
-1.305699999999999916e-03 8.427500000000000204e-06
-1.313960000000000084e-03 -5.724449999999999851e-04
-1.057420000000000105e-03 -8.927810000000000433e-04
-5.586739999999999979e-04 -9.370350000000000163e-04
9.528200000000000016e-05 -7.801600000000000115e-04
7.645090000000000219e-04 -4.770379999999999955e-04
1.287579999999999975e-03 -5.887240000000000236e-05
1.531589999999999991e-03 3.351019999999999910e-04
1.442410000000000090e-03 5.240859999999999963e-04
1.062760000000000050e-03 4.156450000000000227e-04
5.064019999999999806e-04 4.388130000000000286e-05
-8.844769999999999683e-05 -4.721719999999999780e-04
-5.951759999999999950e-04 -9.950339999999998925e-04
-9.184879999999999651e-04 -1.294940000000000067e-03
-1.009319999999999965e-03 -1.156609999999999973e-03
-8.739210000000000511e-04 -5.596219999999999624e-04
-5.701579999999999713e-04 3.182500000000000107e-04
-1.924340000000000078e-04 1.191800000000000021e-03
1.509489999999999942e-04 1.775330000000000094e-03
3.667650000000000163e-04 1.856000000000000011e-03
4.051699999999999985e-04 1.432930000000000011e-03
2.768210000000000115e-04 6.516920000000000482e-04
5.416349999999999735e-05 -3.187020000000000261e-04
-1.511410000000000086e-04 -1.225359999999999991e-03
-2.357480000000000068e-04 -1.792090000000000089e-03
-1.526090000000000020e-04 -1.857890000000000062e-03
7.216490000000000426e-05 -1.483230000000000095e-03
3.575669999999999868e-04 -8.215390000000000366e-04
5.984490000000000295e-04 1.064250000000000017e-05
6.986940000000000294e-04 7.832209999999999606e-04
6.067750000000000444e-04 1.229819999999999958e-03
3.367450000000000022e-04 1.229990000000000033e-03
-3.955509999999999674e-05 8.273519999999999486e-04
-4.214150000000000166e-04 2.058010000000000037e-04
-7.119430000000000376e-04 -3.837770000000000222e-04
-8.428689999999999967e-04 -7.019160000000000199e-04
-7.885540000000000127e-04 -6.239979999999999572e-04
-5.691370000000000500e-04 -2.131299999999999872e-04
-2.441790000000000215e-04 3.335020000000000063e-04
1.021190000000000026e-04 7.588620000000000131e-04
3.848720000000000244e-04 8.307949999999999493e-04
5.444770000000000252e-04 5.085699999999999639e-04
5.616570000000000199e-04 -2.645060000000000049e-05
4.593339999999999901e-04 -5.483320000000000078e-04
2.944360000000000250e-04 -8.889800000000000436e-04
1.356820000000000064e-04 -9.297069999999999943e-04
3.129300000000000007e-05 -6.606620000000000114e-04
-1.258079999999999989e-05 -2.135030000000000055e-04
-2.697809999999999840e-05 2.220400000000000086e-04
-5.421289999999999725e-05 4.943150000000000538e-04
-1.192350000000000061e-04 5.455969999999999874e-04
-2.148329999999999945e-04 4.213619999999999952e-04
-3.064799999999999794e-04 2.289770000000000000e-04
-3.512440000000000137e-04 7.443179999999999436e-05
-3.196920000000000013e-04 1.392010000000000078e-05
-2.106119999999999954e-04 3.738659999999999878e-05
-5.258159999999999814e-05 8.673480000000000176e-05
1.079960000000000007e-04 9.247029999999999454e-05
2.268580000000000021e-04 1.401270000000000053e-05
2.800510000000000195e-04 -1.346639999999999968e-04
2.711200000000000198e-04 -2.925299999999999927e-04
2.243389999999999946e-04 -3.864879999999999900e-04
1.687980000000000058e-04 -3.707329999999999892e-04
1.227380000000000029e-04 -2.500429999999999775e-04
8.658539999999999943e-05 -7.626009999999999853e-05
4.749390000000000279e-05 8.011549999999999553e-05
-8.533330000000000510e-06 1.678440000000000010e-04
-8.473180000000000078e-05 1.800249999999999984e-04
-1.686749999999999936e-04 1.506760000000000055e-04
-2.365959999999999960e-04 1.262020000000000091e-04
-2.641319999999999844e-04 1.313420000000000039e-04
-2.378910000000000031e-04 1.553749999999999955e-04
-1.624739999999999897e-04 1.669159999999999990e-04
-5.956060000000000027e-05 1.380970000000000027e-04
4.110240000000000139e-05 6.153700000000000391e-05
1.147960000000000034e-04 -4.529570000000000070e-05
1.519799999999999916e-04 -1.492099999999999893e-04
1.596179999999999886e-04 -2.177670000000000040e-04
1.531930000000000086e-04 -2.339730000000000043e-04
1.449520000000000040e-04 -2.018429999999999985e-04
1.361710000000000080e-04 -1.409659999999999917e-04
1.180580000000000003e-04 -7.441899999999999340e-05
7.991309999999999896e-05 -1.755800000000000028e-05
1.860499999999999890e-05 2.631059999999999844e-05
-5.684569999999999684e-05 6.232920000000000626e-05
-1.281350000000000056e-04 9.636930000000000582e-05
-1.758979999999999886e-04 1.287439999999999993e-04
-1.883560000000000106e-04 1.529740000000000028e-04
-1.658019999999999958e-04 1.595230000000000107e-04
-1.190410000000000009e-04 1.415259999999999999e-04
-6.328520000000000185e-05 9.899550000000000450e-05
-1.115630000000000023e-05 3.945389999999999845e-05
3.150909999999999958e-05 -2.483339999999999842e-05
6.531440000000000607e-05 -8.125309999999999629e-05
9.337489999999999939e-05 -1.206980000000000021e-04
1.167199999999999938e-04 -1.393920000000000098e-04
1.320310000000000103e-04 -1.383979999999999987e-04
1.330220000000000014e-04 -1.216039999999999965e-04
1.144109999999999995e-04 -9.351569999999999642e-05
7.587759999999999329e-05 -5.793159999999999944e-05
2.355970000000000077e-05 -1.787129999999999947e-05
-3.177010000000000267e-05 2.366059999999999840e-05
-7.872719999999999393e-05 6.290260000000000317e-05
-1.093130000000000019e-04 9.523630000000000160e-05
-1.209330000000000024e-04 1.159330000000000028e-04
-1.157829999999999992e-04 1.214030000000000030e-04
-9.844649999999999332e-05 1.103549999999999963e-04
-7.331189999999999853e-05 8.435620000000000390e-05
-4.321600000000000094e-05 4.759260000000000237e-05
-9.749990000000000818e-06 5.933569999999999841e-06
2.538270000000000009e-05 -3.434740000000000254e-05
5.911690000000000315e-05 -6.779720000000000202e-05
