-2.049410000000000019e-08 8.579480000000000271e-07
-1.386329999999999947e-07 3.235029999999999925e-06
-4.661320000000000079e-07 5.998059999999999964e-06
-1.135959999999999963e-06 1.076119999999999956e-05
-2.495900000000000108e-06 2.436930000000000061e-05
-5.451610000000000308e-06 5.503130000000000283e-05
-1.153900000000000082e-05 1.031280000000000060e-04
-2.225410000000000094e-05 1.519840000000000004e-04
-3.779989999999999701e-05 1.770540000000000026e-04
-5.597630000000000140e-05 1.554489999999999952e-04
-7.167759999999999963e-05 7.269400000000000568e-05
-7.746679999999999495e-05 -5.707910000000000040e-05
-6.569990000000000433e-05 -1.900360000000000081e-04
-3.156799999999999998e-05 -2.817820000000000069e-04
2.452370000000000035e-05 -3.185659999999999989e-04
9.635929999999999745e-05 -3.243519999999999737e-04
1.731220000000000003e-04 -3.409779999999999734e-04
2.418780000000000040e-04 -3.970380000000000025e-04
2.906480000000000131e-04 -4.805930000000000249e-04
3.110160000000000051e-04 -5.317629999999999840e-04
2.993019999999999882e-04 -4.798800000000000201e-04
2.562929999999999939e-04 -3.034949999999999801e-04
1.858209999999999951e-04 -4.261279999999999967e-05
9.226080000000000272e-05 2.375359999999999971e-04
-2.164350000000000038e-05 4.771190000000000240e-04
-1.538330000000000025e-04 6.372329999999999618e-04
-2.982610000000000231e-04 7.163399999999999889e-04
-4.400569999999999916e-04 7.488860000000000395e-04
-5.555230000000000411e-04 7.787360000000000332e-04
-6.189820000000000174e-04 8.286030000000000218e-04
-6.133500000000000280e-04 8.745229999999999887e-04
-5.375720000000000498e-04 8.384389999999999595e-04
-4.058530000000000189e-04 6.410850000000000055e-04
-2.397570000000000018e-04 2.724739999999999801e-04
-5.823910000000000284e-05 -2.090430000000000109e-04
1.291470000000000020e-04 -7.078609999999999503e-04
3.218060000000000018e-04 -1.118220000000000065e-03
5.200110000000000192e-04 -1.365490000000000020e-03
7.141380000000000124e-04 -1.436870000000000031e-03
8.787369999999999860e-04 -1.374840000000000003e-03
9.765640000000000778e-04 -1.245180000000000028e-03
9.718489999999999985e-04 -1.092749999999999971e-03
8.462380000000000249e-04 -9.154900000000000320e-04
6.090530000000000249e-04 -6.796569999999999608e-04
2.961719999999999826e-04 -3.435870000000000157e-04
-4.242289999999999663e-05 1.083209999999999951e-04
-3.599109999999999766e-04 6.308750000000000338e-04
-6.255199999999999606e-04 1.126150000000000024e-03
-8.273280000000000044e-04 1.494859999999999982e-03
-9.657440000000000425e-04 1.690890000000000015e-03
-1.043029999999999912e-03 1.725069999999999989e-03
-1.054990000000000008e-03 1.625359999999999956e-03
-9.893569999999999535e-04 1.405170000000000073e-03
-8.321049999999999757e-04 1.058150000000000106e-03
-5.789639999999999544e-04 5.937339999999999502e-04
-2.456059999999999927e-04 5.770569999999999877e-05
1.311990000000000020e-04 -5.106229999999999797e-04
5.042230000000000410e-04 -1.079810000000000058e-03
8.310270000000000244e-04 -1.584600000000000028e-03
1.083430000000000027e-03 -1.942469999999999961e-03
1.246649999999999972e-03 -2.078190000000000159e-03
1.311510000000000106e-03 -1.954060000000000085e-03
1.267969999999999991e-03 -1.617539999999999993e-03
1.106549999999999982e-03 -1.171729999999999950e-03
8.262319999999999864e-04 -7.013600000000000476e-04
4.424639999999999975e-04 -2.244059999999999924e-04
-1.006989999999999993e-05 2.934090000000000092e-04
-4.811659999999999939e-04 8.690930000000000356e-04
-9.136040000000000437e-04 1.460460000000000013e-03
-1.254520000000000071e-03 1.977159999999999942e-03
-1.466759999999999895e-03 2.316869999999999954e-03
-1.535649999999999949e-03 2.400620000000000011e-03
-1.467060000000000065e-03 2.193669999999999995e-03
-1.277469999999999951e-03 1.711080000000000023e-03
-9.823060000000000645e-04 1.004729999999999903e-03
-5.907249999999999524e-04 1.550909999999999962e-04
-1.117910000000000008e-04 -7.198550000000000391e-04
4.313710000000000005e-04 -1.487840000000000039e-03
9.902890000000000997e-04 -2.056539999999999931e-03
1.492749999999999936e-03 -2.389179999999999863e-03
1.858349999999999932e-03 -2.489149999999999870e-03
2.020539999999999923e-03 -2.379510000000000045e-03
1.944870000000000019e-03 -2.088860000000000109e-03
1.636080000000000043e-03 -1.607139999999999957e-03
1.132460000000000064e-03 -9.060519999999999642e-04
4.942339999999999711e-04 -3.702149999999999782e-05
-2.073269999999999887e-04 8.948069999999999592e-04
-8.985240000000000457e-04 1.767150000000000101e-03
-1.510030000000000096e-03 2.459040000000000011e-03
-1.981580000000000147e-03 2.888990000000000134e-03
-2.264490000000000079e-03 3.010699999999999835e-03
-2.322690000000000084e-03 2.792059999999999854e-03
-2.134249999999999862e-03 2.221490000000000010e-03
-1.695820000000000010e-03 1.312769999999999996e-03
-1.029750000000000066e-03 1.478809999999999890e-04
-1.918140000000000036e-04 -1.056560000000000008e-03
7.261190000000000049e-04 -2.056370000000000073e-03
1.605840000000000089e-03 -2.701090000000000175e-03
2.323979999999999796e-03 -2.963480000000000107e-03
2.775750000000000006e-03 -2.915730000000000058e-03
2.891620000000000128e-03 -2.619600000000000140e-03
2.644290000000000095e-03 -2.094239999999999817e-03
2.051310000000000199e-03 -1.363990000000000037e-03
1.176640000000000064e-03 -4.366139999999999908e-04
1.264220000000000036e-04 6.702560000000000419e-04
-9.643279999999999734e-04 1.828269999999999895e-03
-1.952600000000000082e-03 2.821099999999999997e-03
-2.710039999999999932e-03 3.401760000000000200e-03
-3.140210000000000050e-03 3.398870000000000016e-03
-3.187179999999999961e-03 2.830909999999999850e-03
-2.836299999999999932e-03 1.833200000000000107e-03
-2.111700000000000209e-03 6.300929999999999725e-04
-1.078069999999999983e-03 -5.137880000000000485e-04
1.534139999999999918e-04 -1.425660000000000035e-03
1.425190000000000007e-03 -2.073680000000000054e-03
2.549919999999999791e-03 -2.537419999999999867e-03
3.344760000000000007e-03 -2.869009999999999963e-03
3.672079999999999875e-03 -2.978559999999999888e-03
3.471629999999999855e-03 -2.702089999999999874e-03
2.774720000000000051e-03 -1.957330000000000181e-03
1.695829999999999950e-03 -8.018129999999999615e-04
4.030489999999999962e-04 5.683010000000000058e-04
-9.206309999999999884e-04 1.850700000000000045e-03
-2.108249999999999881e-03 2.728980000000000208e-03
-3.021779999999999952e-03 3.001750000000000078e-03
-3.551970000000000214e-03 2.700349999999999799e-03
-3.619369999999999792e-03 2.055509999999999976e-03
-3.186319999999999864e-03 1.330290000000000031e-03
-2.278169999999999935e-03 6.756680000000000368e-04
-1.002209999999999906e-03 1.013509999999999991e-04
4.513329999999999968e-04 -4.711280000000000199e-04
1.837400000000000101e-03 -1.116559999999999948e-03
2.910700000000000006e-03 -1.781599999999999937e-03
3.487699999999999828e-03 -2.266329999999999994e-03
3.491810000000000139e-03 -2.368040000000000075e-03
2.964780000000000193e-03 -2.001970000000000052e-03
2.040820000000000047e-03 -1.244920000000000054e-03
8.981489999999999960e-04 -3.397440000000000052e-04
-2.864179999999999808e-04 4.112189999999999943e-04
-1.361879999999999992e-03 8.223829999999999899e-04
-2.206150000000000038e-03 9.394089999999999906e-04
-2.721490000000000020e-03 9.643429999999999927e-04
-2.836309999999999873e-03 1.046019999999999936e-03
-2.520160000000000022e-03 1.180580000000000084e-03
-1.808329999999999920e-03 1.273749999999999926e-03
-8.205040000000000033e-04 1.231239999999999982e-03
2.487489999999999862e-04 9.806839999999998961e-04
1.177730000000000096e-03 5.088960000000000011e-04
1.786599999999999950e-03 -8.738850000000000535e-05
1.992999999999999980e-03 -6.430550000000000155e-04
1.826729999999999934e-03 -1.021669999999999913e-03
1.400809999999999946e-03 -1.221800000000000100e-03
8.591340000000000044e-04 -1.338989999999999972e-03
3.270640000000000114e-04 -1.428980000000000051e-03
-1.156529999999999988e-04 -1.447680000000000017e-03
-4.347980000000000204e-04 -1.275279999999999947e-03
-6.244619999999999988e-04 -8.207439999999999874e-04
-6.900310000000000211e-04 -1.067769999999999977e-04
-6.447409999999999990e-04 7.429690000000000079e-04
-5.186049999999999991e-04 1.520370000000000055e-03
-3.643249999999999787e-04 1.987839999999999833e-03
-2.473759999999999978e-04 2.046940000000000131e-03
-2.215519999999999957e-04 1.781030000000000070e-03
-3.010129999999999859e-04 1.324469999999999901e-03
-4.435290000000000152e-04 7.322509999999999523e-04
-5.586490000000000379e-04 1.192360000000000049e-05
-5.446570000000000404e-04 -7.565049999999999813e-04
-3.381489999999999908e-04 -1.436739999999999936e-03
5.261009999999999965e-05 -1.887339999999999938e-03
5.491650000000000047e-04 -2.015359999999999895e-03
1.034149999999999956e-03 -1.785880000000000106e-03
1.389770000000000024e-03 -1.189160000000000087e-03
1.525340000000000029e-03 -3.410789999999999916e-04
1.392020000000000106e-03 5.010719999999999758e-04
9.892250000000000435e-04 1.107120000000000066e-03
3.658180000000000134e-04 1.354689999999999974e-03
-3.812500000000000242e-04 1.206789999999999903e-03
-1.114530000000000078e-03 7.668669999999999610e-04
-1.678650000000000064e-03 2.597480000000000210e-04
-1.937490000000000046e-03 -1.341000000000000070e-04
-1.814260000000000048e-03 -3.246170000000000262e-04
-1.320130000000000088e-03 -3.117090000000000203e-04
-5.587110000000000383e-04 -1.792440000000000071e-04
2.976599999999999927e-04 2.191009999999999881e-05
1.051990000000000043e-03 2.808950000000000270e-04
1.536510000000000046e-03 4.879859999999999862e-04
1.660629999999999962e-03 4.869529999999999844e-04
1.433269999999999943e-03 1.991999999999999901e-04
9.504410000000000028e-04 -3.304779999999999892e-04
3.578510000000000133e-04 -9.670020000000000091e-04
-1.919310000000000026e-04 -1.554749999999999925e-03
-5.755719999999999977e-04 -1.853330000000000038e-03
-7.256769999999999844e-04 -1.647610000000000090e-03
-6.437079999999999972e-04 -9.252999999999999940e-04
-3.955729999999999750e-04 1.215650000000000058e-04
-9.152759999999999423e-05 1.187909999999999921e-03
1.457630000000000069e-04 1.964360000000000064e-03
2.200430000000000073e-04 2.213559999999999833e-03
9.598900000000000542e-05 1.913399999999999997e-03
-1.845399999999999916e-04 1.195309999999999992e-03
-5.113379999999999618e-04 2.208889999999999920e-04
-7.413829999999999726e-04 -7.587699999999999740e-04
-7.537649999999999906e-04 -1.459989999999999986e-03
-5.011559999999999973e-04 -1.701709999999999941e-03
-3.122049999999999695e-05 -1.517319999999999953e-03
5.308589999999999533e-04 -1.036070000000000046e-03
1.024680000000000035e-03 -3.547770000000000220e-04
1.305120000000000108e-03 3.146099999999999982e-04
1.288269999999999997e-03 7.189209999999999698e-04
9.763449999999999906e-04 7.403180000000000090e-04
4.526859999999999955e-04 4.149569999999999778e-04
-1.476849999999999929e-04 -8.560910000000000676e-05
-6.787709999999999968e-04 -5.239819999999999851e-04
-1.023040000000000017e-03 -6.752900000000000482e-04
-1.120249999999999935e-03 -4.320339999999999771e-04
-9.788500000000000759e-04 1.228050000000000007e-04
-6.680930000000000289e-04 7.720140000000000119e-04
-2.932640000000000030e-04 1.243170000000000039e-03
3.991580000000000160e-05 1.296779999999999981e-03
2.599470000000000101e-04 8.942730000000000080e-04
3.483970000000000187e-04 2.302639999999999895e-04
3.372389999999999741e-04 -4.469520000000000264e-04
2.887279999999999773e-04 -9.456850000000000369e-04
2.641189999999999966e-04 -1.128880000000000074e-03
2.925019999999999855e-04 -9.730729999999999718e-04
3.563069999999999887e-04 -5.988309999999999727e-04
4.027349999999999854e-04 -1.886609999999999882e-04
3.746929999999999987e-04 1.063530000000000031e-04
2.439789999999999895e-04 2.224240000000000104e-04
2.887149999999999962e-05 1.955509999999999985e-04
-2.126410000000000127e-04 1.232650000000000065e-04
-4.092790000000000230e-04 1.012550000000000055e-04
-5.079200000000000294e-04 1.726119999999999933e-04
-4.941690000000000318e-04 3.105329999999999896e-04
-3.931970000000000235e-04 4.395170000000000001e-04
-2.526280000000000214e-04 4.773080000000000183e-04
-1.179180000000000050e-04 3.792000000000000015e-04
-1.327490000000000058e-05 1.641710000000000109e-04
6.309590000000000012e-05 -9.499039999999999773e-05
1.290399999999999978e-04 -3.099800000000000103e-04
2.010989999999999935e-04 -4.190940000000000095e-04
2.801260000000000078e-04 -4.124020000000000268e-04
3.477570000000000249e-04 -3.295179999999999984e-04
3.752450000000000165e-04 -2.320979999999999994e-04
3.393779999999999887e-04 -1.662730000000000122e-04
2.364359999999999975e-04 -1.373719999999999987e-04
8.658580000000000031e-05 -1.130790000000000061e-04
-7.350189999999999502e-05 -5.225500000000000029e-05
-2.056150000000000024e-04 6.029139999999999673e-05
-2.847090000000000146e-04 1.999919999999999920e-04
-3.063580000000000101e-04 3.192439999999999948e-04
-2.841240000000000193e-04 3.752380000000000147e-04
-2.391410000000000063e-04 3.503059999999999898e-04
-1.879179999999999989e-04 2.575909999999999940e-04
-1.350529999999999960e-04 1.311119999999999875e-04
-7.456250000000000312e-05 7.817089999999999385e-06
1.576679999999999954e-06 -8.802430000000000356e-05
9.338540000000000209e-05 -1.507640000000000087e-04
1.879089999999999927e-04 -1.886029999999999966e-04
2.626829999999999920e-04 -2.128429999999999949e-04
2.957740000000000044e-04 -2.282800000000000031e-04
2.764830000000000022e-04 -2.300749999999999952e-04
2.105560000000000081e-04 -2.080030000000000073e-04
1.171560000000000011e-04 -1.546180000000000026e-04
1.979169999999999890e-05 -7.203319999999999331e-05
-6.340159999999999958e-05 2.662599999999999884e-05
-1.248239999999999962e-04 1.215979999999999969e-04
-1.660599999999999923e-04 1.939350000000000058e-04
-1.920299999999999893e-04 2.319599999999999950e-04
-2.049510000000000101e-04 2.337859999999999873e-04
-2.019049999999999990e-04 2.054839999999999998e-04
-1.771189999999999961e-04 1.567489999999999997e-04
-1.270630000000000132e-04 9.678299999999999815e-05
-5.491809999999999856e-05 3.227729999999999673e-05
2.838700000000000113e-05 -3.220319999999999688e-05
1.072190000000000046e-04 -9.254850000000000338e-05
1.666569999999999868e-04 -1.436970000000000033e-04
1.974520000000000062e-04 -1.795520000000000048e-04
1.981739999999999901e-04 -1.943100000000000014e-04
1.739319999999999874e-04 -1.844489999999999953e-04
1.328649999999999959e-04 -1.503549999999999928e-04
8.257419999999999962e-05 -9.678389999999999335e-05
2.829560000000000061e-05 -3.197279999999999990e-05
-2.667140000000000014e-05 3.423669999999999697e-05
-7.916819999999999869e-05 9.253860000000000200e-05
-1.246040000000000017e-04 1.358590000000000015e-04
-1.568659999999999987e-04 1.601779999999999968e-04
-1.699140000000000134e-04 1.644539999999999945e-04
-1.601790000000000126e-04 1.499679999999999980e-04
-1.284040000000000127e-04 1.195469999999999991e-04
