-4.023359999999999970e-08 8.147770000000000173e-07
-2.358129999999999954e-07 2.980640000000000146e-06
-6.530580000000000500e-07 5.291689999999999813e-06
-1.311539999999999898e-06 9.355369999999999843e-06
-2.660949999999999909e-06 2.158170000000000040e-05
-5.951499999999999685e-06 4.890049999999999708e-05
-1.257079999999999999e-05 9.025690000000000655e-05
-2.242949999999999930e-05 1.292069999999999981e-04
-3.313600000000000258e-05 1.442310000000000087e-04
-4.110969999999999707e-05 1.171460000000000063e-04
-4.304380000000000283e-05 3.774040000000000207e-05
-3.655950000000000123e-05 -7.795650000000000485e-05
-2.073990000000000111e-05 -1.882780000000000022e-04
3.875839999999999639e-06 -2.548909999999999826e-04
3.652900000000000212e-05 -2.703709999999999902e-04
7.691010000000000077e-05 -2.605850000000000267e-04
1.230760000000000122e-04 -2.636749999999999988e-04
1.682149999999999878e-04 -3.025920000000000194e-04
2.004820000000000094e-04 -3.632789999999999891e-04
2.074070000000000015e-04 -3.908609999999999971e-04
1.823030000000000061e-04 -3.261569999999999877e-04
1.289739999999999886e-04 -1.597249999999999929e-04
6.058650000000000006e-05 6.364630000000000081e-05
-9.173610000000000417e-06 2.836879999999999849e-04
-7.602360000000000172e-05 4.511949999999999923e-04
-1.452640000000000105e-04 5.387480000000000263e-04
-2.213139999999999888e-04 5.547689999999999870e-04
-2.976899999999999772e-04 5.397299999999999841e-04
-3.569800000000000143e-04 5.368449999999999871e-04
-3.797469999999999947e-04 5.625460000000000313e-04
-3.544570000000000251e-04 5.880199999999999707e-04
-2.815890000000000038e-04 5.407349999999999787e-04
-1.720710000000000132e-04 3.589770000000000157e-04
-4.440320000000000204e-05 5.115459999999999978e-05
8.042699999999999416e-05 -3.203220000000000004e-04
1.885599999999999971e-04 -6.746430000000000525e-04
2.801069999999999797e-04 -9.318570000000000195e-04
3.640170000000000081e-04 -1.043410000000000041e-03
4.442299999999999938e-04 -1.015360000000000091e-03
5.097650000000000228e-04 -8.980330000000000127e-04
5.372270000000000387e-04 -7.538010000000000153e-04
5.032520000000000396e-04 -6.177879999999999743e-04
3.977079999999999808e-04 -4.806659999999999817e-04
2.306300000000000060e-04 -3.102679999999999913e-04
3.026799999999999887e-05 -7.380409999999999358e-05
-1.671080000000000135e-04 2.365629999999999914e-04
-3.304110000000000185e-04 5.789050000000000012e-04
-4.429500000000000061e-04 8.749269999999999530e-04
-5.044739999999999815e-04 1.057229999999999932e-03
-5.266599999999999754e-04 1.111049999999999928e-03
-5.234690000000000393e-04 1.065490000000000100e-03
-4.995410000000000475e-04 9.510060000000000084e-04
-4.446159999999999999e-04 7.750440000000000150e-04
-3.412189999999999733e-04 5.249570000000000495e-04
-1.824039999999999971e-04 2.046290000000000088e-04
1.467819999999999950e-05 -1.493199999999999866e-04
2.144079999999999977e-04 -5.110509999999999966e-04
3.842799999999999732e-04 -8.620900000000000351e-04
5.098719999999999728e-04 -1.150069999999999999e-03
5.907080000000000100e-04 -1.313149999999999908e-03
6.279150000000000486e-04 -1.306890000000000005e-03
6.181830000000000137e-04 -1.123690000000000105e-03
5.574549999999999948e-04 -8.237290000000000410e-04
4.467229999999999986e-04 -4.976909999999999754e-04
2.914200000000000254e-04 -2.027239999999999923e-04
9.731600000000000135e-05 6.688739999999999931e-05
-1.273629999999999934e-04 3.555160000000000026e-04
-3.624580000000000185e-04 6.843510000000000348e-04
-5.713660000000000180e-04 1.023950000000000034e-03
-7.131429999999999584e-04 1.309859999999999931e-03
-7.645220000000000097e-04 1.470320000000000004e-03
-7.313699999999999585e-04 1.451470000000000060e-03
-6.384220000000000346e-04 1.235200000000000100e-03
-5.076180000000000449e-04 8.454460000000000230e-04
-3.444890000000000148e-04 3.327860000000000085e-04
-1.420770000000000019e-04 -2.385950000000000017e-04
1.028850000000000017e-04 -7.835750000000000050e-04
3.751590000000000176e-04 -1.213380000000000014e-03
6.396960000000000363e-04 -1.477199999999999911e-03
8.533279999999999858e-04 -1.566389999999999970e-03
9.782309999999999790e-04 -1.498329999999999974e-03
9.896860000000000379e-04 -1.304250000000000071e-03
8.798190000000000004e-04 -1.021379999999999901e-03
6.584339999999999507e-04 -6.481339999999999714e-04
3.497120000000000155e-04 -1.602110000000000014e-04
-1.045800000000000050e-05 3.993870000000000167e-04
-3.767379999999999969e-04 9.533760000000000281e-04
-7.031910000000000374e-04 1.423100000000000059e-03
-9.546840000000000230e-04 1.735390000000000066e-03
-1.110660000000000076e-03 1.851489999999999907e-03
-1.159560000000000018e-03 1.759869999999999967e-03
-1.090950000000000036e-03 1.455729999999999915e-03
-8.954020000000000035e-04 9.456580000000000454e-04
-5.736369999999999967e-04 2.475590000000000060e-04
-1.478729999999999986e-04 -5.711029999999999969e-04
3.313470000000000109e-04 -1.330879999999999997e-03
7.910099999999999770e-04 -1.845929999999999967e-03
1.158560000000000102e-03 -2.030469999999999931e-03
1.385519999999999894e-03 -1.909190000000000062e-03
1.451489999999999942e-03 -1.586839999999999952e-03
1.349299999999999892e-03 -1.146560000000000027e-03
1.073390000000000021e-03 -6.270759999999999572e-04
6.313059999999999896e-04 -6.510750000000000641e-05
6.566489999999999534e-05 5.387449999999999791e-04
-5.435359999999999541e-04 1.193870000000000087e-03
-1.099010000000000091e-03 1.812250000000000059e-03
-1.510709999999999961e-03 2.232249999999999859e-03
-1.713869999999999933e-03 2.280589999999999874e-03
-1.679240000000000030e-03 1.871980000000000085e-03
-1.417209999999999911e-03 1.098400000000000027e-03
-9.700289999999999651e-04 1.299240000000000117e-04
-3.930399999999999909e-04 -8.199839999999999473e-04
2.558460000000000031e-04 -1.534409999999999941e-03
9.106579999999999536e-04 -1.909010000000000047e-03
1.490229999999999940e-03 -1.980809999999999949e-03
1.903479999999999929e-03 -1.882360000000000023e-03
2.066450000000000058e-03 -1.703440000000000076e-03
1.921739999999999907e-03 -1.395799999999999992e-03
1.459000000000000010e-03 -8.568140000000000131e-04
7.357750000000000358e-04 -7.176759999999999368e-05
-1.205539999999999981e-04 8.626070000000000439e-04
-9.487379999999999685e-04 1.762939999999999950e-03
-1.609420000000000078e-03 2.391369999999999867e-03
-2.020070000000000112e-03 2.533950000000000091e-03
-2.151210000000000188e-03 2.110170000000000188e-03
-2.004119999999999860e-03 1.261659999999999952e-03
-1.597109999999999893e-03 2.860480000000000097e-04
-9.647300000000000146e-04 -5.425719999999999545e-04
-1.628839999999999943e-04 -1.097670000000000026e-03
7.215290000000000505e-04 -1.397140000000000057e-03
1.561469999999999915e-03 -1.536360000000000069e-03
2.199249999999999816e-03 -1.607850000000000078e-03
2.485470000000000040e-03 -1.599039999999999923e-03
2.332949999999999868e-03 -1.389080000000000002e-03
1.758000000000000014e-03 -8.857220000000000284e-04
8.843759999999999772e-04 -1.157970000000000028e-04
-9.916980000000000044e-05 7.668840000000000118e-04
-1.005199999999999930e-03 1.501230000000000099e-03
-1.697829999999999999e-03 1.831079999999999904e-03
-2.106680000000000098e-03 1.664179999999999913e-03
-2.213140000000000159e-03 1.148860000000000029e-03
-2.027189999999999895e-03 5.629829999999999730e-04
-1.567620000000000038e-03 9.829200000000000014e-05
-8.610809999999999775e-04 -2.154389999999999951e-04
2.999550000000000106e-05 -4.283140000000000059e-04
9.727149999999999729e-04 -5.867070000000000054e-04
1.771009999999999945e-03 -7.306489999999999903e-04
2.232440000000000032e-03 -8.675319999999999603e-04
2.250199999999999943e-03 -9.283390000000000305e-04
1.841469999999999999e-03 -8.184909999999999668e-04
1.127449999999999893e-03 -5.118030000000000192e-04
2.827509999999999767e-04 -1.249490000000000127e-04
-5.167420000000000476e-04 1.653690000000000086e-04
-1.137690000000000012e-03 2.778230000000000131e-04
-1.514750000000000037e-03 2.656739999999999774e-04
-1.643280000000000001e-03 2.619680000000000099e-04
-1.545149999999999909e-03 3.669139999999999771e-04
-1.240100000000000056e-03 5.789260000000000066e-04
-7.525280000000000294e-04 8.227240000000000464e-04
-1.433619999999999871e-04 9.649710000000000145e-04
4.759100000000000157e-04 8.595610000000000056e-04
9.685269999999999513e-04 5.000659999999999654e-04
1.220050000000000084e-03 3.621950000000000110e-05
1.184439999999999929e-03 -3.776729999999999736e-04
9.090329999999999548e-04 -7.088549999999999886e-04
5.172809999999999691e-04 -9.936800000000000407e-04
1.461180000000000128e-04 -1.207769999999999937e-03
-1.212310000000000053e-04 -1.284600000000000108e-03
-2.742569999999999730e-04 -1.160779999999999928e-03
-3.420119999999999909e-04 -8.130319999999999908e-04
-3.520160000000000259e-04 -2.585290000000000179e-04
-3.208749999999999797e-04 4.707329999999999804e-04
-2.671649999999999806e-04 1.225560000000000104e-03
-2.135349999999999943e-04 1.747319999999999906e-03
-1.781370000000000056e-04 1.859250000000000009e-03
-1.725719999999999869e-04 1.534109999999999988e-03
-1.994060000000000082e-04 8.347229999999999971e-04
-2.416639999999999956e-04 -6.016040000000000087e-05
-2.591140000000000131e-04 -8.860940000000000309e-04
-2.010210000000000122e-04 -1.451480000000000001e-03
-3.114689999999999820e-05 -1.666429999999999995e-03
2.443810000000000036e-04 -1.532450000000000088e-03
5.646610000000000474e-04 -1.139320000000000090e-03
8.283630000000000377e-04 -5.592909999999999549e-04
9.296859999999999890e-04 1.495749999999999901e-04
8.067880000000000147e-04 8.124680000000000010e-04
4.776439999999999961e-04 1.214330000000000010e-03
3.077390000000000025e-05 1.236340000000000052e-03
-4.222610000000000014e-04 8.943920000000000385e-04
-7.883869999999999854e-04 3.012590000000000103e-04
-1.001069999999999955e-03 -3.922409999999999872e-04
-1.016680000000000058e-03 -9.275029999999999863e-04
-8.256259999999999858e-04 -1.063120000000000081e-03
-4.635129999999999784e-04 -7.624269999999999832e-04
-3.812810000000000007e-06 -1.815370000000000070e-04
4.583230000000000095e-04 4.364579999999999740e-04
8.203410000000000389e-04 8.615079999999999787e-04
9.924569999999999746e-04 9.266899999999999790e-04
9.262609999999999464e-04 6.455389999999999870e-04
6.392859999999999775e-04 1.386020000000000123e-04
2.222690000000000093e-04 -4.789309999999999856e-04
-1.888670000000000062e-04 -1.019539999999999986e-03
-4.737130000000000095e-04 -1.272609999999999974e-03
-5.776719999999999945e-04 -1.130939999999999983e-03
-5.146089999999999649e-04 -6.793549999999999763e-04
-3.382060000000000209e-04 -5.945519999999999955e-05
-1.220899999999999915e-04 6.415420000000000454e-04
5.615149999999999932e-05 1.219430000000000080e-03
1.459440000000000108e-04 1.432749999999999996e-03
1.445130000000000036e-04 1.194069999999999984e-03
8.434360000000000338e-05 5.821479999999999971e-04
5.678420000000000260e-06 -1.956259999999999867e-04
-5.863060000000000071e-05 -8.814889999999999488e-04
-8.349399999999999715e-05 -1.240039999999999979e-03
-5.246459999999999909e-05 -1.154499999999999927e-03
3.466759999999999991e-05 -6.949690000000000338e-04
1.541050000000000026e-04 -6.186219999999999870e-05
2.603269999999999760e-04 4.893049999999999917e-04
3.044370000000000127e-04 7.305200000000000192e-04
2.571949999999999931e-04 6.184549999999999596e-04
1.198439999999999998e-04 3.106149999999999797e-04
-7.419230000000000453e-05 -1.433839999999999980e-05
-2.624910000000000047e-04 -2.397619999999999992e-04
-3.754650000000000110e-04 -2.794529999999999822e-04
-3.744970000000000026e-04 -1.269590000000000020e-04
-2.736530000000000039e-04 1.118740000000000066e-04
-1.254519999999999908e-04 2.967789999999999990e-04
1.283440000000000031e-05 3.342549999999999905e-04
1.057110000000000048e-04 2.116829999999999992e-04
1.471189999999999987e-04 -8.766320000000000798e-06
1.532249999999999975e-04 -2.296389999999999879e-04
1.486659999999999891e-04 -3.656260000000000261e-04
1.518740000000000031e-04 -3.758909999999999964e-04
1.643620000000000096e-04 -2.750070000000000184e-04
1.698709999999999869e-04 -1.195800000000000037e-04
1.455919999999999979e-04 2.039700000000000139e-05
7.914810000000000205e-05 9.629459999999999788e-05
-2.061310000000000090e-05 1.044019999999999942e-04
-1.264960000000000032e-04 7.983089999999999490e-05
-2.064299999999999870e-04 6.749620000000000608e-05
-2.380919999999999966e-04 9.261260000000000163e-05
-2.169980000000000118e-04 1.464829999999999865e-04
-1.558230000000000021e-04 1.926139999999999959e-04
-7.702990000000000596e-05 1.893839999999999879e-04
-2.864650000000000178e-06 1.173740000000000048e-04
5.284169999999999926e-05 -5.259220000000000106e-06
8.778049999999999753e-05 -1.309139999999999870e-04
1.083949999999999947e-04 -2.100790000000000057e-04
1.232940000000000023e-04 -2.207420000000000085e-04
1.364740000000000083e-04 -1.772040000000000063e-04
1.437149999999999886e-04 -1.129129999999999945e-04
1.343379999999999867e-04 -5.749060000000000146e-05
9.830839999999999544e-05 -2.305770000000000118e-05
3.489970000000000062e-05 -2.788130000000000019e-06
-4.325749999999999707e-05 1.931030000000000043e-05
-1.144440000000000041e-04 5.452299999999999958e-05
-1.581859999999999928e-04 1.003249999999999991e-04
-1.649819999999999867e-04 1.413359999999999899e-04
-1.395000000000000027e-04 1.588229999999999937e-04
-9.605210000000000148e-05 1.419279999999999869e-04
-5.002559999999999754e-05 9.354189999999999966e-05
-1.066089999999999986e-05 2.813330000000000049e-05
2.111759999999999920e-05 -3.590470000000000201e-05
4.949799999999999941e-05 -8.427099999999999327e-05
7.792959999999999330e-05 -1.110179999999999999e-04
1.045840000000000002e-04 -1.179350000000000016e-04
1.220169999999999941e-04 -1.106750000000000068e-04
1.211860000000000015e-04 -9.448330000000000389e-05
9.719960000000000362e-05 -7.187220000000000620e-05
5.309340000000000229e-05 -4.305699999999999789e-05
-6.918020000000000427e-07 -8.219310000000000084e-06
-5.073840000000000197e-05 3.024009999999999868e-05
-8.625590000000000199e-05 6.703060000000000160e-05
-1.027339999999999959e-04 9.527359999999999529e-05
-1.020200000000000024e-04 1.089420000000000015e-04
-8.943390000000000443e-05 1.050680000000000044e-04
-7.009530000000000632e-05 8.468759999999999873e-05
-4.668310000000000032e-05 5.229850000000000080e-05
-1.963510000000000111e-05 1.430000000000000031e-05
1.084340000000000023e-05 -2.279909999999999996e-05
4.263240000000000199e-05 -5.375430000000000133e-05
7.099590000000000241e-05 -7.522270000000000063e-05
8.985990000000000340e-05 -8.571469999999999437e-05
9.431579999999999576e-05 -8.515400000000000497e-05
8.286769999999999943e-05 -7.440580000000000512e-05
5.817189999999999780e-05 -5.501300000000000336e-05
2.595879999999999954e-05 -2.917960000000000096e-05
-7.154420000000000189e-06 1.497019999999999994e-07
-3.576230000000000148e-05 2.933380000000000026e-05
-5.673519999999999849e-05 5.436910000000000093e-05
