-3.870160000000000292e-08 8.185449999999999489e-07
-2.295069999999999917e-07 3.001819999999999916e-06
-6.461300000000000292e-07 5.347140000000000274e-06
-1.318859999999999939e-06 9.461280000000000663e-06
-2.686139999999999832e-06 2.179510000000000076e-05
-5.978980000000000140e-06 4.938289999999999775e-05
-1.263430000000000031e-05 9.126279999999999636e-05
-2.272700000000000111e-05 1.309369999999999968e-04
-3.402999999999999775e-05 1.466539999999999955e-04
-4.291370000000000216e-05 1.199390000000000048e-04
-4.574599999999999874e-05 4.033280000000000117e-05
-3.969370000000000249e-05 -7.629439999999999920e-05
-2.344579999999999836e-05 -1.882169999999999904e-04
2.603960000000000138e-06 -2.567609999999999901e-04
3.743299999999999888e-05 -2.740929999999999929e-04
8.012369999999999996e-05 -2.659030000000000052e-04
1.281689999999999989e-04 -2.704399999999999925e-04
1.746229999999999983e-04 -3.108280000000000266e-04
2.079249999999999989e-04 -3.729939999999999731e-04
2.158949999999999921e-04 -4.017369999999999925e-04
1.917239999999999960e-04 -3.372389999999999741e-04
1.385729999999999894e-04 -1.693999999999999976e-04
6.876720000000000120e-05 5.724259999999999977e-05
-4.369270000000000266e-06 2.821130000000000144e-04
-7.603319999999999567e-05 4.553240000000000065e-04
-1.504859999999999954e-04 5.485400000000000302e-04
-2.312980000000000071e-04 5.691970000000000189e-04
-3.115689999999999844e-04 5.571659999999999981e-04
-3.736170000000000246e-04 5.558580000000000031e-04
-3.977310000000000177e-04 5.824219999999999745e-04
-3.722980000000000191e-04 6.083920000000000257e-04
-2.980659999999999885e-04 5.605620000000000177e-04
-1.862439999999999875e-04 3.758680000000000137e-04
-5.506730000000000045e-05 6.189839999999999676e-05
7.515409999999999929e-05 -3.184169999999999839e-04
1.906909999999999942e-04 -6.828370000000000490e-04
2.906429999999999886e-04 -9.499110000000000062e-04
3.824030000000000181e-04 -1.069770000000000052e-03
4.688059999999999970e-04 -1.047350000000000060e-03
5.384300000000000067e-04 -9.322840000000000207e-04
5.676109999999999836e-04 -7.872340000000000457e-04
5.326019999999999669e-04 -6.482150000000000542e-04
4.230780000000000174e-04 -5.065220000000000269e-04
2.493929999999999888e-04 -3.297859999999999897e-04
4.048559999999999740e-05 -8.463599999999999401e-05
-1.666410000000000059e-04 2.368229999999999923e-04
-3.401860000000000257e-04 5.916930000000000149e-04
-4.626030000000000159e-04 8.998460000000000443e-04
-5.325049999999999575e-04 1.091869999999999993e-03
-5.603189999999999863e-04 1.151609999999999960e-03
-5.591380000000000395e-04 1.107789999999999990e-03
-5.336359999999999845e-04 9.912070000000000256e-04
-4.744409999999999795e-04 8.098260000000000354e-04
-3.650200000000000254e-04 5.514670000000000379e-04
-1.986330000000000073e-04 2.205730000000000039e-04
7.998830000000000799e-06 -1.454340000000000038e-04
2.192060000000000015e-04 -5.199529999999999734e-04
4.011299999999999762e-04 -8.840329999999999976e-04
5.373669999999999662e-04 -1.184520000000000104e-03
6.262000000000000422e-04 -1.357729999999999918e-03
6.684819999999999738e-04 -1.356819999999999901e-03
6.606329999999999885e-04 -1.172890000000000000e-03
5.977260000000000299e-04 -8.667020000000000106e-04
4.800089999999999912e-04 -5.307859999999999965e-04
3.135069999999999784e-04 -2.238960000000000125e-04
1.060519999999999936e-04 5.907280000000000132e-05
-1.319389999999999983e-04 3.622629999999999839e-04
-3.793350000000000129e-04 7.060010000000000461e-04
-5.996009999999999535e-04 1.059229999999999981e-03
-7.514769999999999610e-04 1.355960000000000021e-03
-8.101750000000000011e-04 1.523529999999999936e-03
-7.797140000000000364e-04 1.507370000000000064e-03
-6.841409999999999809e-04 1.288379999999999994e-03
-5.461910000000000159e-04 8.895780000000000267e-04
-3.726329999999999812e-04 3.619510000000000045e-04
-1.572330000000000038e-04 -2.282349999999999993e-04
1.029449999999999978e-04 -7.930380000000000328e-04
3.919360000000000096e-04 -1.241340000000000065e-03
6.730459999999999525e-04 -1.520899999999999943e-03
9.008139999999999984e-04 -1.622240000000000053e-03
1.035289999999999908e-03 -1.561719999999999949e-03
1.050390000000000004e-03 -1.369250000000000024e-03
9.376389999999999855e-04 -1.081209999999999984e-03
7.068439999999999836e-04 -6.961790000000000036e-04
3.829889999999999749e-04 -1.908029999999999958e-04
3.504889999999999828e-06 3.904550000000000013e-04
-3.843729999999999738e-04 9.681779999999999857e-04
-7.325559999999999841e-04 1.461080000000000018e-03
-1.003449999999999915e-03 1.793340000000000038e-03
-1.174059999999999991e-03 1.923870000000000051e-03
-1.231059999999999967e-03 1.839270000000000054e-03
-1.163229999999999906e-03 1.533429999999999906e-03
-9.610530000000000158e-04 1.012560000000000023e-03
-6.254960000000000164e-04 2.952739999999999922e-04
-1.792689999999999941e-04 -5.492900000000000213e-04
3.260590000000000168e-04 -1.338949999999999993e-03
8.153659999999999857e-04 -1.884019999999999922e-03
1.212250000000000003e-03 -2.094599999999999847e-03
1.463050000000000028e-03 -1.992139999999999883e-03
1.542750000000000067e-03 -1.679219999999999931e-03
1.442169999999999997e-03 -1.237739999999999977e-03
1.156509999999999917e-03 -7.060169999999999727e-04
6.951579999999999739e-04 -1.219759999999999990e-04
1.023790000000000035e-04 5.109210000000000097e-04
-5.396420000000000080e-04 1.198990000000000038e-03
-1.130069999999999946e-03 1.851699999999999961e-03
-1.574569999999999963e-03 2.304259999999999815e-03
-1.804470000000000076e-03 2.378379999999999817e-03
-1.787020000000000058e-03 1.982960000000000191e-03
-1.529039999999999956e-03 1.206349999999999914e-03
-1.070079999999999946e-03 2.188869999999999932e-04
-4.657010000000000056e-04 -7.626240000000000492e-04
2.222299999999999916e-04 -1.516310000000000097e-03
9.215059999999999961e-04 -1.932099999999999963e-03
1.544360000000000047e-03 -2.041460000000000150e-03
1.993829999999999821e-03 -1.972910000000000028e-03
2.181370000000000184e-03 -1.813989999999999917e-03
2.046989999999999834e-03 -1.514689999999999960e-03
1.579619999999999896e-03 -9.701210000000000042e-04
8.368909999999999804e-04 -1.639269999999999909e-04
-5.337649999999999963e-05 8.061179999999999821e-04
-9.274970000000000003e-04 1.752419999999999976e-03
-1.640130000000000060e-03 2.430680000000000167e-03
-2.100180000000000102e-03 2.618979999999999919e-03
-2.269909999999999983e-03 2.228389999999999798e-03
-2.144529999999999961e-03 1.394030000000000095e-03
-1.738769999999999942e-03 4.119929999999999838e-04
-1.086539999999999988e-03 -4.399869999999999736e-04
-2.470069999999999883e-04 -1.029650000000000010e-03
6.862059999999999688e-04 -1.370090000000000023e-03
1.578339999999999908e-03 -1.553130000000000005e-03
2.265230000000000021e-03 -1.667499999999999928e-03
2.592380000000000032e-03 -1.695880000000000087e-03
2.467819999999999910e-03 -1.511900000000000049e-03
1.903050000000000097e-03 -1.018180000000000040e-03
1.018360000000000055e-03 -2.382920000000000014e-04
2.586539999999999972e-06 6.738669999999999773e-04
-9.520299999999999770e-04 1.452970000000000043e-03
-1.701169999999999896e-03 1.834590000000000092e-03
-2.164650000000000168e-03 1.716139999999999896e-03
-2.314759999999999908e-03 1.237430000000000084e-03
-2.154749999999999981e-03 6.725950000000000071e-04
-1.700810000000000082e-03 2.138259999999999955e-04
-9.814610000000000955e-04 -1.073800000000000053e-04
-6.336540000000000152e-05 -3.397709999999999966e-04
9.168040000000000130e-04 -5.279119999999999559e-04
1.759740000000000089e-03 -7.087830000000000475e-04
2.267930000000000033e-03 -8.860050000000000391e-04
2.326939999999999998e-03 -9.861029999999998928e-04
1.946409999999999980e-03 -9.084390000000000347e-04
1.243270000000000096e-03 -6.198640000000000269e-04
3.916340000000000251e-04 -2.327739999999999909e-04
-4.304259999999999749e-04 7.451069999999999796e-05
-1.084899999999999970e-03 2.143470000000000130e-04
-1.499330000000000107e-03 2.335039999999999924e-04
-1.661600000000000056e-03 2.613019999999999861e-04
-1.589249999999999951e-03 3.961850000000000159e-04
-1.302079999999999948e-03 6.346659999999999845e-04
-8.262400000000000039e-04 8.990530000000000266e-04
-2.226890000000000087e-04 1.053909999999999916e-03
3.989560000000000068e-04 9.512589999999999804e-04
9.032169999999999956e-04 5.827900000000000224e-04
1.174679999999999995e-03 9.792280000000000374e-05
1.164209999999999941e-03 -3.459879999999999813e-04
9.147670000000000324e-04 -7.106350000000000427e-04
5.456280000000000418e-04 -1.027090000000000034e-03
1.917149999999999898e-04 -1.267380000000000026e-03
-6.286299999999999766e-05 -1.362689999999999952e-03
-2.060820000000000100e-04 -1.248420000000000085e-03
-2.677620000000000022e-04 -9.011660000000000113e-04
-2.785749999999999815e-04 -3.381349999999999872e-04
-2.579179999999999928e-04 4.096319999999999974e-04
-2.247790000000000107e-04 1.193840000000000049e-03
-2.003840000000000113e-04 1.753299999999999954e-03
-2.001440000000000001e-04 1.904040000000000073e-03
-2.305650000000000126e-04 1.610380000000000015e-03
-2.868430000000000047e-04 9.295780000000000232e-04
-3.451770000000000055e-04 3.846710000000000309e-05
-3.619440000000000027e-04 -7.978300000000000235e-04
-2.870090000000000163e-04 -1.385420000000000054e-03
-8.730219999999999907e-05 -1.631010000000000012e-03
2.269019999999999902e-04 -1.531849999999999965e-03
5.899240000000000256e-04 -1.173229999999999933e-03
8.945729999999999611e-04 -6.231290000000000440e-04
1.028239999999999927e-03 6.458260000000000064e-05
9.222749999999999612e-04 7.186949999999999892e-04
5.896270000000000113e-04 1.125670000000000056e-03
1.183329999999999934e-04 1.165610000000000084e-03
-3.744519999999999988e-04 8.514129999999999745e-04
-7.859940000000000372e-04 2.912570000000000068e-04
-1.040300000000000079e-03 -3.702609999999999842e-04
-1.087029999999999897e-03 -8.804789999999999839e-04
-9.124279999999999587e-04 -1.000489999999999930e-03
-5.506289999999999622e-04 -6.924470000000000061e-04
-7.746250000000000585e-05 -1.109220000000000063e-04
4.063620000000000101e-04 5.006919999999999557e-04
7.925970000000000281e-04 9.114799999999999942e-04
9.879970000000000072e-04 9.552820000000000061e-04
9.425689999999999806e-04 6.484849999999999686e-04
6.724819999999999626e-04 1.155300000000000001e-04
2.666090000000000083e-04 -5.248889999999999546e-04
-1.401499999999999914e-04 -1.082480000000000031e-03
-4.258630000000000119e-04 -1.343900000000000086e-03
-5.328750000000000370e-04 -1.199870000000000016e-03
-4.737349999999999764e-04 -7.359279999999999511e-04
-3.037590000000000168e-04 -9.734200000000000415e-05
-9.852289999999999822e-05 6.252599999999999868e-04
6.434679999999999859e-05 1.226480000000000061e-03
1.351989999999999908e-04 1.463380000000000019e-03
1.124139999999999981e-04 1.244660000000000081e-03
3.146120000000000297e-05 6.446310000000000017e-04
-6.181779999999999621e-05 -1.313150000000000124e-04
-1.289209999999999944e-04 -8.246770000000000055e-04
-1.427129999999999870e-04 -1.198059999999999924e-03
-8.936550000000000353e-05 -1.132210000000000031e-03
2.594430000000000163e-05 -6.941109999999999685e-04
1.737219999999999878e-04 -8.079330000000000452e-05
3.036790000000000041e-04 4.547229999999999762e-04
3.632870000000000066e-04 6.850699999999999715e-04
3.212770000000000209e-04 5.664710000000000318e-04
1.792829999999999977e-04 2.569420000000000211e-04
-2.699950000000000128e-05 -6.300359999999999424e-05
-2.327899999999999989e-04 -2.757050000000000039e-04
-3.665569999999999939e-04 -2.963260000000000221e-04
-3.870190000000000023e-04 -1.214069999999999982e-04
-3.046899999999999847e-04 1.396109999999999886e-04
-1.692719999999999880e-04 3.423810000000000004e-04
-3.711020000000000258e-05 3.895519999999999864e-04
5.594630000000000338e-05 2.666370000000000155e-04
1.033519999999999957e-04 3.699570000000000224e-05
1.207610000000000047e-04 -1.986230000000000124e-04
1.315800000000000108e-04 -3.515880000000000090e-04
1.521190000000000118e-04 -3.788810000000000203e-04
1.815540000000000036e-04 -2.936929999999999814e-04
2.016599999999999903e-04 -1.512879999999999921e-04
1.879340000000000069e-04 -2.028110000000000137e-05
1.263410000000000021e-04 5.166029999999999732e-05
2.453239999999999910e-05 6.120820000000000123e-05
-9.016609999999999718e-05 4.348890000000000302e-05
-1.839450000000000015e-04 4.304539999999999956e-05
-2.318409999999999915e-04 8.388660000000000420e-05
-2.268469999999999916e-04 1.549990000000000113e-04
-1.797179999999999893e-04 2.169200000000000034e-04
-1.114720000000000061e-04 2.253629999999999902e-04
-4.321209999999999917e-05 1.592789999999999907e-04
1.197029999999999955e-05 3.637800000000000305e-05
5.183389999999999851e-05 -9.522909999999999936e-05
8.210879999999999557e-05 -1.848230000000000023e-04
1.100240000000000023e-04 -2.087160000000000122e-04
1.377580000000000048e-04 -1.793390000000000121e-04
1.590990000000000026e-04 -1.283749999999999898e-04
1.614770000000000127e-04 -8.394390000000000109e-05
1.332999999999999875e-04 -5.698350000000000084e-05
7.280070000000000248e-05 -3.982219999999999966e-05
-7.748600000000000656e-06 -1.601330000000000133e-05
-8.619330000000000025e-05 2.568000000000000146e-05
-1.408670000000000050e-04 8.202429999999999324e-05
-1.605719999999999934e-04 1.361810000000000028e-04
-1.481149999999999871e-04 1.673629999999999899e-04
-1.160810000000000021e-04 1.625080000000000101e-04
-7.844649999999999508e-05 1.227149999999999931e-04
-4.347789999999999923e-05 6.144489999999999848e-05
-1.166359999999999959e-05 -3.093850000000000033e-06
2.103990000000000162e-05 -5.616860000000000293e-05
5.741630000000000117e-05 -9.100999999999999769e-05
9.457019999999999793e-05 -1.083219999999999973e-04
1.237009999999999867e-04 -1.124730000000000055e-04
1.342150000000000016e-04 -1.072909999999999999e-04
1.196280000000000005e-04 -9.387300000000000060e-05
8.160870000000000353e-05 -7.118910000000000591e-05
2.974599999999999946e-05 -3.854360000000000143e-05
-2.268729999999999876e-05 1.984489999999999951e-06
-6.435009999999999905e-05 4.475649999999999746e-05
-8.967009999999999380e-05 8.191369999999999468e-05
-9.916600000000000566e-05 1.060219999999999956e-04
-9.678170000000000208e-05 1.125789999999999940e-04
-8.636469999999999661e-05 1.012249999999999939e-04
-6.953190000000000423e-05 7.536550000000000204e-05
-4.594870000000000275e-05 4.067819999999999959e-05
-1.540700000000000004e-05 3.346960000000000054e-06
1.996199999999999963e-05 -3.128750000000000156e-05
5.494289999999999873e-05 -5.935639999999999975e-05
8.252959999999999669e-05 -7.845249999999999468e-05
9.654119999999999651e-05 -8.729940000000000649e-05
9.408130000000000334e-05 -8.544909999999999474e-05
7.653359999999999515e-05 -7.322019999999999397e-05
4.870210000000000251e-05 -5.187059999999999767e-05
1.674270000000000150e-05 -2.381440000000000022e-05
-1.392709999999999918e-05 7.365179999999999675e-06
-3.975999999999999879e-05 3.727569999999999956e-05
