-1.803810000000000123e-08 8.575450000000000202e-07
-1.246909999999999881e-07 3.231759999999999870e-06
-4.309650000000000213e-07 5.985520000000000250e-06
-1.078810000000000010e-06 1.073019999999999935e-05
-2.405580000000000184e-06 2.430979999999999890e-05
-5.261549999999999624e-06 5.492349999999999685e-05
-1.113679999999999983e-05 1.029209999999999994e-04
-2.163179999999999845e-05 1.515940000000000126e-04
-3.727430000000000326e-05 1.764500000000000064e-04
-5.623709999999999728e-05 1.548149999999999873e-04
-7.349020000000000324e-05 7.255680000000000300e-05
-8.109419999999999346e-05 -5.595629999999999821e-05
-7.033740000000000185e-05 -1.870999999999999942e-04
-3.526069999999999937e-05 -2.773270000000000097e-04
2.412380000000000102e-05 -3.141430000000000177e-04
1.006060000000000054e-04 -3.224459999999999956e-04
1.812299999999999979e-04 -3.438170000000000050e-04
2.509790000000000241e-04 -4.050459999999999976e-04
2.972890000000000059e-04 -4.915149999999999858e-04
3.132720000000000188e-04 -5.413279999999999915e-04
2.980500000000000076e-04 -4.839619999999999990e-04
2.545000000000000062e-04 -3.005870000000000005e-04
1.860750000000000099e-04 -3.488569999999999703e-05
9.433330000000000025e-05 2.455909999999999734e-04
-2.117360000000000002e-05 4.817819999999999893e-04
-1.594009999999999871e-04 6.382789999999999514e-04
-3.120309999999999946e-04 7.173190000000000078e-04
-4.598010000000000248e-04 7.545159999999999974e-04
-5.751019999999999700e-04 7.910909999999999513e-04
-6.312200000000000449e-04 8.447489999999999990e-04
-6.136489999999999653e-04 8.873629999999999539e-04
-5.262799999999999553e-04 8.404449999999999942e-04
-3.880670000000000235e-04 6.286970000000000015e-04
-2.224709999999999915e-04 2.484860000000000194e-04
-4.628349999999999825e-05 -2.366190000000000058e-04
1.358610000000000058e-04 -7.299189999999999888e-04
3.278409999999999940e-04 -1.129309999999999906e-03
5.309099999999999974e-04 -1.366390000000000096e-03
7.320300000000000504e-04 -1.433479999999999997e-03
8.998390000000000425e-04 -1.374009999999999945e-03
9.923200000000000943e-04 -1.249960000000000047e-03
9.732119999999999920e-04 -1.099960000000000087e-03
8.287140000000000348e-04 -9.171920000000000506e-04
5.755120000000000288e-04 -6.676740000000000452e-04
2.556990000000000196e-04 -3.146140000000000069e-04
-7.897699999999999957e-05 1.500109999999999974e-04
-3.850920000000000189e-04 6.746989999999999585e-04
-6.382199999999999982e-04 1.159810000000000051e-03
-8.318600000000000213e-04 1.509820000000000042e-03
-9.676549999999999908e-04 1.685670000000000007e-03
-1.044309999999999900e-03 1.704879999999999981e-03
-1.052009999999999924e-03 1.598260000000000002e-03
-9.751710000000000456e-04 1.377339999999999901e-03
-8.018219999999999948e-04 1.031210000000000069e-03
-5.343350000000000400e-04 5.656049999999999489e-04
-1.955209999999999869e-04 2.619270000000000081e-05
1.747100000000000129e-04 -5.443369999999999893e-04
5.316239999999999638e-04 -1.110260000000000066e-03
8.390729999999999673e-04 -1.604270000000000088e-03
1.075339999999999933e-03 -1.945530000000000002e-03
1.229159999999999975e-03 -2.063249999999999980e-03
1.290689999999999936e-03 -1.924539999999999975e-03
1.246029999999999967e-03 -1.579649999999999934e-03
1.081160000000000064e-03 -1.131660000000000044e-03
7.927159999999999502e-04 -6.629780000000000482e-04
3.982209999999999808e-04 -1.886350000000000125e-04
-6.154599999999999654e-05 3.273129999999999746e-04
-5.295360000000000475e-04 9.009950000000000294e-04
-9.455690000000000536e-04 1.487040000000000020e-03
-1.260410000000000003e-03 1.991670000000000072e-03
-1.445600000000000010e-03 2.311629999999999848e-03
-1.495269999999999933e-03 2.371359999999999874e-03
-1.419190000000000078e-03 2.142890000000000159e-03
-1.231330000000000098e-03 1.648029999999999981e-03
-9.408790000000000426e-04 9.418049999999999859e-04
-5.517340000000000135e-04 1.026469999999999949e-04
-7.205729999999999872e-05 -7.570479999999999658e-04
4.716839999999999922e-04 -1.510609999999999904e-03
1.026180000000000017e-03 -2.068400000000000186e-03
1.516009999999999927e-03 -2.392749999999999912e-03
1.861000000000000024e-03 -2.484140000000000133e-03
1.998039999999999972e-03 -2.363010000000000024e-03
1.897990000000000007e-03 -2.057189999999999973e-03
1.570769999999999979e-03 -1.558169999999999998e-03
1.058160000000000047e-03 -8.410530000000000263e-04
4.210899999999999951e-04 3.838310000000000186e-05
-2.713610000000000197e-04 9.708709999999999953e-04
-9.492720000000000281e-04 1.831860000000000042e-03
-1.546180000000000080e-03 2.501300000000000138e-03
-2.001929999999999855e-03 2.901939999999999988e-03
-2.265570000000000171e-03 2.993360000000000031e-03
-2.298970000000000007e-03 2.748389999999999861e-03
-2.081359999999999981e-03 2.157669999999999987e-03
-1.614739999999999925e-03 1.234730000000000072e-03
-9.287990000000000091e-04 6.069540000000000167e-05
-8.465519999999999545e-05 -1.147390000000000085e-03
8.254970000000000146e-04 -2.143490000000000065e-03
1.687190000000000087e-03 -2.775559999999999833e-03
2.380970000000000048e-03 -3.016500000000000084e-03
2.802929999999999918e-03 -2.940390000000000191e-03
2.882029999999999835e-03 -2.610969999999999784e-03
2.590910000000000088e-03 -2.048390000000000193e-03
1.951920000000000001e-03 -1.278089999999999955e-03
1.038230000000000012e-03 -3.117020000000000186e-04
-3.401310000000000135e-05 8.250189999999999694e-04
-1.123709999999999987e-03 1.993330000000000189e-03
-2.088169999999999870e-03 2.969269999999999982e-03
-2.804950000000000065e-03 3.505859999999999966e-03
-3.185330000000000106e-03 3.440630000000000077e-03
-3.179040000000000164e-03 2.806069999999999919e-03
-2.773480000000000043e-03 1.749960000000000057e-03
-1.993490000000000106e-03 5.023710000000000458e-04
-9.068970000000000416e-04 -6.733760000000000526e-04
3.671109999999999890e-04 -1.608220000000000049e-03
1.658870000000000006e-03 -2.270449999999999812e-03
2.769139999999999796e-03 -2.733030000000000008e-03
3.509420000000000074e-03 -3.037259999999999960e-03
3.747669999999999821e-03 -3.084920000000000110e-03
3.440789999999999994e-03 -2.713709999999999820e-03
2.642830000000000092e-03 -1.856430000000000059e-03
1.487089999999999940e-03 -5.955360000000000254e-04
1.497819999999999967e-04 8.473859999999999943e-04
-1.188510000000000044e-03 2.154459999999999969e-03
-2.367390000000000033e-03 3.009050000000000093e-03
-3.252019999999999997e-03 3.222340000000000187e-03
-3.729730000000000111e-03 2.842410000000000075e-03
-3.714320000000000122e-03 2.111819999999999930e-03
-3.166570000000000062e-03 1.296779999999999981e-03
-2.123369999999999858e-03 5.465710000000000360e-04
-7.181779999999999805e-04 -1.271029999999999925e-04
8.257600000000000356e-04 -7.899590000000000171e-04
2.237139999999999875e-03 -1.493540000000000015e-03
3.263119999999999996e-03 -2.159579999999999920e-03
3.734449999999999836e-03 -2.574509999999999906e-03
3.603190000000000039e-03 -2.542829999999999830e-03
2.940139999999999941e-03 -2.007709999999999790e-03
1.897349999999999905e-03 -1.084239999999999987e-03
6.574039999999999962e-04 -4.874599999999999712e-05
-6.048989999999999966e-04 7.789719999999999544e-04
-1.736230000000000065e-03 1.213550000000000089e-03
-2.601739999999999955e-03 1.310760000000000007e-03
-3.084320000000000204e-03 1.281709999999999924e-03
-3.099150000000000169e-03 1.277120000000000078e-03
-2.622220000000000193e-03 1.290769999999999895e-03
-1.719320000000000093e-03 1.231600000000000012e-03
-5.549329999999999671e-04 1.023049999999999958e-03
6.356190000000000277e-04 6.249930000000000112e-04
1.609720000000000031e-03 6.063100000000000276e-05
2.191139999999999841e-03 -5.483410000000000411e-04
2.318390000000000034e-03 -1.034369999999999951e-03
2.045899999999999802e-03 -1.281419999999999912e-03
1.503830000000000054e-03 -1.321230000000000061e-03
8.425519999999999928e-04 -1.281510000000000028e-03
1.892730000000000020e-04 -1.239309999999999978e-03
-3.692060000000000155e-04 -1.159799999999999894e-03
-7.809650000000000012e-04 -9.258330000000000379e-04
-1.016009999999999917e-03 -4.492289999999999912e-04
-1.061450000000000024e-03 2.421240000000000013e-04
-9.299529999999999645e-04 1.021240000000000082e-03
-6.720670000000000420e-04 1.685450000000000012e-03
-3.743579999999999824e-04 2.015209999999999918e-03
-1.349619999999999997e-04 1.939359999999999999e-03
-2.600189999999999918e-05 1.568170000000000024e-03
-6.167960000000000489e-05 1.052229999999999919e-03
-1.885599999999999971e-04 4.471739999999999981e-04
-3.057159999999999847e-04 -2.509319999999999888e-04
-3.092079999999999980e-04 -9.766490000000000067e-04
-1.400870000000000023e-04 -1.603189999999999997e-03
1.896420000000000115e-04 -1.991680000000000013e-03
6.049609999999999970e-04 -2.049270000000000171e-03
1.000079999999999979e-03 -1.744660000000000091e-03
1.272789999999999989e-03 -1.077210000000000103e-03
1.345669999999999982e-03 -1.738549999999999948e-04
1.175849999999999985e-03 7.009829999999999664e-04
7.605729999999999566e-04 1.317309999999999922e-03
1.425149999999999865e-04 1.558560000000000067e-03
-5.856070000000000329e-04 1.393649999999999967e-03
-1.285120000000000056e-03 9.270230000000000180e-04
-1.795200000000000051e-03 3.785700000000000024e-04
-1.975479999999999944e-03 -7.797780000000000412e-05
-1.752880000000000063e-03 -3.544859999999999938e-04
-1.153249999999999978e-03 -4.429050000000000023e-04
-3.024400000000000113e-04 -4.089370000000000049e-04
6.057190000000000057e-04 -2.801430000000000044e-04
1.362310000000000040e-03 -4.721409999999999914e-05
1.800710000000000071e-03 1.895660000000000075e-04
1.841240000000000064e-03 2.695090000000000246e-04
1.507410000000000043e-03 9.819270000000000602e-05
9.096420000000000027e-04 -3.006470000000000236e-04
2.075830000000000080e-04 -8.124480000000000113e-04
-4.319810000000000099e-04 -1.298850000000000048e-03
-8.717339999999999854e-04 -1.533419999999999965e-03
-1.033049999999999984e-03 -1.311670000000000023e-03
-9.131249999999999827e-04 -6.267389999999999637e-04
-5.844249999999999619e-04 3.329200000000000041e-04
-1.745989999999999999e-04 1.277479999999999892e-03
1.705060000000000104e-04 1.923049999999999933e-03
3.336319999999999932e-04 2.061209999999999952e-03
2.674479999999999913e-04 1.692479999999999896e-03
1.305519999999999996e-05 9.565129999999999813e-04
-3.123019999999999789e-04 6.780909999999999592e-06
-5.570300000000000251e-04 -9.247059999999999655e-04
-5.945349999999999854e-04 -1.574490000000000004e-03
-3.755170000000000166e-04 -1.774200000000000083e-03
5.208999999999999763e-05 -1.559180000000000071e-03
5.628560000000000334e-04 -1.052460000000000071e-03
9.986829999999999926e-04 -3.424999999999999768e-04
1.220359999999999978e-03 3.638760000000000106e-04
1.151619999999999901e-03 8.126109999999999757e-04
8.013259999999999914e-04 8.795689999999999672e-04
2.571949999999999931e-04 5.917449999999999663e-04
-3.429689999999999887e-04 1.113530000000000027e-04
-8.511249999999999935e-04 -3.319050000000000147e-04
-1.148829999999999990e-03 -5.179590000000000192e-04
-1.177950000000000091e-03 -3.396539999999999976e-04
-9.543180000000000066e-04 1.260939999999999891e-04
-5.602390000000000278e-04 6.757360000000000233e-04
-1.171119999999999995e-04 1.056730000000000082e-03
2.551899999999999741e-04 1.050799999999999955e-03
4.780920000000000026e-04 6.349290000000000055e-04
5.359289999999999844e-04 7.141790000000000108e-06
4.716070000000000266e-04 -5.951469999999999720e-04
3.607160000000000206e-04 -1.001780000000000075e-03
2.743760000000000036e-04 -1.099420000000000041e-03
2.459949999999999919e-04 -8.812629999999999682e-04
2.588620000000000027e-04 -4.722169999999999818e-04
2.614059999999999973e-04 -4.822290000000000208e-05
2.008020000000000063e-04 2.504179999999999731e-04
5.588239999999999880e-05 3.671840000000000000e-04
-1.483610000000000115e-04 3.375499999999999920e-04
-3.516430000000000076e-04 2.519800000000000100e-04
-4.874699999999999932e-04 1.980349999999999971e-04
-5.141310000000000281e-04 2.158539999999999970e-04
-4.316599999999999973e-04 2.843489999999999841e-04
-2.775899999999999765e-04 3.414390000000000220e-04
-1.059020000000000035e-04 3.212690000000000034e-04
3.845499999999999689e-05 1.924429999999999869e-04
1.362199999999999934e-04 -2.046150000000000052e-05
1.945519999999999899e-04 -2.480830000000000166e-04
2.339700000000000113e-04 -4.123250000000000070e-04
2.706049999999999883e-04 -4.640240000000000011e-04
3.041659999999999742e-04 -4.035859999999999947e-04
3.178370000000000132e-04 -2.761199999999999787e-04
2.892249999999999964e-04 -1.440839999999999981e-04
2.055039999999999894e-04 -5.213260000000000295e-05
7.392499999999999440e-05 -4.908949999999999815e-06
-7.819050000000000295e-05 2.791449999999999845e-05
-2.138689999999999949e-04 8.322389999999999443e-05
-3.015849999999999933e-04 1.721980000000000071e-04
-3.271820000000000262e-04 2.697010000000000119e-04
-2.970240000000000076e-04 3.330280000000000241e-04
-2.317359999999999917e-04 3.292659999999999879e-04
-1.545700000000000058e-04 2.526490000000000268e-04
-8.079720000000000630e-05 1.261020000000000066e-04
-1.353719999999999975e-05 -1.189020000000000010e-05
5.241900000000000075e-05 -1.259520000000000030e-04
1.218610000000000044e-04 -1.975020000000000074e-04
1.913220000000000090e-04 -2.274599999999999940e-04
2.472819999999999814e-04 -2.288380000000000069e-04
2.716889999999999800e-04 -2.152959999999999932e-04
2.515460000000000070e-04 -1.927750000000000101e-04
1.867620000000000120e-04 -1.583450000000000027e-04
9.158860000000000601e-05 -1.056300000000000034e-04
-1.114899999999999947e-05 -3.248769999999999729e-05
-9.956689999999999703e-05 5.410819999999999806e-05
-1.606339999999999938e-04 1.388069999999999875e-04
-1.925080000000000075e-04 2.035270000000000048e-04
-2.009459999999999968e-04 2.346190000000000114e-04
-1.928979999999999952e-04 2.277009999999999939e-04
-1.715669999999999923e-04 1.880610000000000007e-04
-1.357599999999999877e-04 1.271429999999999989e-04
-8.327799999999999786e-05 5.753919999999999960e-05
-1.560690000000000129e-05 -1.082379999999999961e-05
5.941509999999999972e-05 -7.186659999999999392e-05
1.287749999999999995e-04 -1.222039999999999975e-04
1.786740000000000040e-04 -1.591680000000000048e-04
1.996479999999999967e-04 -1.796070000000000034e-04
1.897179999999999884e-04 -1.802119999999999883e-04
1.541699999999999961e-04 -1.590539999999999988e-04
1.025220000000000054e-04 -1.172670000000000006e-04
4.458709999999999871e-05 -5.985100000000000007e-05
-1.227149999999999931e-05 4.919579999999999746e-06
-6.367139999999999486e-05 6.726049999999999748e-05
-1.069109999999999933e-04 1.180970000000000045e-04
-1.392219999999999894e-04 1.509170000000000054e-04
-1.569899999999999996e-04 1.627090000000000036e-04
-1.565290000000000052e-04 1.538719999999999932e-04
-1.359250000000000107e-04 1.273889999999999962e-04
-9.674659999999999965e-05 8.775549999999999692e-05
-4.453759999999999859e-05 4.010110000000000134e-05
