-3.451639999999999798e-08 8.273390000000000209e-07
-2.109660000000000112e-07 3.051520000000000050e-06
-6.194450000000000255e-07 5.477839999999999717e-06
-1.318589999999999898e-06 9.710580000000000123e-06
-2.720509999999999894e-06 2.229519999999999958e-05
-5.994420000000000283e-06 5.051550000000000110e-05
-1.267160000000000079e-05 9.363739999999999900e-05
-2.324010000000000133e-05 1.350380000000000037e-04
-3.597449999999999921e-05 1.524030000000000111e-04
-4.726599999999999774e-05 1.265829999999999907e-04
-5.273019999999999872e-05 4.660090000000000304e-05
-4.827049999999999803e-05 -7.194679999999999359e-05
-3.132450000000000138e-05 -1.872130000000000116e-04
-1.666600000000000061e-06 -2.599510000000000189e-04
3.910650000000000242e-05 -2.817030000000000098e-04
8.837489999999999983e-05 -2.779820000000000229e-04
1.418050000000000018e-04 -2.872190000000000160e-04
1.917130000000000125e-04 -3.324809999999999766e-04
2.271700000000000086e-04 -3.990169999999999915e-04
2.371069999999999916e-04 -4.303910000000000201e-04
2.150239999999999931e-04 -3.653859999999999877e-04
1.628180000000000122e-04 -1.930299999999999865e-04
9.048780000000000462e-05 4.191480000000000059e-05
9.729389999999999694e-06 2.778379999999999782e-04
-7.405220000000000227e-05 4.637549999999999941e-04
-1.626479999999999918e-04 5.702139999999999856e-04
-2.569800000000000231e-04 6.030779999999999474e-04
-3.483289999999999781e-04 6.005799999999999724e-04
-4.178019999999999954e-04 6.054740000000000512e-04
-4.448459999999999893e-04 6.354000000000000490e-04
-4.178790000000000152e-04 6.622349999999999504e-04
-3.389520000000000033e-04 6.115489999999999685e-04
-2.208780000000000086e-04 4.178720000000000134e-04
-8.184780000000000603e-05 8.760919999999999461e-05
5.993979999999999827e-05 -3.145199999999999906e-04
1.925440000000000051e-04 -7.026820000000000462e-04
3.139449999999999901e-04 -9.923860000000000493e-04
4.277300000000000264e-04 -1.131880000000000039e-03
5.326099999999999845e-04 -1.124460000000000086e-03
6.144300000000000109e-04 -1.018100000000000081e-03
6.481329999999999557e-04 -8.744959999999999973e-04
6.093630000000000270e-04 -7.299700000000000329e-04
4.881539999999999751e-04 -5.764939999999999865e-04
2.964989999999999813e-04 -3.818110000000000210e-04
6.572149999999999748e-05 -1.124509999999999979e-04
-1.651029999999999946e-04 2.385049999999999941e-04
-3.629430000000000113e-04 6.252249999999999778e-04
-5.093489999999999780e-04 9.630780000000000243e-04
-6.012110000000000414e-04 1.178220000000000005e-03
-6.458100000000000255e-04 1.251979999999999977e-03
-6.527030000000000288e-04 1.212989999999999945e-03
-6.248669999999999789e-04 1.093030000000000043e-03
-5.543030000000000223e-04 9.004549999999999837e-04
-4.275980000000000080e-04 6.228060000000000540e-04
-2.401869999999999960e-04 2.650570000000000205e-04
-8.912249999999999247e-06 -1.329550000000000035e-04
2.305719999999999872e-04 -5.413570000000000144e-04
4.420480000000000069e-04 -9.389280000000000065e-04
6.050110000000000253e-04 -1.270700000000000041e-03
7.148599999999999963e-04 -1.469390000000000106e-03
7.717040000000000097e-04 -1.482950000000000023e-03
7.711470000000000217e-04 -1.298799999999999911e-03
7.054490000000000283e-04 -9.784349999999999384e-04
5.715670000000000386e-04 -6.187270000000000139e-04
3.757060000000000109e-04 -2.825680000000000227e-04
1.311060000000000014e-04 3.388330000000000134e-05
-1.442360000000000061e-04 3.749909999999999745e-04
-4.244389999999999795e-04 7.592239999999999666e-04
-6.726769999999999972e-04 1.150299999999999934e-03
-8.486130000000000149e-04 1.476319999999999933e-03
-9.257420000000000145e-04 1.661319999999999984e-03
-9.039369999999999480e-04 1.650200000000000104e-03
-8.042789999999999748e-04 1.423519999999999950e-03
-6.500289999999999931e-04 1.003189999999999941e-03
-4.505579999999999915e-04 4.401779999999999994e-04
-2.016320000000000102e-04 -1.959599999999999873e-04
9.879230000000000617e-05 -8.111260000000000128e-04
4.329870000000000203e-04 -1.307800000000000021e-03
7.595980000000000006e-04 -1.629390000000000092e-03
1.026079999999999961e-03 -1.764029999999999982e-03
1.185939999999999911e-03 -1.725650000000000014e-03
1.209730000000000007e-03 -1.540429999999999968e-03
1.088709999999999895e-03 -1.241279999999999988e-03
8.339079999999999583e-04 -8.261720000000000175e-04
4.723020000000000191e-04 -2.744339999999999952e-04
4.413750000000000220e-05 3.644000000000000212e-04
-3.995499999999999811e-04 1.004270000000000032e-03
-8.053440000000000468e-04 1.556939999999999930e-03
-1.128730000000000098e-03 1.940499999999999951e-03
-1.339649999999999955e-03 2.108669999999999989e-03
-1.419439999999999895e-03 2.043590000000000077e-03
-1.354469999999999980e-03 1.735620000000000001e-03
-1.135139999999999977e-03 1.189280000000000025e-03
-7.634960000000000097e-04 4.243240000000000119e-04
-2.640850000000000033e-04 -4.860770000000000151e-04
3.086909999999999893e-04 -1.352640000000000006e-03
8.746960000000000022e-04 -1.975740000000000135e-03
1.348409999999999973e-03 -2.255039999999999822e-03
1.663200000000000095e-03 -2.203810000000000057e-03
1.781500000000000097e-03 -1.919190000000000089e-03
1.687480000000000100e-03 -1.479059999999999923e-03
1.377329999999999961e-03 -9.191310000000000062e-04
8.654510000000000458e-04 -2.787879999999999742e-04
2.014700000000000074e-04 4.314559999999999836e-04
-5.261639999999999720e-04 1.208199999999999986e-03
-1.207479999999999925e-03 1.951880000000000021e-03
-1.737229999999999981e-03 2.488530000000000082e-03
-2.036749999999999932e-03 2.628249999999999944e-03
-2.064820000000000197e-03 2.267219999999999912e-03
-1.820009999999999944e-03 1.485449999999999922e-03
-1.334670000000000040e-03 4.535230000000000012e-04
-6.629649999999999519e-04 -6.044779999999999815e-04
1.254430000000000117e-04 -1.455740000000000072e-03
9.427700000000000012e-04 -1.977449999999999954e-03
1.682239999999999994e-03 -2.187960000000000078e-03
2.228840000000000161e-03 -2.204110000000000010e-03
2.480630000000000161e-03 -2.104239999999999843e-03
2.371339999999999993e-03 -1.830449999999999959e-03
1.890100000000000027e-03 -1.270939999999999917e-03
1.097139999999999921e-03 -4.068850000000000049e-04
1.226029999999999915e-04 6.579819999999999896e-04
-8.648489999999999997e-04 1.722559999999999933e-03
-1.707570000000000051e-03 2.525630000000000062e-03
-2.295129999999999827e-03 2.827520000000000033e-03
-2.568780000000000108e-03 2.521530000000000125e-03
-2.506050000000000118e-03 1.728429999999999984e-03
-2.109579999999999789e-03 7.388120000000000407e-04
-1.409179999999999894e-03 -1.645589999999999943e-04
-4.713030000000000106e-04 -8.386790000000000521e-04
5.919089999999999465e-04 -1.285789999999999980e-03
1.622240000000000053e-03 -1.587300000000000039e-03
2.435189999999999837e-03 -1.819190000000000043e-03
2.862570000000000045e-03 -1.948110000000000076e-03
2.803589999999999902e-03 -1.830999999999999945e-03
2.262510000000000129e-03 -1.357829999999999974e-03
1.353430000000000084e-03 -5.477109999999999878e-04
2.638000000000000154e-04 4.407039999999999872e-04
-8.063400000000000081e-04 1.329490000000000012e-03
-1.695270000000000023e-03 1.835620000000000047e-03
-2.299289999999999841e-03 1.835199999999999939e-03
-2.565920000000000180e-03 1.449879999999999962e-03
-2.477700000000000215e-03 9.438110000000000206e-04
-2.040380000000000058e-03 5.068759999999999629e-04
-1.285780000000000039e-03 1.710960000000000031e-04
-2.937819999999999733e-04 -1.108199999999999995e-04
7.841150000000000507e-04 -3.780279999999999795e-04
1.736370000000000101e-03 -6.563940000000000313e-04
2.353189999999999796e-03 -9.358189999999999521e-04
2.505390000000000134e-03 -1.129699999999999975e-03
2.188830000000000116e-03 -1.124479999999999967e-03
1.512509999999999896e-03 -8.745320000000000220e-04
6.491580000000000484e-04 -4.852909999999999993e-04
-2.202059999999999987e-04 -1.394380000000000023e-04
-9.498850000000000305e-04 6.174439999999999790e-05
-1.452869999999999986e-03 1.511809999999999879e-04
-1.698360000000000104e-03 2.505240000000000158e-04
-1.689530000000000068e-03 4.547870000000000081e-04
-1.442619999999999927e-03 7.558400000000000275e-04
-9.884679999999999422e-04 1.069040000000000051e-03
-3.929539999999999921e-04 1.253039999999999970e-03
2.334650000000000017e-04 1.156710000000000030e-03
7.566040000000000222e-04 7.704880000000000539e-04
1.061270000000000008e-03 2.451320000000000105e-04
1.095819999999999954e-03 -2.564579999999999898e-04
8.975549999999999674e-04 -6.877040000000000279e-04
5.784479999999999613e-04 -1.072049999999999956e-03
2.687580000000000177e-04 -1.375130000000000016e-03
5.280349999999999681e-05 -1.521640000000000102e-03
-5.615369999999999737e-05 -1.441269999999999921e-03
-9.145479999999999723e-05 -1.107789999999999990e-03
-9.219679999999999792e-05 -5.375300000000000390e-04
-8.505380000000000210e-05 2.409690000000000031e-04
-9.076480000000000214e-05 1.082880000000000040e-03
-1.286349999999999907e-04 1.724070000000000073e-03
-2.102879999999999897e-04 1.966709999999999986e-03
-3.332119999999999939e-04 1.756270000000000097e-03
-4.758620000000000189e-04 1.135270000000000072e-03
-5.944830000000000340e-04 2.731249999999999845e-04
-6.304289999999999504e-04 -5.670859999999999573e-04
-5.288790000000000028e-04 -1.190379999999999997e-03
-2.623489999999999915e-04 -1.499719999999999959e-03
1.470529999999999895e-04 -1.484580000000000101e-03
6.191519999999999836e-04 -1.218209999999999953e-03
1.030799999999999902e-03 -7.540589999999999576e-04
1.252489999999999984e-03 -1.315119999999999972e-04
1.198850000000000002e-03 4.890720000000000093e-04
8.695719999999999882e-04 8.979030000000000258e-04
3.495819999999999744e-04 9.722510000000000397e-04
-2.323469999999999897e-04 7.187489999999999721e-04
-7.509650000000000309e-04 2.363680000000000110e-04
-1.107099999999999968e-03 -3.441730000000000267e-04
-1.233380000000000067e-03 -7.859860000000000197e-04
-1.105040000000000059e-03 -8.597709999999999511e-04
-7.511339999999999814e-04 -5.279250000000000522e-04
-2.515430000000000140e-04 5.839809999999999912e-05
2.797890000000000143e-04 6.569780000000000108e-04
7.188799999999999748e-04 1.036830000000000087e-03
9.619239999999999605e-04 1.034629999999999925e-03
9.557079999999999916e-04 6.737829999999999557e-04
7.170979999999999976e-04 8.723930000000000345e-05
3.350550000000000099e-04 -6.005430000000000403e-04
-5.616230000000000267e-05 -1.196819999999999915e-03
-3.324590000000000097e-04 -1.485130000000000087e-03
-4.315470000000000070e-04 -1.350999999999999987e-03
-3.650789999999999786e-04 -8.774489999999999807e-04
-1.946089999999999929e-04 -2.132090000000000114e-04
-3.467289999999999968e-06 5.465140000000000059e-04
1.280080000000000117e-04 1.195139999999999918e-03
1.518670000000000013e-04 1.487629999999999985e-03
7.040179999999999398e-05 1.324560000000000017e-03
-7.274010000000000512e-05 7.688909999999999538e-04
-2.175889999999999931e-04 1.781249999999999929e-05
-3.100050000000000245e-04 -6.727729999999999908e-04
-3.137820000000000257e-04 -1.064400000000000068e-03
-2.171030000000000117e-04 -1.034750000000000079e-03
-3.635359999999999698e-05 -6.455089999999999483e-04
1.839499999999999989e-04 -8.610600000000000534e-05
3.794089999999999854e-04 3.987689999999999898e-04
4.865669999999999783e-04 5.879700000000000508e-04
4.679299999999999736e-04 4.410199999999999754e-04
3.252849999999999730e-04 1.188370000000000008e-04
9.954439999999999513e-05 -1.946829999999999926e-04
-1.387639999999999880e-04 -3.813959999999999920e-04
-3.140309999999999890e-04 -3.609780000000000258e-04
-3.805149999999999982e-04 -1.369920000000000057e-04
-3.426209999999999846e-04 1.740979999999999991e-04
-2.443710000000000088e-04 4.207530000000000016e-04
-1.388200000000000024e-04 4.984250000000000399e-04
-6.007589999999999854e-05 3.879269999999999875e-04
-1.284659999999999996e-05 1.527189999999999993e-04
1.993739999999999990e-05 -1.024900000000000030e-04
6.044019999999999775e-05 -2.844950000000000061e-04
1.201389999999999961e-04 -3.471190000000000083e-04
1.915379999999999947e-04 -3.008910000000000165e-04
2.504270000000000064e-04 -1.970599999999999869e-04
2.679250000000000208e-04 -9.879549999999999964e-05
2.265989999999999899e-04 -4.870559999999999663e-05
1.314479999999999924e-04 -4.709420000000000050e-05
8.836710000000000306e-06 -5.801719999999999740e-05
-1.058150000000000025e-04 -3.785090000000000042e-05
-1.838850000000000055e-04 3.471220000000000284e-05
-2.140780000000000059e-04 1.439169999999999978e-04
-2.031040000000000124e-04 2.441339999999999906e-04
-1.679729999999999993e-04 2.851320000000000070e-04
-1.254500000000000135e-04 2.417209999999999986e-04
-8.448830000000000218e-05 1.297340000000000017e-04
-4.473040000000000121e-05 -2.905359999999999911e-06
-5.389209999999999856e-07 -1.047270000000000021e-04
5.245729999999999664e-05 -1.505800000000000118e-04
1.118329999999999981e-04 -1.505070000000000008e-04
1.664550000000000046e-04 -1.326350000000000066e-04
1.995339999999999907e-04 -1.205820000000000053e-04
1.961950000000000011e-04 -1.206070000000000059e-04
1.520980000000000064e-04 -1.211880000000000059e-04
7.761780000000000079e-05 -1.035499999999999962e-04
-5.926119999999999599e-06 -5.585749999999999841e-05
-7.623449999999999660e-05 1.755680000000000104e-05
-1.199810000000000020e-04 9.714650000000000238e-05
-1.366990000000000002e-04 1.581350000000000030e-04
-1.349920000000000113e-04 1.829599999999999965e-04
-1.245859999999999893e-04 1.687109999999999912e-04
-1.098249999999999997e-04 1.260020000000000042e-04
-8.838489999999999465e-05 7.139259999999999812e-05
-5.514440000000000010e-05 1.883879999999999995e-05
-8.072050000000000075e-06 -2.495589999999999937e-05
4.783320000000000139e-05 -5.982630000000000012e-05
1.009650000000000066e-04 -8.802399999999999613e-05
1.376500000000000119e-04 -1.100579999999999956e-04
1.482110000000000079e-04 -1.230389999999999988e-04
1.311750000000000036e-04 -1.220740000000000106e-04
9.339320000000000564e-05 -1.034540000000000026e-04
4.628919999999999720e-05 -6.755749999999999819e-05
5.931459999999999831e-07 -1.982030000000000063e-05
-3.740229999999999933e-05 3.069700000000000103e-05
-6.631309999999999364e-05 7.429610000000000174e-05
-8.729010000000000642e-05 1.036390000000000016e-04
-1.008900000000000047e-04 1.154210000000000050e-04
-1.054200000000000037e-04 1.102830000000000010e-04
-9.772150000000000281e-05 9.146690000000000343e-05
-7.565610000000000228e-05 6.319099999999999858e-05
-4.052609999999999812e-05 2.956000000000000158e-05
2.172060000000000088e-06 -5.756310000000000119e-06
4.416689999999999890e-05 -3.932469999999999976e-05
7.722300000000000247e-05 -6.770589999999999833e-05
9.585340000000000624e-05 -8.752919999999999538e-05
9.863369999999999722e-05 -9.597319999999999788e-05
8.770799999999999441e-05 -9.147850000000000176e-05
6.707290000000000626e-05 -7.437070000000000269e-05
4.076590000000000216e-05 -4.708769999999999980e-05
1.190249999999999997e-05 -1.385369999999999917e-05
