-4.349619999999999875e-08 7.986849999999999815e-07
-2.473839999999999870e-07 2.887280000000000163e-06
-6.576940000000000129e-07 5.036289999999999684e-06
-1.273320000000000075e-06 8.850839999999999440e-06
-2.578210000000000003e-06 2.058129999999999893e-05
-5.849549999999999754e-06 4.671440000000000119e-05
-1.231269999999999987e-05 8.572789999999999621e-05
-2.150089999999999941e-05 1.213069999999999958e-04
-3.078700000000000186e-05 1.330459999999999998e-04
-3.691079999999999904e-05 1.045660000000000014e-04
-3.729919999999999688e-05 2.749329999999999984e-05
-3.019640000000000112e-05 -8.122080000000000001e-05
-1.494990000000000064e-05 -1.811329999999999885e-04
7.954940000000000107e-06 -2.375160000000000075e-04
3.805000000000000331e-05 -2.470320000000000025e-04
7.523169999999999326e-05 -2.371850000000000000e-04
1.171779999999999952e-04 -2.438270000000000086e-04
1.562500000000000033e-04 -2.849230000000000230e-04
1.804929999999999946e-04 -3.419769999999999819e-04
1.791270000000000080e-04 -3.598130000000000057e-04
1.486310000000000073e-04 -2.846510000000000229e-04
9.573770000000000327e-05 -1.156039999999999997e-04
3.431499999999999926e-05 9.653019999999999949e-05
-2.437489999999999934e-05 2.923860000000000022e-04
-8.011270000000000294e-05 4.304140000000000028e-04
-1.405210000000000053e-04 4.935189999999999889e-04
-2.084970000000000063e-04 4.974209999999999526e-04
-2.739460000000000094e-04 4.823420000000000246e-04
-3.177449999999999741e-04 4.837159999999999745e-04
-3.229910000000000116e-04 5.082840000000000144e-04
-2.838259999999999893e-04 5.232649999999999715e-04
-2.064540000000000125e-04 4.619359999999999764e-04
-1.049709999999999950e-04 2.753349999999999786e-04
2.615149999999999856e-06 -1.671219999999999900e-05
9.963039999999999397e-05 -3.492950000000000091e-04
1.793060000000000075e-04 -6.495469999999999933e-04
2.480919999999999957e-04 -8.520350000000000102e-04
3.161500000000000139e-04 -9.232650000000000448e-04
3.829910000000000063e-04 -8.785229999999999775e-04
4.324460000000000131e-04 -7.669940000000000091e-04
4.410850000000000231e-04 -6.405920000000000494e-04
3.920829999999999932e-04 -5.218230000000000351e-04
2.844899999999999816e-04 -3.953779999999999946e-04
1.346490000000000046e-04 -2.332559999999999907e-04
-2.929080000000000084e-05 -1.299549999999999950e-05
-1.780159999999999978e-04 2.643179999999999857e-04
-2.916959999999999800e-04 5.554450000000000056e-04
-3.644639999999999989e-04 7.904540000000000047e-04
-4.018359999999999792e-04 9.169690000000000089e-04
-4.144400000000000232e-04 9.349200000000000002e-04
-4.103819999999999885e-04 8.807150000000000135e-04
-3.881029999999999940e-04 7.822940000000000015e-04
-3.354109999999999774e-04 6.381989999999999929e-04
-2.392430000000000132e-04 4.267100000000000125e-04
-1.009070000000000014e-04 1.470470000000000034e-04
5.687850000000000100e-05 -1.640090000000000081e-04
2.019339999999999948e-04 -4.783049999999999954e-04
3.145380000000000029e-04 -7.765450000000000130e-04
3.950100000000000009e-04 -1.010859999999999927e-03
4.508210000000000125e-04 -1.130139999999999964e-03
4.820240000000000050e-04 -1.102019999999999996e-03
4.795789999999999970e-04 -9.254369999999999827e-04
4.342770000000000029e-04 -6.581789999999999472e-04
3.445739999999999979e-04 -3.816170000000000022e-04
2.154240000000000029e-04 -1.417240000000000004e-04
5.351700000000000277e-05 7.559999999999999446e-05
-1.311150000000000076e-04 3.180500000000000059e-04
-3.177130000000000123e-04 6.054429999999999968e-04
-4.738629999999999860e-04 9.048189999999999575e-04
-5.691249999999999695e-04 1.150039999999999960e-03
-5.930080000000000117e-04 1.273370000000000014e-03
-5.586299999999999556e-04 1.231730000000000108e-03
-4.876300000000000187e-04 1.020040000000000053e-03
-3.913640000000000022e-04 6.692160000000000383e-04
-2.651350000000000018e-04 2.250879999999999971e-04
-9.807899999999999388e-05 -2.626460000000000058e-04
1.104649999999999935e-04 -7.254800000000000268e-04
3.404939999999999963e-04 -1.086839999999999942e-03
5.554310000000000020e-04 -1.301569999999999941e-03
7.168819999999999576e-04 -1.361570000000000098e-03
7.970740000000000464e-04 -1.282390000000000006e-03
7.825189999999999663e-04 -1.093070000000000023e-03
6.732500000000000203e-04 -8.289600000000000050e-04
4.805449999999999739e-04 -4.875360000000000023e-04
2.231359999999999995e-04 -4.588759999999999752e-05
-7.235960000000000428e-05 4.506639999999999800e-04
-3.693589999999999851e-04 9.261350000000000224e-04
-6.284599999999999562e-04 1.309400000000000060e-03
-8.193719999999999606e-04 1.539849999999999943e-03
-9.252099999999999864e-04 1.592960000000000036e-03
-9.372210000000000176e-04 1.468770000000000102e-03
-8.480710000000000462e-04 1.167999999999999984e-03
-6.529240000000000391e-04 6.959759999999999515e-04
-3.581710000000000102e-04 6.497699999999999808e-05
1.034159999999999938e-05 -6.641140000000000454e-04
4.039320000000000215e-04 -1.319639999999999962e-03
7.588750000000000009e-04 -1.727739999999999962e-03
1.018800000000000044e-03 -1.818200000000000068e-03
1.153589999999999911e-03 -1.629779999999999944e-03
1.156160000000000044e-03 -1.274849999999999898e-03
1.023709999999999941e-03 -8.363030000000000463e-04
7.497250000000000225e-04 -3.473630000000000012e-04
3.423790000000000232e-04 1.619339999999999983e-04
-1.522310000000000134e-04 6.942279999999999675e-04
-6.542569999999999939e-04 1.255730000000000041e-03
-1.076149999999999893e-03 1.754310000000000027e-03
-1.346140000000000010e-03 2.035860000000000013e-03
-1.421259999999999928e-03 1.952750000000000059e-03
-1.293249999999999912e-03 1.455179999999999928e-03
-9.886890000000000608e-04 6.622320000000000116e-04
-5.564600000000000492e-04 -2.506280000000000270e-04
-4.653959999999999738e-05 -1.086060000000000020e-03
4.953299999999999891e-04 -1.656389999999999989e-03
1.014060000000000005e-03 -1.888080000000000097e-03
1.436449999999999923e-03 -1.837890000000000010e-03
1.682329999999999893e-03 -1.640039999999999944e-03
1.687059999999999992e-03 -1.374280000000000076e-03
1.419780000000000044e-03 -9.881329999999999801e-04
8.977990000000000146e-04 -3.941139999999999878e-04
1.998190000000000057e-04 3.926099999999999967e-04
-5.413110000000000491e-04 1.249150000000000087e-03
-1.182000000000000108e-03 1.987089999999999950e-03
-1.620569999999999997e-03 2.392290000000000041e-03
-1.816249999999999939e-03 2.299509999999999835e-03
-1.768739999999999982e-03 1.685740000000000025e-03
-1.492220000000000048e-03 7.339739999999999763e-04
-1.010129999999999926e-03 -2.516129999999999777e-04
-3.632509999999999819e-04 -1.021930000000000104e-03
3.836959999999999937e-04 -1.483539999999999989e-03
1.136279999999999929e-03 -1.672459999999999962e-03
1.767890000000000043e-03 -1.681449999999999915e-03
2.138370000000000114e-03 -1.590950000000000046e-03
2.139330000000000051e-03 -1.385020000000000044e-03
1.742190000000000015e-03 -9.633649999999999896e-04
1.019979999999999975e-03 -2.803999999999999852e-04
1.284910000000000002e-04 5.806010000000000337e-04
-7.481150000000000430e-04 1.426350000000000057e-03
-1.457170000000000036e-03 1.995149999999999788e-03
-1.907899999999999917e-03 2.072850000000000213e-03
-2.066450000000000058e-03 1.632580000000000012e-03
-1.935899999999999947e-03 8.798439999999999603e-04
-1.539140000000000039e-03 1.184449999999999951e-04
-9.097330000000000260e-04 -4.629449999999999798e-04
-9.876150000000000640e-05 -8.447209999999999918e-04
7.975659999999999868e-04 -1.074560000000000012e-03
1.616990000000000007e-03 -1.181210000000000029e-03
2.162359999999999890e-03 -1.183720000000000085e-03
2.284360000000000036e-03 -1.082810000000000022e-03
1.952919999999999916e-03 -8.334489999999999954e-04
1.262909999999999901e-03 -4.001060000000000077e-04
3.838269999999999963e-04 1.669350000000000001e-04
-4.995089999999999773e-04 6.905080000000000506e-04
-1.228879999999999903e-03 9.747659999999999571e-04
-1.700660000000000106e-03 9.587489999999999511e-04
-1.877409999999999930e-03 7.333469999999999702e-04
-1.771830000000000063e-03 4.664660000000000160e-04
-1.414909999999999909e-03 2.853280000000000031e-04
-8.421369999999999637e-04 2.132170000000000018e-04
-1.155190000000000031e-04 2.042570000000000063e-04
6.477629999999999846e-04 1.620779999999999888e-04
1.287079999999999908e-03 -1.728379999999999874e-05
1.652100000000000096e-03 -3.063680000000000049e-04
1.658890000000000104e-03 -5.523060000000000209e-04
1.321759999999999949e-03 -6.409200000000000097e-04
7.534980000000000150e-04 -6.095589999999999689e-04
1.252869999999999949e-04 -5.654170000000000246e-04
-4.078209999999999973e-04 -5.343989999999999635e-04
-7.674090000000000382e-04 -4.756720000000000089e-04
-9.498139999999999968e-04 -3.323520000000000055e-04
-9.774420000000000244e-04 -7.565059999999999699e-05
-8.633539999999999878e-04 2.889489999999999875e-04
-6.224219999999999709e-04 7.462400000000000110e-04
-2.980260000000000092e-04 1.176149999999999939e-03
4.041809999999999847e-05 1.370740000000000066e-03
3.207870000000000036e-04 1.219390000000000101e-03
4.850499999999999994e-04 7.512070000000000466e-04
5.051790000000000230e-04 5.291829999999999782e-05
4.015760000000000054e-04 -7.094329999999999820e-04
2.408479999999999953e-04 -1.311260000000000073e-03
1.060539999999999980e-04 -1.613400000000000077e-03
5.767399999999999702e-05 -1.575100000000000068e-03
1.047429999999999965e-04 -1.231840000000000105e-03
2.024550000000000123e-04 -6.887630000000000054e-04
2.759090000000000175e-04 -2.096040000000000010e-05
2.550210000000000237e-04 7.121820000000000060e-04
1.119110000000000065e-04 1.332840000000000066e-03
-1.188089999999999936e-04 1.628660000000000090e-03
-3.622300000000000064e-04 1.495470000000000046e-03
-5.505440000000000333e-04 9.737510000000000219e-04
-6.473289999999999817e-04 2.042939999999999925e-04
-6.329970000000000518e-04 -6.372469999999999654e-04
-4.908230000000000405e-04 -1.278700000000000019e-03
-2.225499999999999885e-04 -1.481410000000000062e-03
1.341769999999999996e-04 -1.218799999999999918e-03
5.113509999999999497e-04 -6.465989999999999802e-04
8.252059999999999864e-04 9.021009999999999541e-06
9.886919999999999997e-04 5.386790000000000241e-04
9.344380000000000004e-04 7.818680000000000161e-04
6.476779999999999473e-04 7.340779999999999875e-04
1.871959999999999878e-04 4.739349999999999813e-04
-3.211600000000000218e-04 6.267260000000000029e-05
-7.284670000000000034e-04 -3.612520000000000032e-04
-9.289650000000000208e-04 -6.175139999999999969e-04
-8.988050000000000249e-04 -6.012650000000000243e-04
-6.797899999999999950e-04 -3.690829999999999762e-04
-3.422499999999999978e-04 -1.341179999999999922e-05
2.883490000000000068e-05 4.283499999999999764e-04
3.436070000000000053e-04 7.905740000000000510e-04
5.393670000000000148e-04 8.631959999999999937e-04
6.011980000000000535e-04 5.843309999999999997e-04
5.467070000000000089e-04 4.148310000000000268e-05
4.033420000000000017e-04 -5.750749999999999786e-04
2.060669999999999906e-04 -1.046150000000000031e-03
3.559720000000000114e-06 -1.183690000000000046e-03
-1.514610000000000056e-04 -9.152470000000000007e-04
-2.256299999999999929e-04 -3.419089999999999955e-04
-2.217889999999999868e-04 3.273029999999999798e-04
-1.755240000000000088e-04 8.525779999999999947e-04
-1.317579999999999945e-04 1.036309999999999922e-03
-1.200469999999999977e-04 8.618939999999999848e-04
-1.457209999999999961e-04 4.936250000000000316e-04
-1.888170000000000050e-04 9.743130000000000345e-05
-2.062319999999999865e-04 -2.252560000000000131e-04
-1.544539999999999954e-04 -3.896629999999999994e-04
-2.654800000000000061e-05 -3.728620000000000090e-04
1.362459999999999962e-04 -2.503019999999999898e-04
2.723380000000000072e-04 -1.267820000000000069e-04
3.371490000000000207e-04 -6.990310000000000501e-05
3.199699999999999875e-04 -9.035129999999999670e-05
2.384669999999999921e-04 -1.510009999999999998e-04
1.247750000000000107e-04 -1.949219999999999881e-04
1.232499999999999973e-05 -1.757639999999999929e-04
-7.532029999999999780e-05 -7.860149999999999613e-05
-1.314569999999999985e-04 7.174169999999999788e-05
-1.640909999999999981e-04 2.215100000000000120e-04
-1.846779999999999960e-04 3.124059999999999901e-04
-1.963799999999999866e-04 3.110039999999999788e-04
-1.916599999999999912e-04 2.267079999999999985e-04
-1.600109999999999966e-04 1.027639999999999939e-04
-9.770660000000000402e-05 -1.081650000000000054e-05
-1.203519999999999956e-05 -8.202569999999999631e-05
8.080570000000000461e-05 -1.081979999999999964e-04
1.609939999999999971e-04 -1.114220000000000049e-04
2.110050000000000033e-04 -1.205060000000000012e-04
2.208020000000000046e-04 -1.487070000000000113e-04
1.907129999999999882e-04 -1.819529999999999976e-04
1.306860000000000020e-04 -1.879240000000000120e-04
5.631249999999999998e-05 -1.407380000000000068e-04
-1.633369999999999915e-05 -4.365629999999999739e-05
-7.517959999999999422e-05 7.015900000000000370e-05
-1.149520000000000066e-04 1.600050000000000105e-04
-1.371560000000000129e-04 2.002770000000000071e-04
-1.462839999999999974e-04 1.892739999999999906e-04
-1.442550000000000071e-04 1.447449999999999974e-04
-1.278060000000000025e-04 9.055290000000000507e-05
-9.166749999999999606e-05 4.305759999999999921e-05
-3.513089999999999936e-05 5.114490000000000053e-06
3.356029999999999783e-05 -2.983300000000000050e-05
9.872740000000000617e-05 -6.799959999999999859e-05
1.437549999999999950e-04 -1.075900000000000050e-04
1.583409999999999939e-04 -1.383710000000000072e-04
1.423320000000000054e-04 -1.477999999999999876e-04
1.044380000000000053e-04 -1.287539999999999941e-04
5.710619999999999883e-05 -8.381430000000000152e-05
1.071249999999999950e-05 -2.414670000000000041e-05
-2.968439999999999992e-05 3.556500000000000254e-05
-6.357569999999999508e-05 8.290179999999999967e-05
-9.144939999999999894e-05 1.112920000000000044e-04
-1.114390000000000015e-04 1.202090000000000005e-04
-1.187630000000000012e-04 1.128159999999999986e-04
-1.083310000000000035e-04 9.306369999999999465e-05
-7.857609999999999465e-05 6.407740000000000419e-05
-3.379310000000000007e-05 2.834629999999999997e-05
1.660960000000000103e-05 -1.107099999999999954e-05
6.151570000000000464e-05 -4.965259999999999959e-05
9.217949999999999386e-05 -8.167300000000000222e-05
1.048119999999999987e-04 -1.015460000000000066e-04
1.006060000000000054e-04 -1.055180000000000018e-04
8.368940000000000547e-05 -9.287139999999999989e-05
5.857600000000000296e-05 -6.615869999999999390e-05
2.866449999999999974e-05 -3.046779999999999991e-05
-3.636540000000000084e-06 7.898409999999999481e-06
-3.575630000000000187e-05 4.281700000000000019e-05
-6.400690000000000546e-05 6.941049999999999553e-05
-8.376619999999999769e-05 8.460630000000000342e-05
-9.084009999999999785e-05 8.723560000000000212e-05
-8.321249999999999654e-05 7.783480000000000227e-05
-6.212960000000000227e-05 5.832029999999999793e-05
-3.189250000000000000e-05 3.164580000000000116e-05
1.509190000000000030e-06 1.480319999999999957e-06
