-4.267549999999999723e-08 8.010870000000000052e-07
-2.444399999999999839e-07 2.900539999999999846e-06
-6.564010000000000026e-07 5.070349999999999659e-06
-1.283010000000000105e-06 8.915309999999999858e-06
-2.600469999999999939e-06 2.071220000000000136e-05
-5.879179999999999842e-06 4.701080000000000059e-05
-1.238330000000000051e-05 8.634040000000000432e-05
-2.174019999999999897e-05 1.223479999999999880e-04
-3.138749999999999722e-05 1.344899999999999948e-04
-3.799169999999999745e-05 1.062120000000000056e-04
-3.877890000000000238e-05 2.897110000000000118e-05
-3.177369999999999701e-05 -8.039300000000000092e-05
-1.616719999999999998e-05 -1.813779999999999971e-04
7.580050000000000381e-06 -2.389799999999999921e-04
3.882520000000000226e-05 -2.495449999999999969e-04
7.715000000000000503e-05 -2.404639999999999935e-04
1.200050000000000005e-04 -2.477099999999999983e-04
1.597769999999999985e-04 -2.894439999999999752e-04
1.846700000000000056e-04 -3.472519999999999882e-04
1.839470000000000059e-04 -3.657819999999999887e-04
1.538660000000000071e-04 -2.907920000000000036e-04
1.007489999999999937e-04 -1.208569999999999984e-04
3.810579999999999691e-05 9.343359999999999936e-05
-2.277360000000000164e-05 2.924280000000000130e-04
-8.118939999999999892e-05 4.339430000000000023e-04
-1.441810000000000075e-04 5.001400000000000463e-04
-2.143489999999999903e-04 5.061490000000000086e-04
-2.815629999999999739e-04 4.920859999999999774e-04
-3.266429999999999963e-04 4.938279999999999753e-04
-3.325220000000000259e-04 5.186770000000000486e-04
-2.932179999999999834e-04 5.339220000000000424e-04
-2.149529999999999865e-04 4.722179999999999976e-04
-1.118360000000000046e-04 2.837259999999999869e-04
-1.726120000000000001e-06 -1.210810000000000017e-05
9.879980000000000229e-05 -3.499280000000000012e-04
1.826130000000000082e-04 -6.559479999999999478e-04
2.553960000000000193e-04 -8.637690000000000168e-04
3.267119999999999985e-04 -9.390209999999999529e-04
3.959580000000000196e-04 -8.963489999999999522e-04
4.470079999999999865e-04 -7.848850000000000314e-04
4.562209999999999811e-04 -6.571329999999999576e-04
4.063749999999999979e-04 -5.362999999999999712e-04
2.963420000000000030e-04 -4.072489999999999899e-04
1.426529999999999910e-04 -2.416049999999999882e-04
-2.614820000000000149e-05 -1.654819999999999853e-05
-1.802580000000000078e-04 2.667079999999999950e-04
-2.992299999999999929e-04 5.642649999999999923e-04
-3.765080000000000076e-04 8.051949999999999776e-04
-4.170420000000000095e-04 9.360840000000000046e-04
-4.311639999999999939e-04 9.561549999999999824e-04
-4.269960000000000162e-04 9.017320000000000326e-04
-4.032870000000000031e-04 8.011700000000000288e-04
-3.482660000000000161e-04 6.535449999999999506e-04
-2.490820000000000252e-04 4.375110000000000197e-04
-1.068739999999999935e-04 1.525080000000000110e-04
5.589159999999999864e-05 -1.644659999999999937e-04
2.067489999999999953e-04 -4.850160000000000061e-04
3.249670000000000076e-04 -7.895789999999999970e-04
4.098020000000000178e-04 -1.029680000000000048e-03
4.683679999999999853e-04 -1.153090000000000061e-03
5.008960000000000235e-04 -1.126370000000000019e-03
4.983840000000000449e-04 -9.482250000000000227e-04
4.513009999999999808e-04 -6.770580000000000218e-04
3.578979999999999943e-04 -3.951800000000000213e-04
2.235190000000000126e-04 -1.492189999999999955e-04
5.569590000000000321e-05 7.461779999999999563e-05
-1.348429999999999963e-04 3.237650000000000011e-04
-3.270899999999999871e-04 6.176180000000000081e-04
-4.884979999999999704e-04 9.227359999999999556e-04
-5.880980000000000062e-04 1.172590000000000047e-03
-6.145260000000000045e-04 1.299060000000000102e-03
-5.803009999999999722e-04 1.258360000000000034e-03
-5.071980000000000455e-04 1.044620000000000010e-03
-4.071729999999999859e-04 6.884630000000000524e-04
-2.760250000000000008e-04 2.363769999999999901e-04
-1.030600000000000060e-04 -2.606260000000000217e-04
1.122990000000000034e-04 -7.327860000000000276e-04
3.497600000000000123e-04 -1.102660000000000098e-03
5.720900000000000334e-04 -1.324489999999999999e-03
7.398910000000000079e-04 -1.389660000000000027e-03
8.242800000000000430e-04 -1.313130000000000026e-03
8.109130000000000201e-04 -1.123469999999999894e-03
6.994409999999999733e-04 -8.558860000000000383e-04
5.013300000000000265e-04 -5.080939999999999502e-04
2.360479999999999870e-04 -5.761770000000000232e-05
-6.883790000000000037e-05 4.496360000000000027e-04
-3.759319999999999914e-04 9.366570000000000278e-04
-6.449859999999999535e-04 1.330959999999999956e-03
-8.445790000000000328e-04 1.570610000000000062e-03
-9.566190000000000240e-04 1.629880000000000001e-03
-9.715270000000000242e-04 1.507850000000000032e-03
-8.816819999999999519e-04 1.204680000000000074e-03
-6.822669999999999646e-04 7.257270000000000127e-04
-3.797939999999999758e-04 8.392240000000000138e-05
-4.160949999999999947e-07 -6.588759999999999712e-04
4.065089999999999936e-04 -1.329620000000000107e-03
7.759810000000000232e-04 -1.752459999999999955e-03
1.049489999999999928e-03 -1.854909999999999979e-03
1.194299999999999919e-03 -1.674010000000000081e-03
1.201290000000000040e-03 -1.321150000000000102e-03
1.067220000000000018e-03 -8.789759999999999544e-04
7.863780000000000119e-04 -3.811539999999999763e-04
3.678959999999999891e-04 1.410659999999999941e-04
-1.413879999999999955e-04 6.886940000000000032e-04
-6.604179999999999643e-04 1.266739999999999923e-03
-1.099589999999999899e-03 1.782200000000000060e-03
-1.384840000000000029e-03 2.079169999999999977e-03
-1.471239999999999961e-03 2.006899999999999830e-03
-1.348629999999999968e-03 1.512389999999999958e-03
-1.041849999999999981e-03 7.132959999999999821e-04
-5.990670000000000023e-04 -2.138689999999999949e-04
-7.163569999999999584e-05 -1.069230000000000007e-03
4.916779999999999502e-04 -1.661860000000000030e-03
1.032539999999999977e-03 -1.914569999999999987e-03
1.474999999999999966e-03 -1.881129999999999955e-03
1.736370000000000101e-03 -1.694360000000000007e-03
1.749839999999999902e-03 -1.433910000000000046e-03
1.483319999999999994e-03 -1.047100000000000027e-03
9.539260000000000144e-04 -4.453209999999999873e-04
2.406590000000000010e-04 3.570760000000000080e-04
-5.228340000000000157e-04 1.236209999999999956e-03
-1.190520000000000033e-03 2.000689999999999847e-03
-1.656230000000000072e-03 2.432189999999999873e-03
-1.874119999999999953e-03 2.360559999999999829e-03
-1.840220000000000050e-03 1.758070000000000032e-03
-1.566949999999999897e-03 8.050719999999999925e-04
-1.077279999999999904e-03 -1.932190000000000079e-04
-4.128469999999999861e-04 -9.837949999999999820e-04
3.590460000000000179e-04 -1.469049999999999957e-03
1.140039999999999934e-03 -1.682150000000000095e-03
1.799620000000000039e-03 -1.714019999999999910e-03
2.194429999999999818e-03 -1.643170000000000004e-03
2.212979999999999808e-03 -1.451400000000000043e-03
1.823490000000000093e-03 -1.036000000000000029e-03
1.096490000000000095e-03 -3.490710000000000058e-04
1.874769999999999941e-04 5.272490000000000336e-04
-7.168269999999999590e-04 1.398429999999999986e-03
-1.458789999999999957e-03 1.998569999999999861e-03
-1.941760000000000057e-03 2.106999999999999932e-03
-2.126530000000000174e-03 1.690279999999999951e-03
-2.012170000000000191e-03 9.498589999999999464e-04
-1.619479999999999965e-03 1.892619999999999914e-04
-9.822760000000000258e-04 -4.006789999999999766e-04
-1.538920000000000099e-04 -7.979359999999999578e-04
7.667190000000000160e-04 -1.048319999999999938e-03
1.614999999999999899e-03 -1.178599999999999917e-03
2.190899999999999966e-03 -1.205469999999999936e-03
2.340290000000000079e-03 -1.127069999999999982e-03
2.027199999999999835e-03 -8.953119999999999959e-04
1.342429999999999925e-03 -4.708119999999999775e-04
4.550180000000000132e-04 9.947199999999999901e-05
-4.477950000000000181e-04 6.385059999999999477e-04
-1.203869999999999897e-03 9.463460000000000361e-04
-1.704629999999999947e-03 9.560080000000000531e-04
-1.907190000000000014e-03 7.537139999999999465e-04
-1.820159999999999920e-03 5.051300000000000104e-04
-1.473319999999999968e-03 3.365379999999999956e-04
-9.031119999999999686e-04 2.705510000000000055e-04
-1.723770000000000066e-04 2.609949999999999770e-04
6.019480000000000447e-04 2.117420000000000066e-04
1.259029999999999958e-03 1.905980000000000003e-05
1.646200000000000007e-03 -2.892160000000000173e-04
1.675540000000000102e-03 -5.581299999999999976e-04
1.357190000000000089e-03 -6.690440000000000406e-04
8.006620000000000533e-04 -6.544940000000000393e-04
1.755089999999999895e-04 -6.191249999999999922e-04
-3.622300000000000064e-04 -5.888939999999999626e-04
-7.308889999999999745e-04 -5.242079999999999657e-04
-9.236960000000000006e-04 -3.697509999999999773e-04
-9.622129999999999572e-04 -9.846769999999999915e-05
-8.603270000000000318e-04 2.827500000000000152e-04
-6.330580000000000365e-04 7.580659999999999482e-04
-3.222979999999999964e-04 1.206590000000000006e-03
4.521399999999999604e-06 1.417590000000000039e-03
2.769110000000000191e-04 1.276020000000000106e-03
4.384960000000000246e-04 8.078929999999999575e-04
4.626540000000000058e-04 1.000159999999999992e-04
3.696370000000000254e-04 -6.792010000000000451e-04
2.241070000000000009e-04 -1.301969999999999950e-03
1.066539999999999990e-04 -1.625750000000000025e-03
7.588929999999999862e-05 -1.606580000000000031e-03
1.394470000000000084e-04 -1.277499999999999990e-03
2.507200000000000119e-04 -7.422919999999999735e-04
3.322779999999999788e-04 -7.542170000000000330e-05
3.114769999999999995e-04 6.642640000000000220e-04
1.587419999999999923e-04 1.298990000000000084e-03
-9.128619999999999346e-05 1.614710000000000104e-03
-3.608980000000000131e-04 1.503790000000000075e-03
-5.766400000000000085e-04 1.002639999999999955e-03
-6.956659999999999493e-04 2.483879999999999942e-04
-6.939780000000000428e-04 -5.861780000000000245e-04
-5.533200000000000488e-04 -1.229959999999999994e-03
-2.758039999999999906e-04 -1.442530000000000028e-03
9.906199999999999446e-05 -1.193719999999999894e-03
4.995610000000000371e-04 -6.365470000000000026e-04
8.371710000000000523e-04 3.872039999999999777e-06
1.020869999999999894e-03 5.189209999999999873e-04
9.807810000000000139e-04 7.496510000000000500e-04
7.004850000000000399e-04 6.934690000000000515e-04
2.376190000000000030e-04 4.305119999999999737e-04
-2.818489999999999776e-04 2.258200000000000165e-05
-7.065770000000000080e-04 -3.922630000000000084e-04
-9.262229999999999986e-04 -6.347660000000000411e-04
-9.122870000000000154e-04 -6.019740000000000204e-04
-7.042720000000000360e-04 -3.535249999999999873e-04
-3.727159999999999870e-04 1.488929999999999990e-05
-3.382620000000000150e-06 4.644499999999999866e-04
3.133459999999999913e-04 8.299730000000000172e-04
5.136220000000000369e-04 9.013870000000000215e-04
5.810400000000000070e-04 6.157170000000000004e-04
5.330289999999999681e-04 6.034399999999999687e-05
3.982360000000000001e-04 -5.723030000000000261e-04
2.120520000000000087e-04 -1.059760000000000086e-03
2.140450000000000149e-05 -1.211099999999999894e-03
-1.238400000000000069e-04 -9.516079999999999461e-04
-1.923940000000000014e-04 -3.806589999999999887e-04
-1.878639999999999889e-04 2.931450000000000266e-04
-1.458929999999999938e-04 8.283610000000000062e-04
-1.111039999999999988e-04 1.024259999999999927e-03
-1.119679999999999959e-04 8.613979999999999814e-04
-1.516060000000000118e-04 5.030419999999999857e-04
-2.075459999999999946e-04 1.154140000000000032e-04
-2.349920000000000025e-04 -2.001919999999999969e-04
-1.893119999999999927e-04 -3.600419999999999792e-04
-6.221109999999999802e-05 -3.421510000000000111e-04
1.060580000000000068e-04 -2.224089999999999910e-04
2.530519999999999753e-04 -1.059549999999999978e-04
3.314629999999999942e-04 -6.027689999999999882e-05
3.275829999999999975e-04 -9.448910000000000306e-05
2.571070000000000169e-04 -1.684559999999999877e-04
1.511410000000000086e-04 -2.222530000000000013e-04
4.247080000000000001e-05 -2.079259999999999876e-04
-4.561750000000000158e-05 -1.104080000000000041e-04
-1.060399999999999944e-04 4.491209999999999983e-05
-1.459479999999999925e-04 2.033740000000000081e-04
-1.759540000000000030e-04 3.052730000000000027e-04
-1.984400000000000042e-04 3.153039999999999749e-04
-2.046659999999999951e-04 2.410830000000000091e-04
-1.822829999999999893e-04 1.246719999999999881e-04
-1.256490000000000027e-04 1.548480000000000123e-05
-4.096179999999999803e-05 -5.481140000000000176e-05
5.547769999999999910e-05 -8.370539999999999990e-05
1.428590000000000090e-04 -9.301500000000000306e-05
2.022880000000000121e-04 -1.107319999999999962e-04
2.222709999999999866e-04 -1.489170000000000110e-04
2.017180000000000091e-04 -1.921520000000000129e-04
1.493490000000000095e-04 -2.066980000000000054e-04
7.986869999999999647e-05 -1.652640000000000088e-04
8.815670000000000588e-06 -7.003139999999999496e-05
-5.193579999999999833e-05 4.617199999999999771e-05
-9.689919999999999545e-05 1.420570000000000123e-04
-1.268409999999999872e-04 1.907479999999999972e-04
-1.450520000000000065e-04 1.890159999999999941e-04
-1.520640000000000132e-04 1.531930000000000086e-04
-1.433220000000000078e-04 1.060510000000000050e-04
-1.125119999999999961e-04 6.325859999999999773e-05
-5.819749999999999972e-05 2.730800000000000011e-05
1.168500000000000078e-05 -8.522340000000000807e-06
8.124049999999999577e-05 -5.044569999999999713e-05
1.331190000000000108e-04 -9.635679999999999874e-05
1.559069999999999965e-04 -1.352260000000000094e-04
1.481719999999999901e-04 -1.532399999999999897e-04
1.173990000000000054e-04 -1.418009999999999930e-04
7.504680000000000118e-05 -1.022170000000000007e-04
3.089870000000000285e-05 -4.488339999999999789e-05
-1.013340000000000025e-05 1.567989999999999873e-05
-4.730150000000000104e-05 6.668079999999999353e-05
-8.057909999999999563e-05 1.008100000000000055e-04
-1.073840000000000005e-04 1.166299999999999997e-04
-1.220400000000000038e-04 1.163660000000000036e-04
-1.184250000000000054e-04 1.030820000000000000e-04
-9.393469999999999359e-05 7.909109999999999903e-05
-5.202960000000000072e-05 4.620120000000000075e-05
-1.684739999999999984e-06 7.029989999999999755e-06
4.591239999999999769e-05 -3.396720000000000235e-05
8.147299999999999735e-05 -7.068759999999999725e-05
1.003400000000000049e-04 -9.677599999999999636e-05
1.027130000000000041e-04 -1.074770000000000011e-04
9.178569999999999774e-05 -1.010399999999999948e-04
7.131830000000000461e-05 -7.913300000000000282e-05
4.417639999999999940e-05 -4.622300000000000112e-05
1.246360000000000041e-05 -8.313169999999999894e-06
-2.131270000000000010e-05 2.844669999999999989e-05
-5.325229999999999835e-05 5.885229999999999894e-05
-7.822090000000000184e-05 7.925279999999999445e-05
-9.124809999999999800e-05 8.771980000000000673e-05
-8.939380000000000459e-05 8.394590000000000548e-05
-7.300820000000000345e-05 6.903900000000000087e-05
-4.570199999999999713e-05 4.530699999999999837e-05
-1.309969999999999928e-05 1.603610000000000051e-05
