-2.125140000000000129e-08 8.491009999999999745e-07
-1.429350000000000024e-07 3.179140000000000024e-06
-4.771250000000000058e-07 5.829020000000000139e-06
-1.154390000000000055e-06 1.040170000000000072e-05
-2.525089999999999908e-06 2.366269999999999962e-05
-5.506939999999999997e-06 5.354899999999999840e-05
-1.163850000000000046e-05 1.000440000000000064e-04
-2.236660000000000029e-05 1.463649999999999988e-04
-3.776750000000000051e-05 1.686579999999999969e-04
-5.546060000000000226e-05 1.455650000000000065e-04
-7.016580000000000505e-05 6.438080000000000538e-05
-7.436200000000000394e-05 -5.984290000000000263e-05
-6.053659999999999906e-05 -1.843020000000000118e-04
-2.434970000000000168e-05 -2.677709999999999813e-04
3.296779999999999969e-05 -3.003530000000000024e-04
1.041890000000000014e-04 -3.079719999999999984e-04
1.776749999999999955e-04 -3.306410000000000078e-04
2.403340000000000066e-04 -3.918060000000000227e-04
2.810460000000000193e-04 -4.740559999999999891e-04
2.931909999999999920e-04 -5.156600000000000333e-04
2.751489999999999774e-04 -4.499339999999999785e-04
2.290419999999999934e-04 -2.636030000000000035e-04
1.586120000000000054e-04 -4.028010000000000081e-06
6.686589999999999960e-05 2.619109999999999798e-04
-4.494330000000000048e-05 4.796320000000000184e-04
-1.748259999999999962e-04 6.191830000000000380e-04
-3.146140000000000069e-04 6.862870000000000515e-04
-4.461259999999999770e-04 7.165980000000000396e-04
-5.436599999999999549e-04 7.484049999999999470e-04
-5.832419999999999835e-04 7.955770000000000029e-04
-5.535450000000000136e-04 8.280009999999999757e-04
-4.609349999999999906e-04 7.692859999999999933e-04
-3.248510000000000243e-04 5.505529999999999582e-04
-1.671409999999999910e-04 1.759719999999999882e-04
-2.297359999999999973e-06 -2.865380000000000271e-04
1.662730000000000122e-04 -7.426820000000000426e-04
3.418259999999999897e-04 -1.098910000000000034e-03
5.238629999999999546e-04 -1.297500000000000042e-03
6.982849999999999864e-04 -1.338489999999999906e-03
8.352239999999999708e-04 -1.266919999999999939e-03
8.974150000000000399e-04 -1.140629999999999899e-03
8.555210000000000375e-04 -9.919740000000000675e-04
7.022649999999999856e-04 -8.103840000000000392e-04
4.577059999999999983e-04 -5.634929999999999800e-04
1.627090000000000036e-04 -2.206909999999999916e-04
-1.362299999999999883e-04 2.190910000000000069e-04
-4.025799999999999843e-04 7.013510000000000143e-04
-6.174900000000000527e-04 1.130479999999999896e-03
-7.769330000000000506e-04 1.421380000000000083e-03
-8.824119999999999533e-04 1.547549999999999967e-03
-9.321000000000000509e-04 1.535439999999999895e-03
-9.173700000000000344e-04 1.418090000000000106e-03
-8.260849999999999487e-04 1.203829999999999917e-03
-6.507849999999999703e-04 8.771710000000000488e-04
-3.975909999999999818e-04 4.413400000000000266e-04
-9.072909999999999840e-05 -5.832299999999999708e-05
2.319309999999999991e-04 -5.792279999999999911e-04
5.316010000000000353e-04 -1.087230000000000011e-03
7.807680000000000436e-04 -1.518940000000000090e-03
9.660270000000000532e-04 -1.800200000000000064e-03
1.081099999999999986e-03 -1.869229999999999937e-03
1.117099999999999994e-03 -1.702340000000000103e-03
1.059290000000000058e-03 -1.355679999999999949e-03
8.942139999999999464e-04 -9.316910000000000079e-04
6.217199999999999767e-04 -5.057279999999999935e-04
2.627239999999999871e-04 -8.373720000000000187e-05
-1.422580000000000058e-04 3.758929999999999737e-04
-5.420190000000000294e-04 8.896219999999999605e-04
-8.861420000000000277e-04 1.410440000000000001e-03
-1.135439999999999930e-03 1.846420000000000092e-03
-1.268950000000000026e-03 2.102430000000000184e-03
-1.284980000000000020e-03 2.114990000000000186e-03
-1.194839999999999965e-03 1.867240000000000046e-03
-1.012220000000000090e-03 1.386660000000000063e-03
-7.447960000000000431e-04 7.270529999999999658e-04
-3.945439999999999820e-04 -3.986320000000000146e-05
3.182729999999999934e-05 -8.117040000000000062e-04
5.086510000000000467e-04 -1.473270000000000048e-03
9.843820000000000087e-04 -1.945949999999999893e-03
1.389159999999999961e-03 -2.200339999999999848e-03
1.653619999999999960e-03 -2.240970000000000115e-03
1.728780000000000074e-03 -2.088819999999999913e-03
1.597969999999999989e-03 -1.771439999999999994e-03
1.276989999999999983e-03 -1.281840000000000019e-03
8.050250000000000114e-04 -5.993240000000000373e-04
2.344210000000000109e-04 2.163749999999999875e-04
-3.753680000000000016e-04 1.057250000000000030e-03
-9.617500000000000398e-04 1.807970000000000107e-03
-1.463579999999999916e-03 2.363749999999999966e-03
-1.826490000000000058e-03 2.663599999999999909e-03
-2.007640000000000206e-03 2.679770000000000155e-03
-1.978730000000000159e-03 2.392539999999999858e-03
-1.728179999999999951e-03 1.796150000000000047e-03
-1.264270000000000064e-03 9.055460000000000202e-04
-6.192349999999999894e-04 -1.988159999999999884e-04
1.467399999999999944e-04 -1.305039999999999933e-03
9.457439999999999901e-04 -2.178929999999999929e-03
1.672440000000000081e-03 -2.685069999999999905e-03
2.222780000000000155e-03 -2.812119999999999984e-03
2.513009999999999983e-03 -2.644049999999999786e-03
2.491989999999999917e-03 -2.248790000000000077e-03
2.146209999999999958e-03 -1.649440000000000064e-03
1.503379999999999907e-03 -8.769000000000000102e-04
6.355160000000000323e-04 5.028050000000000081e-05
-3.460930000000000083e-04 1.101940000000000038e-03
-1.307610000000000066e-03 2.141919999999999848e-03
-2.116900000000000118e-03 2.958709999999999812e-03
-2.666319999999999801e-03 3.327169999999999954e-03
-2.885799999999999997e-03 3.111839999999999832e-03
-2.745220000000000039e-03 2.369940000000000067e-03
-2.250649999999999873e-03 1.264570000000000017e-03
-1.440960000000000027e-03 2.862069999999999857e-05
-3.916440000000000199e-04 -1.082690000000000085e-03
7.777840000000000057e-04 -1.914270000000000034e-03
1.905970000000000103e-03 -2.447579999999999981e-03
2.811870000000000168e-03 -2.763460000000000135e-03
3.334160000000000075e-03 -2.906999999999999862e-03
3.372050000000000134e-03 -2.787319999999999815e-03
2.910610000000000107e-03 -2.260959999999999793e-03
2.023490000000000184e-03 -1.290930000000000029e-03
8.535590000000000451e-04 9.331609999999999582e-06
-4.223610000000000038e-04 1.400769999999999967e-03
-1.630390000000000008e-03 2.570419999999999910e-03
-2.622929999999999880e-03 3.227900000000000127e-03
-3.283330000000000103e-03 3.222130000000000133e-03
-3.522330000000000166e-03 2.636920000000000062e-03
-3.282290000000000207e-03 1.737700000000000009e-03
-2.555720000000000040e-03 7.983719999999999923e-04
-1.409349999999999969e-03 -3.190349999999999702e-05
2.728130000000000170e-06 -7.385929999999999536e-04
1.452139999999999985e-03 -1.376199999999999949e-03
2.680629999999999818e-03 -1.981080000000000080e-03
3.464000000000000065e-03 -2.467940000000000064e-03
3.670210000000000139e-03 -2.636659999999999872e-03
3.288590000000000090e-03 -2.329229999999999842e-03
2.420709999999999962e-03 -1.540829999999999977e-03
1.239990000000000059e-03 -4.354909999999999814e-04
-5.887780000000000064e-05 6.808990000000000008e-04
-1.296260000000000034e-03 1.485439999999999981e-03
-2.319869999999999918e-03 1.811139999999999929e-03
-3.002980000000000146e-03 1.740149999999999987e-03
-3.246499999999999820e-03 1.504880000000000106e-03
-2.994759999999999957e-03 1.268889999999999948e-03
-2.261040000000000185e-03 1.038440000000000066e-03
-1.149889999999999983e-03 7.449619999999999463e-04
1.418090000000000106e-04 3.466960000000000159e-04
1.360080000000000056e-03 -1.577940000000000007e-04
2.262350000000000212e-03 -7.163579999999999471e-04
2.690800000000000136e-03 -1.199659999999999963e-03
2.613600000000000211e-03 -1.458819999999999995e-03
2.115940000000000182e-03 -1.418750000000000089e-03
1.352439999999999892e-03 -1.162159999999999973e-03
4.911530000000000323e-04 -8.623390000000000525e-04
-3.255019999999999745e-04 -6.264620000000000475e-04
-9.943289999999999594e-04 -4.342610000000000220e-04
-1.446550000000000006e-03 -1.743399999999999876e-04
-1.640030000000000003e-03 2.389679999999999929e-04
-1.560879999999999950e-03 7.795249999999999879e-04
-1.235919999999999944e-03 1.332360000000000098e-03
-7.438969999999999827e-04 1.721969999999999968e-03
-2.069609999999999993e-04 1.770169999999999947e-03
2.430060000000000108e-04 1.452699999999999911e-03
5.088960000000000011e-04 9.186139999999999974e-04
5.626389999999999777e-04 3.379909999999999967e-04
4.535200000000000082e-04 -2.346700000000000012e-04
2.846300000000000175e-04 -8.178140000000000409e-04
1.647949999999999968e-04 -1.366129999999999905e-03
1.595330000000000055e-04 -1.775810000000000062e-03
2.685480000000000180e-04 -1.933840000000000038e-03
4.391190000000000219e-04 -1.774989999999999945e-03
5.997759999999999984e-04 -1.293840000000000094e-03
6.878239999999999658e-04 -5.107010000000000152e-04
6.584320000000000277e-04 4.338610000000000123e-04
4.847329999999999955e-04 1.272270000000000041e-03
1.611340000000000060e-04 1.784159999999999913e-03
-2.872589999999999952e-04 1.873129999999999977e-03
-7.934430000000000129e-04 1.532689999999999964e-03
-1.247559999999999988e-03 8.894610000000000277e-04
-1.518899999999999894e-03 1.783289999999999929e-04
-1.497920000000000024e-03 -4.189570000000000208e-04
-1.139980000000000073e-03 -8.079089999999999926e-04
-4.916669999999999938e-04 -9.702380000000000032e-04
3.139020000000000178e-04 -9.568730000000000117e-04
1.091659999999999939e-03 -7.819800000000000448e-04
1.655570000000000088e-03 -4.334790000000000149e-04
1.871070000000000068e-03 -2.414520000000000051e-05
1.693779999999999982e-03 2.615739999999999862e-04
1.178790000000000089e-03 3.018210000000000229e-04
4.576459999999999751e-04 9.389679999999999858e-05
-3.026680000000000234e-04 -2.719600000000000186e-04
-9.394289999999999802e-04 -6.783579999999999992e-04
-1.325060000000000083e-03 -9.138469999999999666e-04
-1.391840000000000091e-03 -7.801979999999999593e-04
-1.147470000000000044e-03 -2.647549999999999817e-04
-6.748109999999999872e-04 4.652859999999999765e-04
-1.130050000000000065e-04 1.156590000000000092e-03
3.788950000000000239e-04 1.570339999999999930e-03
6.694399999999999873e-04 1.540520000000000084e-03
6.977240000000000438e-04 1.095449999999999983e-03
4.933210000000000156e-04 3.805500000000000072e-04
1.653620000000000068e-04 -4.659239999999999931e-04
-1.382479999999999950e-04 -1.239950000000000080e-03
-2.897570000000000245e-04 -1.709969999999999893e-03
-2.325619999999999868e-04 -1.736600000000000036e-03
1.771739999999999955e-06 -1.375799999999999940e-03
3.148149999999999733e-04 -7.600940000000000040e-04
5.820040000000000066e-04 2.062510000000000011e-05
6.954040000000000525e-04 7.604340000000000448e-04
5.992810000000000107e-04 1.206430000000000089e-03
3.070279999999999884e-04 1.236770000000000100e-03
-1.061240000000000024e-04 8.821319999999999899e-04
-5.283889999999999854e-04 3.090300000000000143e-04
-8.442610000000000132e-04 -2.485580000000000146e-04
-9.663690000000000170e-04 -5.653519999999999769e-04
-8.600069999999999807e-04 -5.257079999999999479e-04
-5.538490000000000297e-04 -1.920629999999999939e-04
-1.327400000000000064e-04 2.530470000000000050e-04
2.870999999999999854e-04 5.808770000000000426e-04
5.955479999999999975e-04 5.924980000000000047e-04
7.254709999999999935e-04 2.713570000000000110e-04
6.718899999999999656e-04 -1.972990000000000095e-04
4.866930000000000106e-04 -6.075100000000000161e-04
2.539789999999999886e-04 -8.292560000000000035e-04
5.455369999999999913e-05 -7.842419999999999903e-04
-6.704929999999999517e-05 -4.858180000000000029e-04
-1.158119999999999950e-04 -6.145839999999999420e-05
-1.323449999999999941e-04 3.244429999999999970e-04
-1.615909999999999916e-04 5.497800000000000386e-04
-2.233450000000000105e-04 5.748220000000000066e-04
-3.010329999999999755e-04 4.453339999999999751e-04
-3.533640000000000001e-04 2.554619999999999743e-04
-3.399829999999999736e-04 9.425339999999999446e-05
-2.453970000000000088e-04 7.002280000000000151e-06
-8.827870000000000573e-05 -1.524589999999999916e-05
8.731379999999999740e-05 -1.724010000000000118e-05
2.324580000000000027e-04 -4.854460000000000274e-05
3.141299999999999757e-04 -1.326629999999999867e-04
3.260000000000000094e-04 -2.500639999999999829e-04
2.853399999999999752e-04 -3.487900000000000267e-04
2.197020000000000049e-04 -3.751919999999999951e-04
1.516819999999999887e-04 -3.041030000000000122e-04
8.979719999999999467e-05 -1.531779999999999893e-04
2.927789999999999966e-05 2.478739999999999920e-05
-3.911600000000000293e-05 1.681209999999999985e-04
-1.182810000000000014e-04 2.377980000000000024e-04
-1.986500000000000039e-04 2.357109999999999934e-04
-2.603509999999999744e-04 1.973889999999999900e-04
-2.822540000000000118e-04 1.639599999999999955e-04
-2.526399999999999935e-04 1.522740000000000129e-04
-1.756030000000000058e-04 1.467940000000000043e-04
-7.004649999999999418e-05 1.187460000000000045e-04
3.782179999999999760e-05 5.075080000000000205e-05
1.246780000000000013e-04 -5.058980000000000139e-05
1.780779999999999982e-04 -1.575380000000000085e-04
1.986079999999999931e-04 -2.360910000000000135e-04
1.956030000000000041e-04 -2.629889999999999854e-04
1.792999999999999943e-04 -2.353769999999999929e-04
1.542889999999999995e-04 -1.691080000000000079e-04
1.181660000000000067e-04 -8.838700000000000603e-05
6.592369999999999361e-05 -1.363819999999999929e-05
-3.145169999999999992e-06 4.574029999999999980e-05
-8.089819999999999737e-05 9.086619999999999409e-05
-1.514250000000000079e-04 1.270619999999999974e-04
-1.973490000000000107e-04 1.566879999999999879e-04
-2.075989999999999888e-04 1.757619999999999886e-04
-1.820690000000000080e-04 1.760440000000000106e-04
-1.307310000000000058e-04 1.506610000000000132e-04
-6.817670000000000067e-05 9.940729999999999944e-05
-7.107270000000000140e-06 3.046500000000000054e-05
4.555300000000000245e-05 -4.225210000000000158e-05
8.835360000000000056e-05 -1.043190000000000019e-04
1.219590000000000024e-04 -1.456250000000000025e-04
1.455320000000000019e-04 -1.625540000000000025e-04
1.553869999999999947e-04 -1.570890000000000133e-04
1.466530000000000069e-04 -1.341199999999999966e-04
1.166760000000000057e-04 -9.881880000000000329e-05
6.788150000000000390e-05 -5.539790000000000030e-05
8.233700000000000467e-06 -7.404990000000000400e-06
-5.101509999999999883e-05 4.124059999999999949e-05
-9.907539999999999674e-05 8.553620000000000277e-05
-1.289139999999999926e-04 1.196749999999999951e-04
-1.385869999999999930e-04 1.382789999999999952e-04
-1.303239999999999943e-04 1.379899999999999985e-04
-1.083130000000000047e-04 1.186419999999999933e-04
-7.665019999999999332e-05 8.349939999999999544e-05
-3.852200000000000150e-05 3.847139999999999897e-05
3.268799999999999942e-06 -9.324179999999999892e-06
4.520900000000000032e-05 -5.309860000000000014e-05
8.248499999999999376e-05 -8.752490000000000628e-05
1.095300000000000033e-04 -1.092359999999999956e-04
