-2.087490000000000119e-08 8.491180000000000202e-07
-1.408439999999999872e-07 3.179110000000000043e-06
-4.720459999999999906e-07 5.828500000000000185e-06
-1.146610000000000021e-06 1.039990000000000016e-05
-2.513270000000000164e-06 2.365949999999999938e-05
-5.481420000000000282e-06 5.354519999999999685e-05
-1.158399999999999954e-05 1.000379999999999932e-04
-2.228650000000000084e-05 1.463520000000000109e-04
-3.771530000000000124e-05 1.686349999999999872e-04
-5.554100000000000237e-05 1.455530000000000072e-04
-7.048319999999999629e-05 6.443730000000000052e-05
-7.493439999999999867e-05 -5.963260000000000229e-05
-6.122149999999999652e-05 -1.838859999999999941e-04
-2.485000000000000094e-05 -2.672129999999999775e-04
3.297860000000000304e-05 -2.998760000000000271e-04
1.048679999999999995e-04 -3.079089999999999822e-04
1.788670000000000071e-04 -3.312650000000000208e-04
2.416209999999999962e-04 -3.931229999999999968e-04
2.819790000000000187e-04 -4.757130000000000039e-04
2.935750000000000208e-04 -5.170590000000000516e-04
2.751680000000000055e-04 -4.505460000000000194e-04
2.291010000000000008e-04 -2.632900000000000084e-04
1.589689999999999886e-04 -3.138820000000000045e-06
6.734839999999999371e-05 2.627829999999999945e-04
-4.489609999999999863e-05 4.800849999999999953e-04
-1.757910000000000115e-04 6.193340000000000303e-04
-3.167469999999999813e-04 6.867050000000000194e-04
-4.489690000000000174e-04 7.178700000000000098e-04
-5.463199999999999871e-04 7.506290000000000531e-04
-5.848280000000000188e-04 7.981550000000000450e-04
-5.536090000000000455e-04 8.298910000000000271e-04
-4.596800000000000170e-04 7.695690000000000039e-04
-3.230050000000000152e-04 5.489579999999999980e-04
-1.655310000000000115e-04 1.730489999999999893e-04
-1.345089999999999983e-06 -2.897010000000000102e-04
1.668069999999999904e-04 -7.450389999999999660e-04
3.426540000000000163e-04 -1.100010000000000007e-03
5.256390000000000541e-04 -1.297669999999999900e-03
7.010659999999999722e-04 -1.338570000000000081e-03
8.382910000000000144e-04 -1.267679999999999979e-03
8.995789999999999603e-04 -1.142189999999999959e-03
8.557490000000000496e-04 -9.936680000000000686e-04
7.002549999999999964e-04 -8.110650000000000281e-04
4.540640000000000084e-04 -5.621960000000000499e-04
1.586159999999999870e-04 -2.172209999999999994e-04
-1.396419999999999888e-04 2.239689999999999964e-04
-4.047710000000000045e-04 7.062379999999999830e-04
-6.186629999999999820e-04 1.133979999999999927e-03
-7.777329999999999617e-04 1.422740000000000029e-03
-8.833429999999999754e-04 1.546899999999999924e-03
-9.330509999999999542e-04 1.533569999999999942e-03
-9.175879999999999974e-04 1.415919999999999982e-03
-8.246720000000000352e-04 1.201830000000000086e-03
-6.473930000000000136e-04 8.752099999999999637e-04
-3.928210000000000122e-04 4.389439999999999770e-04
-8.589230000000000432e-05 -6.143120000000000232e-05
2.355140000000000087e-04 -5.827439999999999487e-04
5.332600000000000274e-04 -1.090330000000000032e-03
7.806889999999999923e-04 -1.520719999999999928e-03
9.649689999999999830e-04 -1.800179999999999966e-03
1.079869999999999918e-03 -1.867560000000000097e-03
1.116100000000000078e-03 -1.699650000000000032e-03
1.058359999999999943e-03 -1.352700000000000083e-03
8.927359999999999853e-04 -9.289250000000000415e-04
6.190310000000000300e-04 -5.032879999999999559e-04
2.586220000000000185e-04 -8.139899999999999772e-05
-1.471479999999999945e-04 3.784589999999999894e-04
-5.463619999999999978e-04 8.925159999999999908e-04
-8.885250000000000353e-04 1.413259999999999950e-03
-1.135170000000000016e-03 1.848269999999999948e-03
-1.266449999999999911e-03 2.102319999999999970e-03
-1.281479999999999989e-03 2.112460000000000032e-03
-1.191580000000000026e-03 1.862710000000000060e-03
-1.009719999999999975e-03 1.381339999999999998e-03
-7.427160000000000359e-04 7.223140000000000506e-04
-3.921749999999999780e-04 -4.316960000000000084e-05
3.492540000000000276e-05 -8.135800000000000540e-04
5.122780000000000172e-04 -1.474320000000000101e-03
9.878029999999999883e-04 -1.946840000000000029e-03
1.391499999999999942e-03 -2.201330000000000040e-03
1.654220000000000083e-03 -2.241770000000000134e-03
1.727409999999999970e-03 -2.088850000000000168e-03
1.594820000000000048e-03 -1.770080000000000047e-03
1.272520000000000075e-03 -1.278709999999999960e-03
7.998610000000000182e-04 -5.944000000000000282e-04
2.291469999999999933e-04 2.226549999999999883e-04
-3.803640000000000059e-04 1.063989999999999901e-03
-9.663239999999999590e-04 1.813970000000000036e-03
-1.467640000000000090e-03 2.367929999999999861e-03
-1.829689999999999919e-03 2.665359999999999865e-03
-2.009250000000000185e-03 2.679110000000000172e-03
-1.977850000000000181e-03 2.389880000000000042e-03
-1.724229999999999990e-03 1.791880000000000035e-03
-1.257459999999999958e-03 8.998489999999999831e-04
-6.105600000000000090e-04 -2.058960000000000087e-04
1.559339999999999880e-04 -1.313219999999999926e-03
9.544150000000000160e-04 -2.187450000000000071e-03
1.680110000000000067e-03 -2.692829999999999790e-03
2.229150000000000055e-03 -2.818070000000000210e-03
2.517399999999999933e-03 -2.647490000000000173e-03
2.493079999999999949e-03 -2.249220000000000125e-03
2.142550000000000010e-03 -1.646340000000000043e-03
1.494330000000000094e-03 -8.696020000000000269e-04
6.218390000000000072e-04 6.207870000000000586e-05
-3.623020000000000016e-04 1.117469999999999965e-03
-1.323650000000000000e-03 2.158999999999999895e-03
-2.130359999999999979e-03 2.974130000000000176e-03
-2.675649999999999903e-03 3.337829999999999964e-03
-2.890320000000000042e-03 3.115829999999999989e-03
-2.744710000000000032e-03 2.367059999999999824e-03
-2.244770000000000099e-03 1.255910000000000056e-03
-1.429240000000000024e-03 1.563940000000000141e-05
-3.739440000000000233e-04 -1.098940000000000073e-03
8.004820000000000381e-04 -1.933189999999999995e-03
1.931009999999999931e-03 -2.468360000000000172e-03
2.835040000000000043e-03 -2.784229999999999951e-03
3.350629999999999841e-03 -2.924449999999999879e-03
3.377929999999999908e-03 -2.797270000000000138e-03
2.904400000000000124e-03 -2.259719999999999784e-03
2.006579999999999996e-03 -1.276940000000000063e-03
8.293169999999999882e-04 3.454039999999999883e-05
-4.501369999999999764e-04 1.432749999999999996e-03
-1.658689999999999991e-03 2.603299999999999798e-03
-2.649659999999999863e-03 3.256329999999999988e-03
-3.306499999999999977e-03 3.242670000000000014e-03
-3.539099999999999885e-03 2.648179999999999978e-03
-3.288829999999999965e-03 1.739370000000000065e-03
-2.548239999999999793e-03 7.901679999999999468e-04
-1.386080000000000038e-03 -5.066539999999999775e-05
3.983039999999999731e-05 -7.681660000000000311e-04
1.497070000000000085e-03 -1.414899999999999968e-03
2.724799999999999878e-03 -2.024150000000000168e-03
3.498970000000000118e-03 -2.507810000000000074e-03
3.690249999999999954e-03 -2.664839999999999917e-03
3.291870000000000126e-03 -2.339100000000000207e-03
2.408669999999999908e-03 -1.529989999999999952e-03
1.215509999999999941e-03 -4.064119999999999842e-04
-9.300530000000000212e-05 7.221540000000000251e-04
-1.337569999999999948e-03 1.531599999999999932e-03
-2.365219999999999909e-03 1.855840000000000094e-03
-3.047199999999999909e-03 1.778749999999999949e-03
-3.282129999999999857e-03 1.533869999999999895e-03
-3.013560000000000197e-03 1.284910000000000002e-03
-2.257069999999999910e-03 1.037930000000000059e-03
-1.122329999999999942e-03 7.252680000000000498e-04
1.877500000000000100e-04 3.080919999999999904e-04
1.414930000000000007e-03 -2.105339999999999870e-04
2.315660000000000201e-03 -7.741700000000000231e-04
2.734190000000000058e-03 -1.251490000000000068e-03
2.642250000000000067e-03 -1.494939999999999941e-03
2.128189999999999856e-03 -1.433470000000000057e-03
1.348379999999999935e-03 -1.154749999999999961e-03
4.714340000000000132e-04 -8.360559999999999520e-04
-3.596790000000000100e-04 -5.867239999999999478e-04
-1.040130000000000004e-03 -3.870069999999999760e-04
-1.498280000000000054e-03 -1.253620000000000103e-04
-1.689189999999999919e-03 2.838800000000000264e-04
-1.598009999999999969e-03 8.144069999999999565e-04
-1.253690000000000013e-03 1.351629999999999932e-03
-7.396990000000000206e-04 1.721880000000000068e-03
-1.836200000000000072e-04 1.750370000000000007e-03
2.787530000000000194e-04 1.417019999999999955e-03
5.492920000000000528e-04 8.742500000000000271e-04
6.014959999999999751e-04 2.933710000000000072e-04
4.871480000000000189e-04 -2.723639999999999829e-04
3.110060000000000103e-04 -8.442470000000000096e-04
1.821819999999999982e-04 -1.379900000000000094e-03
1.659660000000000031e-04 -1.777380000000000062e-03
2.625899999999999914e-04 -1.924380000000000058e-03
4.211269999999999814e-04 -1.756009999999999906e-03
5.725739999999999563e-04 -1.267619999999999901e-03
6.562119999999999845e-04 -4.806739999999999993e-04
6.277750000000000127e-04 4.633950000000000178e-04
4.592889999999999863e-04 1.297229999999999911e-03
1.429699999999999949e-04 1.801880000000000061e-03
-2.981799999999999945e-04 1.882919999999999950e-03
-7.981530000000000135e-04 1.535429999999999955e-03
-1.246699999999999892e-03 8.864879999999999462e-04
-1.512010000000000047e-03 1.703979999999999904e-04
-1.483720000000000004e-03 -4.320060000000000241e-04
-1.117780000000000076e-03 -8.266429999999999525e-04
-4.626890000000000148e-04 -9.946040000000000610e-04
3.459509999999999951e-04 -9.852380000000000426e-04
1.121409999999999985e-03 -8.108219999999999967e-04
1.677710000000000009e-03 -4.579510000000000069e-04
1.881969999999999954e-03 -3.935519999999999887e-05
1.692039999999999907e-03 2.591210000000000149e-04
1.164810000000000064e-03 3.132809999999999978e-04
4.330219999999999751e-04 1.179869999999999937e-04
-3.353399999999999979e-04 -2.384519999999999999e-04
-9.763130000000000289e-04 -6.399599999999999646e-04
-1.360979999999999916e-03 -8.759920000000000250e-04
-1.420760000000000078e-03 -7.488349999999999954e-04
-1.163739999999999913e-03 -2.456049999999999770e-04
-6.748760000000000349e-04 4.679789999999999861e-04
-9.676149999999999844e-05 1.141499999999999937e-03
4.078290000000000149e-04 1.539989999999999979e-03
7.048109999999999575e-04 1.501050000000000084e-03
7.326070000000000281e-04 1.055100000000000005e-03
5.220819999999999931e-04 3.472209999999999880e-04
1.847329999999999947e-04 -4.868569999999999907e-04
-1.292280000000000035e-04 -1.246780000000000067e-03
-2.904520000000000170e-04 -1.704339999999999935e-03
-2.414689999999999881e-04 -1.722119999999999944e-03
-1.344800000000000067e-05 -1.356510000000000007e-03
2.953440000000000102e-04 -7.393830000000000324e-04
5.604899999999999683e-04 4.040790000000000321e-05
6.742210000000000217e-04 7.778839999999999540e-04
5.807120000000000467e-04 1.220809999999999907e-03
2.928019999999999928e-04 1.247719999999999906e-03
-1.151149999999999981e-04 8.895150000000000105e-04
-5.319230000000000095e-04 3.127450000000000152e-04
-8.423140000000000401e-04 -2.487759999999999776e-04
-9.587629999999999547e-04 -5.700930000000000320e-04
-8.465280000000000374e-04 -5.357849999999999939e-04
-5.348640000000000208e-04 -2.080039999999999960e-04
-1.099109999999999985e-04 2.317940000000000104e-04
3.105809999999999864e-04 5.566139999999999803e-04
6.155040000000000077e-04 5.693049999999999847e-04
7.379469999999999736e-04 2.542169999999999955e-04
6.745190000000000517e-04 -2.040649999999999918e-04
4.794949999999999755e-04 -6.018669999999999619e-04
2.391170000000000079e-04 -8.123639999999999898e-04
3.524010000000000163e-05 -7.601420000000000008e-04
-8.773410000000000420e-05 -4.599599999999999804e-04
-1.355489999999999993e-04 -3.879289999999999919e-05
-1.495210000000000072e-04 3.408789999999999867e-04
-1.748789999999999904e-04 5.591800000000000503e-04
-2.313639999999999892e-04 5.779160000000000416e-04
-3.024200000000000217e-04 4.432759999999999890e-04
-3.472610000000000215e-04 2.490190000000000090e-04
-3.266559999999999841e-04 8.367469999999999357e-05
-2.265980000000000012e-04 -7.517010000000000049e-06
-6.705760000000000659e-05 -3.290070000000000163e-05
1.073530000000000003e-04 -3.620710000000000101e-05
2.481469999999999943e-04 -6.608870000000000304e-05
3.235269999999999943e-04 -1.457440000000000059e-04
3.286329999999999959e-04 -2.561950000000000230e-04
2.818790000000000163e-04 -3.467990000000000113e-04
2.113390000000000039e-04 -3.655749999999999820e-04
1.396149999999999974e-04 -2.888550000000000254e-04
7.509189999999999843e-05 -1.351679999999999906e-04
1.307899999999999963e-05 4.261839999999999840e-05
-5.526979999999999724e-05 1.834270000000000041e-04
-1.323650000000000109e-04 2.491349999999999923e-04
-2.084429999999999963e-04 2.424489999999999957e-04
-2.640230000000000029e-04 1.993859999999999914e-04
-2.789779999999999842e-04 1.612480000000000120e-04
-2.429420000000000060e-04 1.449730000000000094e-04
-1.612729999999999990e-04 1.352860000000000054e-04
-5.364310000000000145e-05 1.039910000000000010e-04
5.367579999999999861e-05 3.448930000000000198e-05
1.379080000000000084e-04 -6.596709999999999391e-05
1.874439999999999895e-04 -1.694880000000000009e-04
2.036170000000000124e-04 -2.426159999999999959e-04
1.961909999999999924e-04 -2.632080000000000183e-04
1.755620000000000108e-04 -2.297070000000000015e-04
1.464430000000000072e-04 -1.589779999999999948e-04
1.067529999999999993e-04 -7.567940000000000593e-05
5.207050000000000231e-05 -1.523299999999999883e-07
-1.765629999999999899e-05 5.855760000000000327e-05
-9.387179999999999797e-05 1.018939999999999972e-04
-1.607640000000000078e-04 1.353340000000000023e-04
-2.016139999999999979e-04 1.612969999999999975e-04
-2.063640000000000049e-04 1.759689999999999952e-04
-1.759390000000000107e-04 1.715429999999999939e-04
-1.210370000000000001e-04 1.418459999999999968e-04
-5.653139999999999885e-05 8.745960000000000539e-05
4.968590000000000315e-06 1.717520000000000117e-05
5.680309999999999830e-05 -5.486519999999999776e-05
9.775660000000000523e-05 -1.144500000000000037e-04
1.286220000000000028e-04 -1.520220000000000024e-04
1.486609999999999917e-04 -1.646549999999999880e-04
1.544109999999999960e-04 -1.549719999999999928e-04
1.414630000000000108e-04 -1.283359999999999991e-04
1.078329999999999957e-04 -9.022240000000000544e-05
5.663850000000000330e-05 -4.502929999999999932e-05
-3.680470000000000186e-06 3.562349999999999867e-06
-6.178750000000000431e-05 5.154299999999999762e-05
-1.072159999999999980e-04 9.391040000000000130e-05
-1.335200000000000091e-04 1.250179999999999879e-04
-1.393859999999999967e-04 1.398500000000000112e-04
-1.275500000000000104e-04 1.355779999999999952e-04
-1.025200000000000010e-04 1.126330000000000039e-04
-6.857919999999999554e-05 7.481559999999999567e-05
-2.906099999999999840e-05 2.838990000000000071e-05
1.307529999999999999e-05 -1.940510000000000162e-05
5.418599999999999925e-05 -6.188300000000000365e-05
8.944610000000000408e-05 -9.398339999999999873e-05
1.134850000000000019e-04 -1.126950000000000044e-04
