-2.050489999999999854e-08 8.491079999999999559e-07
-1.387840000000000071e-07 3.178930000000000157e-06
-4.670209999999999836e-07 5.827520000000000238e-06
-1.138849999999999904e-06 1.039719999999999932e-05
-2.501390000000000034e-06 2.365449999999999858e-05
-5.455829999999999906e-06 5.353760000000000051e-05
-1.152940000000000010e-05 1.000250000000000054e-04
-2.220529999999999897e-05 1.463249999999999924e-04
-3.765909999999999999e-05 1.685919999999999877e-04
-5.561200000000000220e-05 1.455170000000000096e-04
-7.078400000000000533e-05 6.447389999999999946e-05
-7.548319999999999585e-05 -5.943220000000000333e-05
-6.187950000000000275e-05 -1.834670000000000105e-04
-2.532649999999999883e-05 -2.666400000000000085e-04
3.300300000000000233e-05 -2.993790000000000080e-04
1.055440000000000046e-04 -3.078229999999999834e-04
1.800380000000000133e-04 -3.318579999999999794e-04
2.428660000000000020e-04 -3.943940000000000054e-04
2.828519999999999949e-04 -4.772949999999999762e-04
2.938819999999999757e-04 -5.183520000000000271e-04
2.750970000000000260e-04 -4.510350000000000210e-04
2.290609999999999944e-04 -2.628600000000000142e-04
1.592300000000000052e-04 -2.162720000000000191e-06
6.774929999999999863e-05 2.636970000000000199e-04
-4.490730000000000286e-05 4.805359999999999948e-04
-1.767820000000000025e-04 6.194459999999999507e-04
-3.188639999999999747e-04 6.870539999999999850e-04
-4.517410000000000240e-04 7.190430000000000476e-04
-5.488449999999999536e-04 7.527159999999999537e-04
-5.862180000000000038e-04 8.005449999999999459e-04
-5.534370000000000478e-04 8.315399999999999701e-04
-4.581860000000000208e-04 7.695749999999999900e-04
-3.209479999999999907e-04 5.470899999999999678e-04
-1.637560000000000090e-04 1.699109999999999932e-04
-2.779639999999999868e-07 -2.929760000000000220e-04
1.674059999999999893e-04 -7.473850000000000415e-04
3.434900000000000063e-04 -1.100980000000000101e-03
5.273440000000000115e-04 -1.297629999999999921e-03
7.036730000000000372e-04 -1.338390000000000066e-03
8.410680000000000456e-04 -1.268129999999999908e-03
9.013530000000000283e-04 -1.143399999999999929e-03
8.555340000000000254e-04 -9.949640000000000914e-04
6.978180000000000060e-04 -8.113270000000000334e-04
4.500719999999999829e-04 -5.605070000000000191e-04
1.542919999999999925e-04 -2.134500000000000113e-04
-1.431519999999999874e-04 2.290000000000000098e-04
-4.069370000000000105e-04 7.110909999999999584e-04
-6.197070000000000486e-04 1.137269999999999904e-03
-7.783070000000000006e-04 1.423739999999999945e-03
-8.839470000000000530e-04 1.545780000000000071e-03
-9.335710000000000102e-04 1.531180000000000041e-03
-9.172919999999999989e-04 1.413210000000000030e-03
-8.227090000000000271e-04 1.199310000000000090e-03
-6.434910000000000499e-04 8.727760000000000205e-04
-3.876579999999999805e-04 4.361619999999999755e-04
-8.084210000000000311e-05 -6.478040000000000068e-05
2.391059999999999974e-04 -5.863049999999999642e-04
5.347390000000000043e-04 -1.093250000000000038e-03
7.802840000000000123e-04 -1.522099999999999972e-03
9.634840000000000201e-04 -1.799599999999999941e-03
1.078140000000000001e-03 -1.865230000000000056e-03
1.114549999999999959e-03 -1.696269999999999939e-03
1.056829999999999922e-03 -1.349079999999999897e-03
8.906660000000000271e-04 -9.256209999999999525e-04
6.158290000000000292e-04 -5.004449999999999697e-04
2.541819999999999865e-04 -7.880930000000000454e-05
-1.521360000000000084e-04 3.811050000000000180e-04
-5.505440000000000333e-04 8.952880000000000517e-04
-8.905220000000000366e-04 1.415730000000000027e-03
-1.134349999999999898e-03 1.849549999999999935e-03
-1.263320000000000068e-03 2.101480000000000188e-03
-1.277319999999999975e-03 2.109100000000000037e-03
-1.187670000000000045e-03 1.857369999999999898e-03
-1.006610000000000013e-03 1.375329999999999912e-03
-7.401200000000000357e-04 7.170730000000000376e-04
-3.894209999999999837e-04 -4.675840000000000280e-05
3.822000000000000337e-05 -8.154969999999999884e-04
5.158549999999999594e-04 -1.475170000000000040e-03
9.908930000000000689e-04 -1.947299999999999899e-03
1.393230000000000076e-03 -2.201680000000000130e-03
1.654019999999999969e-03 -2.241799999999999956e-03
1.725149999999999947e-03 -2.088009999999999953e-03
1.590800000000000070e-03 -1.767839999999999906e-03
1.267310000000000008e-03 -1.274769999999999940e-03
7.941240000000000018e-04 -5.888280000000000076e-04
2.234980000000000072e-04 2.293169999999999866e-04
-3.855139999999999956e-04 1.070769999999999968e-03
-9.707920000000000525e-04 1.819689999999999893e-03
-1.471300000000000038e-03 2.371540000000000106e-03
-1.832199999999999974e-03 2.666299999999999920e-03
-2.009920000000000109e-03 2.677469999999999937e-03
-1.975880000000000171e-03 2.386150000000000077e-03
-1.719189999999999998e-03 1.786569999999999912e-03
-1.249670000000000034e-03 8.932319999999999887e-04
-6.011449999999999780e-04 -2.136550000000000135e-04
1.655500000000000125e-04 -1.321740000000000068e-03
9.631309999999999915e-04 -2.195920000000000077e-03
1.687410000000000082e-03 -2.700140000000000179e-03
2.234789999999999954e-03 -2.823219999999999983e-03
2.520740000000000047e-03 -2.649830000000000154e-03
2.492900000000000151e-03 -2.248389999999999850e-03
2.137539999999999839e-03 -1.641920000000000055e-03
1.483979999999999978e-03 -8.610710000000000369e-04
6.070690000000000114e-04 7.486820000000000259e-05
-3.792469999999999826e-04 1.133619999999999897e-03
-1.339939999999999968e-03 2.176200000000000096e-03
-2.143500000000000006e-03 2.989159999999999821e-03
-2.684119999999999909e-03 3.347590000000000114e-03
-2.893559999999999882e-03 3.118520000000000059e-03
-2.742629999999999808e-03 2.362630000000000112e-03
-2.237219999999999834e-03 1.245650000000000056e-03
-1.415910000000000042e-03 1.185499999999999915e-06
-3.548870000000000193e-04 -1.116369999999999993e-03
8.241070000000000296e-04 -1.952860000000000056e-03
1.956390000000000125e-03 -2.489369999999999864e-03
2.857839999999999946e-03 -2.804640000000000171e-03
3.366019999999999950e-03 -2.940939999999999960e-03
3.382159999999999941e-03 -2.805699999999999947e-03
2.896189999999999876e-03 -2.256559999999999903e-03
1.987580000000000076e-03 -1.260859999999999932e-03
8.031610000000000442e-04 6.166459999999999910e-05
-4.794089999999999767e-04 1.466180000000000087e-03
-1.687890000000000050e-03 2.636959999999999825e-03
-2.676589999999999959e-03 3.284790000000000106e-03
-3.329100000000000201e-03 3.262530000000000031e-03
-3.554550000000000071e-03 2.658129999999999868e-03
-3.293379999999999832e-03 1.739270000000000009e-03
-2.538349999999999981e-03 7.798599999999999500e-04
-1.360289999999999893e-03 -7.165380000000000165e-05
7.918530000000000230e-05 -7.998359999999999498e-04
1.543620000000000105e-03 -1.455270000000000044e-03
2.769699999999999940e-03 -2.068169999999999818e-03
3.533670000000000040e-03 -2.547680000000000083e-03
3.709099999999999897e-03 -2.692009999999999889e-03
3.293250000000000170e-03 -2.347099999999999968e-03
2.394260000000000051e-03 -1.516710000000000107e-03
1.188470000000000065e-03 -3.747040000000000093e-04
-1.295950000000000086e-04 7.658600000000000433e-04
-1.380979999999999968e-03 1.579740000000000050e-03
-2.412029999999999903e-03 1.901860000000000009e-03
-3.091990000000000190e-03 1.817859999999999919e-03
-3.317239999999999946e-03 1.562510000000000027e-03
-3.030779999999999846e-03 1.299680000000000106e-03
-2.250659999999999814e-03 1.035340000000000045e-03
-1.091869999999999993e-03 7.028810000000000353e-04
2.365799999999999880e-04 2.665529999999999939e-04
1.472199999999999898e-03 -2.659860000000000111e-04
2.370600000000000051e-03 -8.340290000000000203e-04
2.778309999999999981e-03 -1.304379999999999949e-03
2.670720000000000125e-03 -1.530990000000000085e-03
2.139429999999999891e-03 -1.447069999999999954e-03
1.342569999999999961e-03 -1.145350000000000057e-03
4.493720000000000201e-04 -8.072399999999999758e-04
-3.965829999999999941e-04 -5.442100000000000496e-04
-1.088699999999999954e-03 -3.370410000000000007e-04
-1.552409999999999944e-03 -7.405229999999999571e-05
-1.739929999999999992e-03 3.304320000000000239e-04
-1.635629999999999896e-03 8.499650000000000521e-04
-1.270789999999999940e-03 1.370459999999999994e-03
-7.338590000000000087e-04 1.720240000000000050e-03
-1.579979999999999872e-04 1.728160000000000069e-03
3.170529999999999746e-04 1.378469999999999912e-03
5.922009999999999904e-04 8.269910000000000108e-04
6.425979999999999756e-04 2.462359999999999918e-04
5.225720000000000105e-04 -3.118940000000000059e-04
3.385470000000000233e-04 -8.716519999999999954e-04
1.999179999999999924e-04 -1.393689999999999946e-03
1.717819999999999894e-04 -1.778000000000000067e-03
2.550280000000000255e-04 -1.913130000000000082e-03
4.007249999999999961e-04 -1.734620000000000085e-03
5.425319999999999752e-04 -1.238670000000000092e-03
6.218190000000000175e-04 -4.479970000000000003e-04
5.948379999999999857e-04 4.951320000000000157e-04
4.323539999999999740e-04 1.323640000000000060e-03
1.242100000000000051e-04 1.820130000000000099e-03
-3.088260000000000007e-04 1.892309999999999912e-03
-8.017880000000000016e-04 1.536929999999999937e-03
-1.244080000000000056e-03 8.816289999999999847e-04
-1.502770000000000061e-03 1.601790000000000126e-04
-1.466869999999999893e-03 -4.474850000000000160e-04
-1.092960000000000025e-03 -8.476780000000000382e-04
-4.315470000000000070e-04 -1.020859999999999953e-03
3.793339999999999971e-04 -1.014810000000000104e-03
1.151429999999999945e-03 -8.400120000000000069e-04
1.699060000000000067e-03 -4.818509999999999916e-04
1.891190000000000059e-03 -5.317020000000000128e-05
1.688040000000000027e-03 2.586660000000000066e-04
1.148359999999999962e-03 3.270670000000000044e-04
4.060259999999999781e-04 1.444480000000000102e-04
-3.700309999999999949e-04 -2.027920000000000059e-04
-1.014670000000000068e-03 -5.998789999999999938e-04
-1.397669999999999945e-03 -8.371410000000000136e-04
-1.449650000000000027e-03 -7.173219999999999466e-04
-1.179149999999999903e-03 -2.272119999999999923e-04
-6.733309999999999946e-04 4.690809999999999902e-04
-7.839319999999999340e-05 1.124199999999999896e-03
4.390749999999999796e-04 1.507139999999999912e-03
7.423350000000000001e-04 1.459199999999999907e-03
7.692060000000000347e-04 1.012810000000000056e-03
5.519500000000000534e-04 3.126550000000000076e-04
2.045329999999999880e-04 -5.082020000000000244e-04
-1.204599999999999952e-04 -1.253189999999999946e-03
-2.920500000000000244e-04 -1.697539999999999986e-03
-2.518649999999999882e-04 -1.705899999999999994e-03
-3.061720000000000224e-05 -1.335119999999999970e-03
2.736820000000000268e-04 -7.164790000000000091e-04
5.368519999999999889e-04 6.219439999999999528e-05
6.513110000000000123e-04 7.968800000000000276e-04
5.610889999999999671e-04 1.236059999999999980e-03
2.783430000000000149e-04 1.258769999999999984e-03
-1.235160000000000012e-04 8.962590000000000530e-04
-5.341719999999999672e-04 3.152070000000000197e-04
-8.385969999999999536e-04 -2.506639999999999975e-04
-9.491449999999999800e-04 -5.767069999999999792e-04
-8.310449999999999825e-04 -5.477309999999999774e-04
-5.141240000000000263e-04 -2.256190000000000094e-04
-8.579009999999999707e-05 2.092480000000000132e-04
3.347189999999999779e-04 5.316090000000000529e-04
6.353889999999999842e-04 5.460509999999999800e-04
7.496389999999999694e-04 2.377419999999999881e-04
6.757780000000000340e-04 -2.095169999999999932e-04
4.705579999999999897e-04 -5.944579999999999656e-04
2.224030000000000050e-04 -7.935340000000000362e-04
1.420599999999999917e-05 -7.342240000000000094e-04
-1.098130000000000005e-04 -4.326479999999999953e-04
-1.562190000000000030e-04 -1.519870000000000070e-05
-1.670879999999999967e-04 3.576429999999999909e-04
-1.879709999999999931e-04 5.683049999999999604e-04
-2.385990000000000105e-04 5.801820000000000501e-04
-3.025020000000000118e-04 4.399359999999999838e-04
-3.394849999999999929e-04 2.409859999999999997e-04
-3.115290000000000051e-04 7.138389999999999937e-05
-2.061520000000000008e-04 -2.364979999999999844e-05
-4.459329999999999875e-05 -5.184559999999999706e-05
1.280680000000000078e-04 -5.595140000000000101e-05
2.638970000000000248e-04 -8.378499999999999826e-05
3.324180000000000147e-04 -1.583420000000000097e-04
3.303000000000000055e-04 -2.613000000000000088e-04
2.771219999999999803e-04 -3.434050000000000232e-04
2.014910000000000128e-04 -3.543829999999999984e-04
1.260289999999999956e-04 -2.720649999999999913e-04
5.900530000000000239e-05 -1.158340000000000026e-04
-4.177829999999999605e-06 6.140510000000000608e-05
-7.199429999999999610e-05 1.992150000000000095e-04
-1.464310000000000080e-04 2.604279999999999941e-04
-2.176260000000000065e-04 2.486270000000000168e-04
-2.665920000000000117e-04 2.003770000000000095e-04
-2.742889999999999890e-04 1.572149999999999915e-04
-2.317429999999999935e-04 1.362029999999999968e-04
-1.455639999999999907e-04 1.223540000000000012e-04
-3.614590000000000234e-05 8.804729999999999978e-05
7.023169999999999370e-05 1.743419999999999988e-05
1.513929999999999920e-04 -8.163430000000000545e-05
1.966059999999999943e-04 -1.811919999999999959e-04
2.079840000000000063e-04 -2.484060000000000066e-04
1.957650000000000069e-04 -2.623249999999999931e-04
1.705520000000000029e-04 -2.227289999999999880e-04
1.372260000000000038e-04 -1.475140000000000110e-04
9.406029999999999795e-05 -6.177570000000000554e-05
3.721220000000000262e-05 1.425460000000000071e-05
-3.275039999999999733e-05 7.192279999999999518e-05
-1.069299999999999943e-04 1.130379999999999975e-04
-1.696959999999999961e-04 1.432779999999999926e-04
-2.050619999999999960e-04 1.651690000000000037e-04
-2.040359999999999960e-04 1.751160000000000086e-04
-1.685939999999999921e-04 1.657969999999999984e-04
-1.101600000000000024e-04 1.317729999999999867e-04
-4.386820000000000124e-05 7.441820000000000520e-05
1.778949999999999968e-05 3.109380000000000120e-06
6.844390000000000380e-05 -6.783859999999999793e-05
1.071459999999999936e-04 -1.244960000000000088e-04
1.348579999999999885e-04 -1.579229999999999989e-04
1.509949999999999867e-04 -1.659350000000000029e-04
1.523739999999999882e-04 -1.518230000000000133e-04
1.350959999999999954e-04 -1.214390000000000006e-04
9.786600000000000117e-05 -8.056149999999999770e-05
4.448469999999999779e-05 -3.377049999999999795e-05
-1.617240000000000122e-05 1.513559999999999956e-05
-7.274410000000000034e-05 6.208700000000000373e-05
-1.151470000000000005e-04 1.021270000000000066e-04
-1.375709999999999878e-04 1.298240000000000093e-04
-1.393690000000000000e-04 1.405800000000000127e-04
-1.238020000000000049e-04 1.321399999999999918e-04
-9.570880000000000088e-05 1.055620000000000034e-04
-5.956569999999999790e-05 6.517519999999999900e-05
-1.884899999999999860e-05 1.758020000000000153e-05
2.334220000000000159e-05 -2.990189999999999911e-05
6.326649999999999472e-05 -7.073210000000000673e-05
9.613680000000000424e-05 -1.001600000000000033e-04
1.168360000000000042e-04 -1.155709999999999951e-04
