-2.720370000000000026e-08 8.375430000000000506e-07
-1.748899999999999997e-07 3.109300000000000029e-06
-5.502540000000000514e-07 5.629349999999999728e-06
-1.255760000000000069e-06 9.996659999999999254e-06
-2.667349999999999966e-06 2.286610000000000118e-05
-5.822230000000000328e-06 5.182230000000000018e-05
-1.229830000000000048e-05 9.640900000000000478e-05
-2.317340000000000076e-05 1.398480000000000068e-04
-3.769630000000000024e-05 1.591510000000000082e-04
-5.273929999999999834e-05 1.344489999999999997e-04
-6.310129999999999841e-05 5.441020000000000296e-05
-6.255470000000000605e-05 -6.540850000000000234e-05
-4.585729999999999884e-05 -1.831020000000000098e-04
-1.093680000000000005e-05 -2.595109999999999756e-04
4.013619999999999699e-05 -2.866790000000000245e-04
1.015859999999999994e-04 -2.908470000000000022e-04
1.648660000000000034e-04 -3.104059999999999957e-04
2.197119999999999997e-04 -3.665860000000000169e-04
2.558440000000000258e-04 -4.412369999999999769e-04
2.652740000000000219e-04 -4.746190000000000174e-04
2.443090000000000084e-04 -4.042529999999999800e-04
1.945539999999999943e-04 -2.208830000000000060e-04
1.219950000000000000e-04 2.702280000000000155e-05
3.337879999999999965e-05 2.750070000000000184e-04
-6.766200000000000372e-05 4.724730000000000010e-04
-1.798600000000000025e-04 5.926990000000000253e-04
-2.981759999999999858e-04 6.430610000000000015e-04
-4.081059999999999853e-04 6.596370000000000271e-04
-4.870540000000000026e-04 6.803290000000000249e-04
-5.134990000000000518e-04 7.181979999999999701e-04
-4.778559999999999731e-04 7.428829999999999548e-04
-3.867710000000000006e-04 6.799469999999999733e-04
-2.580190000000000109e-04 4.653169999999999767e-04
-1.111509999999999934e-04 1.084199999999999953e-04
3.992510000000000167e-05 -3.213530000000000249e-04
1.899810000000000095e-04 -7.341169999999999510e-04
3.399209999999999732e-04 -1.044739999999999948e-03
4.890559999999999742e-04 -1.203929999999999974e-03
6.266489999999999561e-04 -1.216870000000000104e-03
7.290670000000000180e-04 -1.129510000000000019e-03
7.660740000000000518e-04 -9.977219999999999318e-04
7.138440000000000453e-04 -8.514360000000000114e-04
5.674690000000000246e-04 -6.793679999999999641e-04
3.458019999999999801e-04 -4.507940000000000211e-04
8.569930000000000126e-05 -1.379039999999999997e-04
-1.716610000000000087e-04 2.586779999999999787e-04
-3.946539999999999792e-04 6.861420000000000453e-04
-5.676389999999999908e-04 1.055139999999999984e-03
-6.881670000000000538e-04 1.290260000000000105e-03
-7.592610000000000071e-04 1.374449999999999934e-03
-7.821720000000000322e-04 1.339499999999999979e-03
-7.526190000000000527e-04 1.218630000000000060e-03
-6.619160000000000234e-04 1.017619999999999896e-03
-5.033080000000000540e-04 7.189959999999999581e-04
-2.812080000000000222e-04 3.253180000000000047e-04
-1.750349999999999937e-05 -1.195339999999999977e-04
2.524110000000000199e-04 -5.769339999999999755e-04
4.939779999999999519e-04 -1.018180000000000040e-03
6.864180000000000541e-04 -1.385340000000000096e-03
8.233910000000000317e-04 -1.610340000000000035e-03
9.030390000000000118e-04 -1.639040000000000028e-03
9.177840000000000477e-04 -1.455839999999999912e-03
8.538039999999999996e-04 -1.121330000000000026e-03
7.007810000000000384e-04 -7.352150000000000005e-04
4.625699999999999842e-04 -3.640350000000000205e-04
1.601119999999999876e-04 -4.723489999999999900e-06
-1.733299999999999956e-04 3.883539999999999887e-04
-4.987019999999999561e-04 8.314039999999999972e-04
-7.763279999999999573e-04 1.278620000000000060e-03
-9.721620000000000478e-04 1.645159999999999895e-03
-1.066190000000000063e-03 1.847289999999999913e-03
-1.057750000000000096e-03 1.831720000000000006e-03
-9.612520000000000049e-04 1.586409999999999904e-03
-7.935159999999999696e-04 1.138420000000000014e-03
-5.622929999999999508e-04 5.382730000000000284e-04
-2.661389999999999806e-04 -1.471509999999999875e-04
9.265040000000000320e-05 -8.229619999999999991e-04
4.915749999999999547e-04 -1.385219999999999941e-03
8.824180000000000478e-04 -1.768379999999999952e-03
1.202640000000000046e-03 -1.953279999999999947e-03
1.395579999999999998e-03 -1.948869999999999899e-03
1.426519999999999915e-03 -1.776449999999999948e-03
1.288239999999999958e-03 -1.463609999999999954e-03
9.971150000000000239e-04 -1.005599999999999940e-03
5.851489999999999773e-04 -3.848619999999999754e-04
9.494510000000000005e-05 3.392779999999999863e-04
-4.214460000000000168e-04 1.066969999999999984e-03
-9.065250000000000391e-04 1.697809999999999901e-03
-1.305729999999999955e-03 2.143260000000000130e-03
-1.575299999999999964e-03 2.354980000000000007e-03
-1.685239999999999959e-03 2.313149999999999928e-03
-1.617670000000000089e-03 2.003550000000000209e-03
-1.365759999999999934e-03 1.425150000000000028e-03
-9.375009999999999811e-04 5.957519999999999569e-04
-3.627920000000000190e-04 -4.065299999999999990e-04
3.005139999999999895e-04 -1.380380000000000062e-03
9.684220000000000328e-04 -2.110149999999999873e-03
1.546040000000000044e-03 -2.481140000000000168e-03
1.949409999999999945e-03 -2.497660000000000071e-03
2.120630000000000084e-03 -2.251519999999999910e-03
2.030350000000000210e-03 -1.814440000000000063e-03
1.674490000000000050e-03 -1.214550000000000005e-03
1.077810000000000009e-03 -4.887090000000000401e-04
3.035159999999999855e-04 3.430239999999999873e-04
-5.467199999999999968e-04 1.257260000000000062e-03
-1.349630000000000100e-03 2.132250000000000031e-03
-1.987009999999999992e-03 2.776059999999999899e-03
-2.369360000000000042e-03 2.986280000000000011e-03
-2.447060000000000034e-03 2.651039999999999907e-03
-2.209969999999999903e-03 1.847450000000000047e-03
-1.680910000000000086e-03 7.490710000000000250e-04
-9.090899999999999849e-04 -4.129439999999999955e-04
2.877239999999999916e-05 -1.396370000000000076e-03
1.022939999999999960e-03 -2.065969999999999872e-03
1.933639999999999925e-03 -2.423429999999999855e-03
2.611370000000000011e-03 -2.565120000000000160e-03
2.930050000000000016e-03 -2.547520000000000166e-03
2.818240000000000068e-03 -2.293340000000000049e-03
2.277579999999999969e-03 -1.679970000000000031e-03
1.386429999999999911e-03 -6.940310000000000099e-04
2.864470000000000037e-04 5.367339999999999741e-04
-8.494699999999999560e-04 1.777719999999999995e-03
-1.856999999999999927e-03 2.739080000000000074e-03
-2.608109999999999856e-03 3.164829999999999987e-03
-3.016130000000000113e-03 2.940480000000000090e-03
-3.027919999999999917e-03 2.180619999999999867e-03
-2.621909999999999866e-03 1.169729999999999902e-03
-1.819550000000000074e-03 1.876699999999999972e-04
-7.024849999999999801e-04 -6.190829999999999814e-04
5.789480000000000277e-04 -1.240589999999999965e-03
1.817990000000000014e-03 -1.735149999999999974e-03
2.789980000000000064e-03 -2.145390000000000057e-03
3.308070000000000194e-03 -2.401229999999999858e-03
3.274210000000000054e-03 -2.331320000000000007e-03
2.704999999999999939e-03 -1.817009999999999979e-03
1.722989999999999982e-03 -8.922949999999999805e-04
5.163550000000000258e-04 2.534840000000000010e-04
-7.138879999999999792e-04 1.310119999999999904e-03
-1.793480000000000074e-03 1.970920000000000137e-03
-2.589249999999999972e-03 2.098220000000000033e-03
-3.006609999999999838e-03 1.805460000000000051e-03
-2.987210000000000126e-03 1.349520000000000103e-03
-2.515739999999999817e-03 9.112150000000000501e-04
-1.635519999999999899e-03 5.134960000000000045e-04
-4.659120000000000210e-04 1.086880000000000002e-04
7.944519999999999620e-04 -3.240310000000000152e-04
1.899120000000000018e-03 -7.739920000000000393e-04
2.621950000000000062e-03 -1.191250000000000035e-03
2.831010000000000124e-03 -1.463380000000000019e-03
2.526229999999999969e-03 -1.471300000000000038e-03
1.822889999999999970e-03 -1.178800000000000030e-03
8.983510000000000323e-04 -7.084189999999999541e-04
-6.440830000000000470e-05 -2.632019999999999781e-04
-9.144549999999999988e-04 3.638700000000000246e-05
-1.546899999999999924e-03 2.110129999999999938e-04
-1.899630000000000025e-03 3.785109999999999950e-04
-1.944790000000000060e-03 6.329190000000000163e-04
-1.686800000000000018e-03 9.612120000000000256e-04
-1.171469999999999977e-03 1.271079999999999953e-03
-4.965609999999999642e-04 1.419480000000000091e-03
1.967229999999999934e-04 1.265349999999999938e-03
7.583439999999999886e-04 8.174099999999999682e-04
1.076039999999999896e-03 2.439909999999999887e-04
1.112979999999999959e-03 -2.837879999999999873e-04
9.199180000000000378e-04 -7.246600000000000177e-04
6.122400000000000064e-04 -1.116690000000000044e-03
3.164829999999999987e-04 -1.437399999999999919e-03
1.147390000000000004e-04 -1.610829999999999944e-03
2.205209999999999847e-05 -1.556110000000000089e-03
5.816940000000000417e-06 -1.237679999999999900e-03
2.267849999999999979e-05 -6.700000000000000226e-04
3.938710000000000106e-05 1.178260000000000066e-04
2.977489999999999846e-05 9.847260000000000041e-04
-3.190469999999999965e-05 1.671689999999999982e-03
-1.660350000000000053e-04 1.979410000000000024e-03
-3.735219999999999925e-04 1.843620000000000024e-03
-6.206060000000000005e-04 1.293419999999999986e-03
-8.347540000000000515e-04 4.850109999999999816e-04
-9.231190000000000229e-04 -3.300250000000000124e-04
-8.081139999999999678e-04 -9.662670000000000373e-04
-4.626230000000000056e-04 -1.332340000000000000e-03
6.941660000000000213e-05 -1.414289999999999905e-03
6.766279999999999734e-04 -1.268540000000000076e-03
1.208169999999999947e-03 -9.206909999999999573e-04
1.516460000000000074e-03 -3.803400000000000075e-04
1.504899999999999988e-03 2.112229999999999934e-04
1.164190000000000060e-03 6.445319999999999609e-04
5.758189999999999836e-04 7.830279999999999576e-04
-1.204779999999999941e-04 6.173599999999999574e-04
-7.724410000000000130e-04 2.339990000000000071e-04
-1.248289999999999990e-03 -2.502709999999999896e-04
-1.454709999999999901e-03 -6.176229999999999784e-04
-1.352120000000000058e-03 -6.559120000000000315e-04
-9.667900000000000322e-04 -3.330590000000000243e-04
-3.906289999999999762e-04 2.075350000000000111e-04
2.359130000000000027e-04 7.394670000000000539e-04
7.569519999999999721e-04 1.050130000000000030e-03
1.045410000000000089e-03 9.930550000000000661e-04
1.043340000000000023e-03 6.032410000000000203e-04
7.807530000000000242e-04 1.621789999999999934e-05
3.666459999999999858e-04 -6.529899999999999941e-04
-4.880080000000000209e-05 -1.229679999999999922e-03
-3.323369999999999862e-04 -1.512469999999999917e-03
-4.180780000000000043e-04 -1.389580000000000069e-03
-3.216989999999999975e-04 -9.364399999999999721e-04
-1.177899999999999954e-04 -2.921089999999999776e-04
9.482660000000000448e-05 4.575359999999999779e-04
2.259929999999999892e-04 1.115239999999999981e-03
2.240730000000000076e-04 1.440450000000000020e-03
9.169499999999999537e-05 1.328680000000000052e-03
-1.208259999999999982e-04 8.307160000000000065e-04
-3.374359999999999860e-04 1.306830000000000090e-04
-4.816390000000000146e-04 -5.259589999999999968e-04
-4.981220000000000396e-04 -9.086050000000000463e-04
-3.685590000000000198e-04 -8.997480000000000191e-04
-1.187530000000000063e-04 -5.602959999999999495e-04
1.856650000000000054e-04 -7.054929999999999893e-05
4.563570000000000083e-04 3.416170000000000057e-04
6.114420000000000185e-04 4.736590000000000266e-04
6.060679999999999713e-04 2.981169999999999784e-04
4.478239999999999868e-04 -2.001840000000000132e-05
1.921190000000000083e-04 -3.019349999999999747e-04
-7.750240000000000525e-05 -4.428470000000000106e-04
-2.806090000000000233e-04 -3.788579999999999834e-04
-3.728359999999999791e-04 -1.240489999999999909e-04
-3.608710000000000216e-04 2.051470000000000062e-04
-2.892139999999999858e-04 4.637830000000000012e-04
-2.090689999999999866e-04 5.531040000000000088e-04
-1.500550000000000126e-04 4.549290000000000213e-04
-1.104059999999999997e-04 2.296440000000000124e-04
-6.772900000000000155e-05 -2.269499999999999870e-05
-3.259170000000000192e-08 -2.132810000000000066e-04
9.687519999999999703e-05 -2.985290000000000144e-04
2.045659999999999926e-04 -2.876430000000000241e-04
2.904350000000000204e-04 -2.251870000000000109e-04
3.235940000000000192e-04 -1.637900000000000022e-04
2.897749999999999827e-04 -1.362660000000000130e-04
1.979329999999999902e-04 -1.385059999999999915e-04
7.568440000000000334e-05 -1.368549999999999899e-04
-4.338880000000000037e-05 -9.420379999999999412e-05
-1.335829999999999982e-04 3.873309999999999682e-06
-1.851549999999999984e-04 1.370010000000000119e-04
-2.034109999999999944e-04 2.577100000000000246e-04
-2.006769999999999897e-04 3.158370000000000188e-04
-1.867080000000000020e-04 2.868899999999999857e-04
-1.632779999999999909e-04 1.868759999999999909e-04
-1.254960000000000060e-04 6.248530000000000295e-05
-6.800229999999999773e-05 -3.760259999999999807e-05
8.404389999999999674e-06 -9.154779999999999786e-05
9.372620000000000398e-05 -1.110580000000000063e-04
1.706730000000000107e-04 -1.221440000000000015e-04
2.203999999999999905e-04 -1.421159999999999925e-04
2.297239999999999981e-04 -1.690340000000000082e-04
1.967729999999999946e-04 -1.851060000000000129e-04
1.321530000000000068e-04 -1.699419999999999935e-04
5.443990000000000032e-05 -1.145329999999999959e-04
-1.796470000000000098e-05 -2.784859999999999964e-05
-7.407749999999999676e-05 6.693920000000000447e-05
-1.125069999999999987e-04 1.436119999999999931e-04
-1.377030000000000062e-04 1.846700000000000056e-04
-1.534410000000000103e-04 1.873110000000000096e-04
-1.583389999999999895e-04 1.611949999999999906e-04
-1.464799999999999935e-04 1.205940000000000045e-04
-1.123639999999999969e-04 7.635840000000000401e-05
-5.649119999999999879e-05 3.238619999999999834e-05
1.232450000000000033e-05 -1.232050000000000003e-05
7.944280000000000449e-05 -5.860859999999999990e-05
1.301209999999999964e-04 -1.031580000000000040e-04
1.551319999999999913e-04 -1.381680000000000093e-04
1.533449999999999896e-04 -1.546089999999999964e-04
1.303889999999999878e-04 -1.466969999999999949e-04
9.471429999999999541e-05 -1.148599999999999947e-04
5.360469999999999856e-05 -6.572820000000000539e-05
1.123980000000000037e-05 -9.551039999999999953e-06
-3.057090000000000236e-05 4.334169999999999874e-05
-7.007829999999999615e-05 8.529939999999999853e-05
-1.036379999999999994e-04 1.123759999999999961e-04
-1.256300000000000017e-04 1.237359999999999957e-04
-1.304230000000000081e-04 1.203090000000000030e-04
-1.151959999999999996e-04 1.036570000000000004e-04
-8.185090000000000605e-05 7.565099999999999787e-05
-3.686049999999999716e-05 3.886119999999999988e-05
1.089140000000000045e-05 -2.882430000000000116e-06
5.304930000000000046e-05 -4.438019999999999904e-05
8.401009999999999717e-05 -7.971340000000000153e-05
1.015289999999999964e-04 -1.034819999999999962e-04
1.058489999999999957e-04 -1.121190000000000018e-04
9.827779999999999611e-05 -1.047270000000000021e-04
8.022720000000000328e-05 -8.316880000000000236e-05
5.320829999999999673e-05 -5.143529999999999863e-05
