-3.473550000000000025e-08 8.194150000000000354e-07
-2.114770000000000083e-07 3.002679999999999939e-06
-6.183480000000000257e-07 5.334630000000000117e-06
-1.313250000000000090e-06 9.414669999999999427e-06
-2.712869999999999913e-06 2.171930000000000057e-05
-5.985669999999999732e-06 4.930090000000000091e-05
-1.263849999999999936e-05 9.111419999999999578e-05
-2.312070000000000040e-05 1.305129999999999886e-04
-3.570179999999999757e-05 1.458329999999999978e-04
-4.681539999999999904e-05 1.191999999999999971e-04
-5.207580000000000038e-05 4.100789999999999747e-05
-4.722609999999999834e-05 -7.256180000000000041e-05
-2.943610000000000096e-05 -1.807400000000000076e-04
1.627070000000000077e-06 -2.470969999999999959e-04
4.399059999999999857e-05 -2.663809999999999963e-04
9.406330000000000453e-05 -2.654630000000000162e-04
1.462660000000000121e-04 -2.807980000000000176e-04
1.921509999999999972e-04 -3.307970000000000246e-04
2.212949999999999878e-04 -3.961470000000000139e-04
2.245589999999999891e-04 -4.193210000000000058e-04
1.979279999999999928e-04 -3.431390000000000091e-04
1.448420000000000068e-04 -1.639260000000000023e-04
7.478829999999999679e-05 6.766220000000000416e-05
-2.824860000000000005e-06 2.896980000000000171e-04
-8.489849999999999361e-05 4.569570000000000229e-04
-1.734059999999999996e-04 5.483489999999999502e-04
-2.666130000000000171e-04 5.755159999999999833e-04
-3.519800000000000012e-04 5.761580000000000087e-04
-4.086870000000000260e-04 5.863900000000000015e-04
-4.182909999999999970e-04 6.154389999999999600e-04
-3.748499999999999771e-04 6.309450000000000518e-04
-2.866890000000000193e-04 5.622360000000000291e-04
-1.701349999999999965e-04 3.544910000000000183e-04
-4.235680000000000076e-05 2.561340000000000112e-05
8.328080000000000400e-05 -3.546280000000000070e-04
2.007140000000000031e-04 -7.052830000000000167e-04
3.114400000000000133e-04 -9.542749999999999800e-04
4.180879999999999991e-04 -1.063359999999999956e-03
5.147290000000000112e-04 -1.043670000000000014e-03
5.825280000000000171e-04 -9.417450000000000170e-04
5.959430000000000369e-04 -8.102180000000000276e-04
5.360649999999999573e-04 -6.744989999999999536e-04
4.019979999999999821e-04 -5.208570000000000040e-04
2.134000000000000100e-04 -3.202389999999999946e-04
3.325119999999999853e-06 -4.935239999999999864e-05
-1.945589999999999917e-04 2.879320000000000208e-04
-3.569590000000000089e-04 6.413239999999999739e-04
-4.744700000000000024e-04 9.315950000000000142e-04
-5.481039999999999957e-04 1.098100000000000074e-03
-5.832440000000000150e-04 1.136510000000000081e-03
-5.840020000000000237e-04 1.083739999999999920e-03
-5.488160000000000390e-04 9.704870000000000206e-04
-4.698519999999999867e-04 7.972850000000000076e-04
-3.393049999999999777e-04 5.431799999999999866e-04
-1.605090000000000043e-04 2.091560000000000012e-04
4.493520000000000305e-05 -1.635539999999999997e-04
2.440169999999999915e-04 -5.413570000000000144e-04
4.103709999999999780e-04 -9.011349999999999569e-04
5.355790000000000030e-04 -1.190840000000000084e-03
6.229309999999999622e-04 -1.351240000000000080e-03
6.729210000000000443e-04 -1.340389999999999898e-03
6.757479999999999954e-04 -1.153010000000000103e-03
6.172709999999999655e-04 -8.512860000000000349e-04
4.913120000000000421e-04 -5.255229999999999624e-04
3.054760000000000006e-04 -2.282039999999999991e-04
7.726709999999999752e-05 5.322030000000000272e-05
-1.713630000000000058e-04 3.658229999999999837e-04
-4.140479999999999768e-04 7.245479999999999889e-04
-6.188320000000000409e-04 1.087330000000000067e-03
-7.549399999999999514e-04 1.379699999999999980e-03
-8.063630000000000450e-04 1.529830000000000035e-03
-7.790489999999999741e-04 1.492789999999999916e-03
-6.922900000000000277e-04 1.260739999999999994e-03
-5.610460000000000490e-04 8.622459999999999977e-04
-3.854999999999999920e-04 3.458259999999999785e-04
-1.571800000000000096e-04 -2.298070000000000039e-04
1.234730000000000018e-04 -7.846300000000000279e-04
4.328499999999999774e-04 -1.232349999999999895e-03
7.259400000000000054e-04 -1.521189999999999955e-03
9.525160000000000397e-04 -1.637900000000000076e-03
1.073930000000000067e-03 -1.591909999999999983e-03
1.070329999999999979e-03 -1.405409999999999949e-03
9.400549999999999705e-04 -1.109790000000000039e-03
6.961240000000000049e-04 -7.043070000000000450e-04
3.624200000000000164e-04 -1.718989999999999884e-04
-2.695740000000000045e-05 4.337240000000000236e-04
-4.273710000000000117e-04 1.025099999999999926e-03
-7.899159999999999906e-04 1.517939999999999958e-03
-1.072059999999999897e-03 1.839530000000000028e-03
-1.244059999999999958e-03 1.955169999999999998e-03
-1.287890000000000085e-03 1.856470000000000039e-03
-1.192789999999999996e-03 1.538120000000000025e-03
-9.548710000000000401e-04 1.003779999999999907e-03
-5.832399999999999521e-04 2.698059999999999846e-04
-1.075929999999999980e-04 -5.937429999999999835e-04
4.174580000000000001e-04 -1.400460000000000073e-03
9.175459999999999866e-04 -1.956059999999999917e-03
1.317119999999999966e-03 -2.169110000000000135e-03
1.559999999999999972e-03 -2.062580000000000056e-03
1.616210000000000086e-03 -1.739639999999999980e-03
1.474059999999999910e-03 -1.278300000000000009e-03
1.132930000000000091e-03 -7.109220000000000079e-04
6.124459999999999973e-04 -7.489180000000000012e-05
-3.074970000000000139e-05 6.162090000000000492e-04
-7.035259999999999994e-04 1.350929999999999969e-03
-1.298490000000000017e-03 2.022069999999999944e-03
-1.721770000000000071e-03 2.457169999999999840e-03
-1.911759999999999978e-03 2.482299999999999784e-03
-1.844359999999999966e-03 2.020699999999999840e-03
-1.530459999999999980e-03 1.178559999999999938e-03
-1.008329999999999990e-03 1.390639999999999953e-04
-3.334100000000000215e-04 -8.792340000000000051e-04
4.243569999999999894e-04 -1.661829999999999991e-03
1.175499999999999896e-03 -2.105609999999999947e-03
1.811679999999999974e-03 -2.239130000000000200e-03
2.221599999999999790e-03 -2.176050000000000120e-03
2.317420000000000157e-03 -1.984350000000000176e-03
2.058190000000000106e-03 -1.602219999999999903e-03
1.463899999999999967e-03 -9.320100000000000433e-04
6.210179999999999824e-04 1.339770000000000049e-05
-3.286450000000000222e-04 1.095110000000000050e-03
-1.223549999999999898e-03 2.092140000000000145e-03
-1.927529999999999999e-03 2.750859999999999937e-03
-2.355149999999999865e-03 2.865420000000000033e-03
-2.466190000000000049e-03 2.374980000000000060e-03
-2.248149999999999975e-03 1.438100000000000099e-03
-1.711279999999999919e-03 3.600230000000000053e-04
-8.992019999999999874e-04 -5.851759999999999688e-04
9.857089999999999505e-05 -1.271589999999999960e-03
1.143670000000000060e-03 -1.708169999999999958e-03
2.061330000000000107e-03 -1.964109999999999814e-03
2.672719999999999957e-03 -2.092389999999999962e-03
2.842149999999999885e-03 -2.045540000000000205e-03
2.520619999999999892e-03 -1.693810000000000020e-03
1.766149999999999968e-03 -9.725019999999999802e-04
7.301490000000000324e-04 3.656930000000000239e-05
-3.890890000000000147e-04 1.120640000000000004e-03
-1.403390000000000019e-03 1.979190000000000029e-03
-2.171849999999999909e-03 2.345639999999999965e-03
-2.606999999999999942e-03 2.139779999999999981e-03
-2.664310000000000029e-03 1.530040000000000089e-03
-2.334160000000000054e-03 8.096520000000000062e-04
-1.642849999999999953e-03 1.762830000000000061e-04
-6.621900000000000008e-04 -3.368239999999999993e-04
4.752259999999999796e-04 -7.632830000000000170e-04
1.571769999999999895e-03 -1.109720000000000021e-03
2.398500000000000024e-03 -1.362439999999999918e-03
2.768720000000000122e-03 -1.487000000000000040e-03
2.609690000000000013e-03 -1.406930000000000030e-03
1.984319999999999921e-03 -1.057999999999999913e-03
1.054610000000000096e-03 -4.688310000000000112e-04
1.981440000000000124e-05 1.829239999999999989e-04
-9.350380000000000150e-04 6.696179999999999711e-04
-1.668970000000000089e-03 8.810909999999999706e-04
-2.096590000000000172e-03 8.675549999999999972e-04
-2.184059999999999821e-03 7.763270000000000500e-04
-1.936519999999999951e-03 7.251970000000000161e-04
-1.390799999999999979e-03 7.276150000000000326e-04
-6.239130000000000283e-04 7.285689999999999831e-04
2.345570000000000109e-04 6.306250000000000007e-04
1.014450000000000074e-03 3.366889999999999879e-04
1.549620000000000034e-03 -1.142309999999999978e-04
1.732400000000000042e-03 -5.490519999999999602e-04
1.551169999999999936e-03 -8.219549999999999730e-04
1.095449999999999983e-03 -9.379739999999999476e-04
5.207340000000000189e-04 -9.863450000000000169e-04
-1.750349999999999937e-05 -9.906780000000000447e-04
-4.227909999999999980e-04 -9.142189999999999692e-04
-6.700779999999999497e-04 -7.063290000000000063e-04
-7.735139999999999941e-04 -3.481040000000000132e-04
-7.505329999999999510e-04 1.440260000000000064e-04
-6.179140000000000067e-04 7.488479999999999833e-04
-4.104429999999999732e-04 1.341289999999999974e-03
-1.859379999999999941e-04 1.694640000000000079e-03
-7.234030000000000092e-06 1.663329999999999973e-03
8.133840000000000037e-05 1.245510000000000020e-03
7.252779999999999362e-05 5.187739999999999496e-04
3.625089999999999964e-06 -3.406489999999999974e-04
-5.680069999999999981e-05 -1.089560000000000051e-03
-3.889020000000000248e-05 -1.567969999999999911e-03
9.617799999999999971e-05 -1.713340000000000045e-03
3.331760000000000234e-04 -1.538150000000000064e-03
6.013000000000000332e-04 -1.124970000000000093e-03
7.976090000000000133e-04 -5.290310000000000108e-04
8.255750000000000501e-04 2.064980000000000006e-04
6.376650000000000417e-04 9.106490000000000288e-04
2.623479999999999757e-04 1.359970000000000059e-03
-2.076760000000000086e-04 1.422539999999999916e-03
-6.588549999999999658e-04 1.104769999999999927e-03
-9.953959999999999544e-04 5.137359999999999887e-04
-1.149010000000000005e-03 -2.071990000000000062e-04
-1.076719999999999977e-03 -8.084750000000000139e-04
-7.721409999999999515e-04 -1.050589999999999901e-03
-2.813830000000000129e-04 -8.847300000000000216e-04
2.974370000000000052e-04 -4.422860000000000138e-04
8.335919999999999701e-04 6.574629999999999765e-05
1.194559999999999893e-03 4.429389999999999955e-04
1.283330000000000061e-03 5.479270000000000277e-04
1.071550000000000107e-03 3.987109999999999981e-04
6.143620000000000244e-04 9.079250000000000189e-05
4.129710000000000141e-05 -3.109949999999999997e-04
-4.830780000000000122e-04 -6.763809999999999874e-04
-8.218989999999999586e-04 -8.360470000000000271e-04
-9.158979999999999509e-04 -6.964929999999999602e-04
-7.874099999999999979e-04 -3.327280000000000168e-04
-5.091100000000000096e-04 1.383020000000000050e-04
-1.746209999999999939e-04 6.645890000000000434e-04
1.228850000000000135e-04 1.081799999999999949e-03
3.168779999999999839e-04 1.180630000000000004e-03
3.855320000000000079e-04 8.890369999999999653e-04
3.472130000000000247e-04 2.857690000000000078e-04
2.427189999999999914e-04 -4.320150000000000032e-04
1.199179999999999994e-04 -1.025340000000000019e-03
2.387079999999999852e-05 -1.284910000000000002e-03
-1.362379999999999990e-05 -1.120319999999999953e-03
1.447790000000000075e-05 -6.170610000000000201e-04
8.410860000000000309e-05 2.706430000000000107e-05
1.465270000000000016e-04 5.739350000000000267e-04
1.512619999999999893e-04 8.158739999999999612e-04
7.333520000000000219e-05 7.208170000000000072e-04
-7.453540000000000469e-05 4.431360000000000073e-04
-2.464810000000000004e-04 1.450500000000000021e-04
-3.777969999999999744e-04 -8.012089999999999382e-05
-4.112310000000000206e-04 -1.636970000000000016e-04
-3.282560000000000230e-04 -9.778149999999999884e-05
-1.608459999999999979e-04 3.443209999999999853e-05
2.813079999999999840e-05 1.252149999999999997e-04
1.796939999999999909e-04 1.081409999999999934e-04
2.639559999999999780e-04 -1.730089999999999897e-05
2.836769999999999743e-04 -1.932779999999999882e-04
2.609569999999999750e-04 -3.393140000000000110e-04
2.197520000000000061e-04 -3.928900000000000144e-04
1.739429999999999980e-04 -3.332240000000000202e-04
1.242310000000000105e-04 -1.850389999999999880e-04
6.294720000000000610e-05 -3.568889999999999977e-06
-1.629930000000000165e-05 1.489829999999999930e-04
-1.093649999999999939e-04 2.303799999999999999e-04
-1.987900000000000127e-04 2.372189999999999932e-04
-2.601619999999999801e-04 1.997909999999999985e-04
-2.738080000000000049e-04 1.575269999999999980e-04
-2.343719999999999983e-04 1.339769999999999947e-04
-1.528490000000000133e-04 1.251179999999999903e-04
-5.100110000000000201e-05 1.055550000000000016e-04
4.774519999999999817e-05 4.865099999999999888e-05
1.259590000000000048e-04 -5.108780000000000238e-05
1.754829999999999867e-04 -1.682289999999999914e-04
1.963300000000000125e-04 -2.578580000000000238e-04
1.931710000000000111e-04 -2.819829999999999733e-04
1.716359999999999945e-04 -2.337630000000000046e-04
1.358449999999999979e-04 -1.399630000000000015e-04
8.760069999999999630e-05 -3.969459999999999769e-05
2.753909999999999862e-05 3.841760000000000297e-05
-4.172100000000000255e-05 8.609989999999999874e-05
-1.121549999999999994e-04 1.122389999999999938e-04
-1.699209999999999881e-04 1.308840000000000025e-04
-1.998229999999999874e-04 1.489320000000000032e-04
-1.925829999999999957e-04 1.610170000000000069e-04
-1.500940000000000032e-04 1.540439999999999908e-04
-8.487339999999999956e-05 1.175479999999999933e-04
-1.408649999999999972e-05 5.254380000000000335e-05
4.788109999999999800e-05 -2.695170000000000150e-05
9.384139999999999908e-05 -1.002460000000000021e-04
1.233569999999999914e-04 -1.495690000000000040e-04
1.388729999999999967e-04 -1.669680000000000047e-04
1.416490000000000121e-04 -1.551880000000000056e-04
1.301909999999999873e-04 -1.234080000000000084e-04
1.019189999999999978e-04 -8.146170000000000646e-05
5.664909999999999943e-05 -3.607649999999999925e-05
-6.201019999999999500e-07 9.470049999999999226e-06
-5.967039999999999709e-05 5.321040000000000134e-05
-1.081229999999999946e-04 9.204090000000000166e-05
-1.360029999999999920e-04 1.208400000000000018e-04
-1.392839999999999898e-04 1.337260000000000000e-04
-1.205659999999999973e-04 1.266109999999999979e-04
-8.684029999999999592e-05 9.946570000000000552e-05
-4.596710000000000243e-05 5.696560000000000225e-05
-4.011860000000000244e-06 7.206149999999999607e-06
3.535150000000000195e-05 -4.077359999999999871e-05
6.966670000000000165e-05 -7.940629999999999900e-05
9.614249999999999641e-05 -1.039829999999999970e-04
1.111180000000000024e-04 -1.127820000000000054e-04
1.110349999999999965e-04 -1.063890000000000007e-04
9.428969999999999951e-05 -8.685639999999999734e-05
6.273210000000000201e-05 -5.717089999999999840e-05
2.179790000000000013e-05 -2.107380000000000142e-05
-2.089620000000000163e-05 1.699860000000000018e-05
-5.780729999999999793e-05 5.214639999999999933e-05
-8.346959999999999786e-05 7.955260000000000131e-05
-9.540979999999999578e-05 9.527840000000000582e-05
-9.382899999999999899e-05 9.706420000000000488e-05
