-2.360590000000000096e-08 8.398750000000000479e-07
-1.558379999999999956e-07 3.122020000000000053e-06
-5.078770000000000419e-07 5.660769999999999675e-06
-1.200320000000000097e-06 1.005240000000000052e-05
-2.593059999999999954e-06 2.297910000000000162e-05
-5.649549999999999975e-06 5.209770000000000096e-05
-1.192590000000000045e-05 9.700800000000000362e-05
-2.272799999999999991e-05 1.408790000000000042e-04
-3.779159999999999914e-05 1.605830000000000039e-04
-5.437290000000000249e-05 1.361959999999999950e-04
-6.708049999999999582e-05 5.650210000000000237e-05
-6.873229999999999921e-05 -6.282129999999999431e-05
-5.263369999999999719e-05 -1.800279999999999914e-04
-1.552030000000000114e-05 -2.565770000000000203e-04
4.051319999999999694e-05 -2.854569999999999742e-04
1.080330000000000006e-04 -2.935990000000000192e-04
1.759429999999999924e-04 -3.190080000000000194e-04
2.321409999999999988e-04 -3.810780000000000265e-04
2.665209999999999780e-04 -4.590330000000000213e-04
2.732209999999999782e-04 -4.912599999999999823e-04
2.510720000000000248e-04 -4.155539999999999993e-04
2.024999999999999890e-04 -2.252119999999999979e-04
1.315660000000000072e-04 2.799440000000000085e-05
4.158899999999999771e-05 2.779680000000000193e-04
-6.597409999999999570e-05 4.755790000000000082e-04
-1.888299999999999929e-04 5.975989999999999818e-04
-3.181459999999999995e-04 6.539399999999999900e-04
-4.351059999999999910e-04 6.798029999999999828e-04
-5.145920000000000225e-04 7.089810000000000209e-04
-5.354420000000000143e-04 7.498319999999999725e-04
-4.909369999999999923e-04 7.697160000000000417e-04
-3.916999999999999801e-04 6.955979999999999629e-04
-2.586609999999999821e-04 4.674810000000000055e-04
-1.117389999999999952e-04 9.938249999999999927e-05
3.822639999999999708e-05 -3.363479999999999855e-04
1.906250000000000121e-04 -7.499199999999999486e-04
3.490480000000000232e-04 -1.059309999999999939e-03
5.111929999999999556e-04 -1.219440000000000020e-03
6.609940000000000346e-04 -1.237899999999999895e-03
7.689339999999999804e-04 -1.159230000000000026e-03
8.018300000000000123e-04 -1.034509999999999987e-03
7.374709999999999599e-04 -8.882760000000000178e-04
5.760179999999999727e-04 -7.065630000000000044e-04
3.418520000000000196e-04 -4.605069999999999737e-04
7.481760000000000006e-05 -1.278619999999999898e-04
-1.846639999999999924e-04 2.844039999999999828e-04
-4.084019999999999838e-04 7.195290000000000019e-04
-5.843600000000000226e-04 1.088180000000000007e-03
-7.113150000000000158e-04 1.318289999999999957e-03
-7.899130000000000517e-04 1.397320000000000072e-03
-8.165349999999999605e-04 1.360129999999999976e-03
-7.827830000000000031e-04 1.239789999999999946e-03
-6.799389999999999558e-04 1.038810000000000037e-03
-5.059590000000000528e-04 7.356799999999999494e-04
-2.717020000000000221e-04 3.312880000000000035e-04
-2.715309999999999927e-06 -1.279650000000000123e-04
2.669260000000000122e-04 -5.982850000000000494e-04
5.070740000000000447e-04 -1.046920000000000012e-03
7.008099999999999529e-04 -1.415599999999999931e-03
8.428790000000000457e-04 -1.638960000000000070e-03
9.297249999999999525e-04 -1.665760000000000070e-03
9.504449999999999574e-04 -1.481359999999999925e-03
8.874749999999999826e-04 -1.145439999999999956e-03
7.276179999999999714e-04 -7.561720000000000507e-04
4.745360000000000116e-04 -3.788379999999999938e-04
1.530699999999999964e-04 -9.419149999999999425e-06
-1.966009999999999969e-04 3.979109999999999787e-04
-5.295709999999999480e-04 8.574560000000000385e-04
-8.056439999999999999e-04 1.318790000000000023e-03
-9.960170000000000828e-04 1.691669999999999936e-03
-1.087379999999999987e-03 1.890050000000000107e-03
-1.081780000000000068e-03 1.863660000000000056e-03
-9.904950000000000906e-04 1.606830000000000064e-03
-8.242090000000000093e-04 1.151600000000000019e-03
-5.864279999999999493e-04 5.483489999999999502e-04
-2.760360000000000114e-04 -1.406190000000000033e-04
1.007799999999999939e-04 -8.251779999999999792e-04
5.171280000000000538e-04 -1.402330000000000026e-03
9.219099999999999604e-04 -1.803059999999999993e-03
1.251109999999999939e-03 -2.003070000000000024e-03
1.447179999999999951e-03 -2.007430000000000152e-03
1.475069999999999984e-03 -1.835599999999999949e-03
1.328210000000000024e-03 -1.514710000000000058e-03
1.024589999999999919e-03 -1.040349999999999999e-03
5.979790000000000019e-04 -3.966220000000000119e-04
9.183489999999999720e-05 3.534330000000000024e-04
-4.421550000000000111e-04 1.104619999999999951e-03
-9.464309999999999650e-04 1.751960000000000106e-03
-1.363889999999999981e-03 2.205640000000000031e-03
-1.645760000000000018e-03 2.419249999999999960e-03
-1.757179999999999897e-03 2.375470000000000186e-03
-1.678790000000000100e-03 2.060199999999999879e-03
-1.406799999999999934e-03 1.469859999999999917e-03
-9.546630000000000177e-04 6.197859999999999914e-04
-3.565719999999999871e-04 -4.110979999999999864e-04
3.287909999999999900e-04 -1.416429999999999989e-03
1.019219999999999935e-03 -2.173619999999999806e-03
1.620190000000000085e-03 -2.563140000000000210e-03
2.043169999999999969e-03 -2.588480000000000208e-03
2.221729999999999886e-03 -2.342710000000000018e-03
2.119470000000000035e-03 -1.897009999999999972e-03
1.732239999999999908e-03 -1.276020000000000106e-03
1.092249999999999905e-03 -5.139040000000000318e-04
2.732020000000000043e-04 3.659269999999999949e-04
-6.145859999999999735e-04 1.329620000000000107e-03
-1.443410000000000006e-03 2.242420000000000177e-03
-2.094550000000000144e-03 2.903329999999999973e-03
-2.480040000000000196e-03 3.108490000000000211e-03
-2.551480000000000067e-03 2.751159999999999890e-03
-2.297679999999999861e-03 1.915889999999999954e-03
-1.738219999999999956e-03 7.816729999999999816e-04
-9.202159999999999593e-04 -4.188850000000000256e-04
7.661599999999999964e-05 -1.444430000000000019e-03
1.132420000000000085e-03 -2.158970000000000073e-03
2.092000000000000109e-03 -2.558649999999999987e-03
2.790529999999999834e-03 -2.729570000000000173e-03
3.093820000000000164e-03 -2.716500000000000165e-03
2.934480000000000161e-03 -2.434040000000000162e-03
2.329139999999999943e-03 -1.759949999999999926e-03
1.373770000000000069e-03 -6.923019999999999998e-04
2.205390000000000106e-04 6.211240000000000250e-04
-9.573859999999999575e-04 1.925229999999999997e-03
-2.000120000000000196e-03 2.918570000000000105e-03
-2.780250000000000169e-03 3.346210000000000070e-03
-3.203660000000000101e-03 3.102800000000000176e-03
-3.204470000000000061e-03 2.311500000000000186e-03
-2.750589999999999806e-03 1.258929999999999902e-03
-1.863489999999999982e-03 2.215680000000000037e-04
-6.395409999999999810e-04 -6.568620000000000275e-04
7.443429999999999578e-04 -1.361460000000000101e-03
2.053240000000000013e-03 -1.934769999999999936e-03
3.044859999999999928e-03 -2.396619999999999914e-03
3.532289999999999996e-03 -2.656630000000000102e-03
3.433030000000000109e-03 -2.535799999999999946e-03
2.784809999999999976e-03 -1.925740000000000004e-03
1.725280000000000043e-03 -8.854200000000000438e-04
4.466869999999999738e-04 3.667359999999999934e-04
-8.524010000000000267e-04 1.499420000000000006e-03
-1.997109999999999858e-03 2.199169999999999858e-03
-2.843549999999999810e-03 2.333200000000000118e-03
-3.277449999999999895e-03 2.023070000000000077e-03
-3.221470000000000149e-03 1.529269999999999892e-03
-2.655550000000000011e-03 1.029830000000000025e-03
-1.640769999999999946e-03 5.440039999999999503e-04
-3.323150000000000192e-04 2.894869999999999949e-05
1.033330000000000056e-03 -5.166230000000000171e-04
2.186780000000000147e-03 -1.051709999999999971e-03
2.900509999999999807e-03 -1.498809999999999943e-03
3.057209999999999876e-03 -1.734999999999999997e-03
2.676169999999999851e-03 -1.652569999999999907e-03
1.887479999999999974e-03 -1.241729999999999917e-03
8.755500000000000045e-04 -6.538790000000000054e-04
-1.742590000000000133e-04 -1.133169999999999994e-04
-1.106149999999999972e-03 2.494460000000000102e-04
-1.801950000000000079e-03 4.538429999999999982e-04
-2.179330000000000156e-03 6.199309999999999977e-04
-2.193469999999999882e-03 8.429120000000000232e-04
-1.847909999999999917e-03 1.109509999999999967e-03
-1.209049999999999925e-03 1.330210000000000073e-03
-4.095050000000000036e-04 1.373450000000000018e-03
3.757920000000000097e-04 1.119329999999999978e-03
9.786169999999999852e-04 6.012310000000000310e-04
1.289420000000000106e-03 5.423509999999999680e-06
1.288639999999999968e-03 -4.941249999999999896e-04
1.045469999999999950e-03 -8.697689999999999458e-04
6.844120000000000195e-04 -1.182600000000000014e-03
3.321999999999999975e-04 -1.430749999999999947e-03
7.082629999999999644e-05 -1.548080000000000072e-03
-7.791689999999999933e-05 -1.453670000000000006e-03
-1.340120000000000037e-04 -1.109820000000000077e-03
-1.294129999999999890e-04 -5.328200000000000384e-04
-9.375430000000000460e-05 2.440080000000000124e-04
-5.964369999999999953e-05 1.079389999999999950e-03
-6.772070000000000368e-05 1.721770000000000071e-03
-1.564079999999999973e-04 1.984459999999999957e-03
-3.395569999999999882e-04 1.815020000000000088e-03
-5.846350000000000158e-04 1.248289999999999990e-03
-8.084070000000000275e-04 4.382200000000000158e-04
-9.019959999999999610e-04 -3.717169999999999784e-04
-7.764649999999999460e-04 -1.005529999999999922e-03
-4.054659999999999970e-04 -1.378169999999999959e-03
1.547279999999999999e-04 -1.475760000000000006e-03
7.769880000000000493e-04 -1.347829999999999948e-03
1.301159999999999990e-03 -1.008690000000000021e-03
1.581500000000000006e-03 -4.574989999999999916e-04
1.530480000000000078e-03 1.679879999999999915e-04
1.146759999999999924e-03 6.521009999999999827e-04
5.147100000000000373e-04 8.455620000000000063e-04
-2.245120000000000080e-04 7.267779999999999727e-04
-9.128450000000000192e-04 3.748320000000000189e-04
-1.407529999999999936e-03 -9.747450000000000331e-05
-1.603859999999999921e-03 -4.762839999999999956e-04
-1.456459999999999916e-03 -5.531190000000000282e-04
-9.960030000000000792e-04 -2.951179999999999754e-04
-3.301760000000000046e-04 1.635130000000000047e-04
3.770240000000000006e-04 6.141210000000000245e-04
9.468150000000000481e-04 8.657870000000000236e-04
1.238949999999999947e-03 7.898300000000000459e-04
1.197200000000000044e-03 4.278749999999999784e-04
8.666810000000000052e-04 -9.214429999999999800e-05
3.770280000000000094e-04 -6.747359999999999990e-04
-1.041540000000000060e-04 -1.169469999999999928e-03
-4.333660000000000246e-04 -1.394650000000000100e-03
-5.409139999999999782e-04 -1.247250000000000095e-03
-4.434859999999999887e-04 -8.007939999999999633e-04
-2.202989999999999994e-04 -1.861269999999999884e-04
2.376650000000000022e-05 5.214920000000000276e-04
1.926569999999999954e-04 1.135619999999999945e-03
2.280930000000000132e-04 1.424480000000000104e-03
1.249219999999999942e-04 1.288630000000000027e-03
-7.256929999999999653e-05 7.801699999999999521e-04
-2.885930000000000201e-04 8.141460000000000482e-05
-4.402000000000000205e-04 -5.666469999999999840e-04
-4.625909999999999896e-04 -9.398839999999999886e-04
-3.309359999999999906e-04 -9.271890000000000296e-04
-7.193340000000000487e-05 -5.925179999999999943e-04
2.407490000000000086e-04 -1.132029999999999934e-04
5.085169999999999968e-04 2.915880000000000143e-04
6.432980000000000469e-04 4.295209999999999827e-04
6.022440000000000432e-04 2.787700000000000160e-04
4.033139999999999946e-04 1.331890000000000050e-06
1.158809999999999972e-04 -2.355349999999999870e-04
-1.665620000000000089e-04 -3.429810000000000150e-04
-3.624810000000000011e-04 -2.702650000000000018e-04
-4.338349999999999824e-04 -3.499489999999999930e-05
-3.958839999999999928e-04 2.543080000000000188e-04
-2.994429999999999857e-04 4.673859999999999734e-04
-1.980899999999999957e-04 5.192489999999999476e-04
-1.207850000000000031e-04 3.988700000000000080e-04
-6.438779999999999363e-05 1.662099999999999960e-04
-6.749910000000000228e-06 -8.375580000000000199e-05
7.113770000000000163e-05 -2.679049999999999769e-04
1.687179999999999930e-04 -3.460429999999999800e-04
2.638750000000000036e-04 -3.275560000000000060e-04
3.244090000000000038e-04 -2.548030000000000065e-04
3.249549999999999813e-04 -1.777720000000000049e-04
2.598230000000000092e-04 -1.284790000000000010e-04
1.456469999999999965e-04 -1.053710000000000047e-04
1.353360000000000033e-05 -8.044340000000000301e-05
-1.042900000000000061e-04 -2.324079999999999947e-05
-1.863020000000000062e-04 7.592049999999999927e-05
-2.267500000000000093e-04 1.959879999999999945e-04
-2.327320000000000072e-04 2.931629999999999848e-04
-2.161769999999999870e-04 3.236590000000000127e-04
-1.857870000000000018e-04 2.695059999999999773e-04
-1.434429999999999885e-04 1.511419999999999973e-04
-8.644079999999999407e-05 1.661649999999999922e-05
-1.335619999999999928e-05 -8.667099999999999739e-05
7.067869999999999806e-05 -1.393350000000000068e-04
1.526990000000000096e-04 -1.549739999999999972e-04
2.153110000000000126e-04 -1.597570000000000088e-04
2.429130000000000102e-04 -1.695479999999999969e-04
2.278740000000000073e-04 -1.808620000000000041e-04
1.739529999999999928e-04 -1.763240000000000011e-04
9.521879999999999710e-05 -1.390169999999999872e-04
1.065449999999999938e-05 -6.555280000000000026e-05
-6.308570000000000486e-05 2.988329999999999898e-05
-1.170249999999999985e-04 1.219069999999999968e-04
-1.505380000000000010e-04 1.860420000000000053e-04
-1.674430000000000026e-04 2.092720000000000116e-04
-1.705680000000000108e-04 1.935999999999999895e-04
-1.587150000000000008e-04 1.517869999999999886e-04
-1.280700000000000122e-04 9.893680000000000454e-05
-7.683260000000000024e-05 4.536279999999999875e-05
-9.519930000000000517e-06 -5.518350000000000283e-06
6.228630000000000028e-05 -5.419930000000000131e-05
1.235320000000000092e-04 -1.001089999999999999e-04
1.615099999999999902e-04 -1.385109999999999889e-04
1.705250000000000114e-04 -1.613230000000000003e-04
1.529660000000000123e-04 -1.610329999999999878e-04
1.167060000000000037e-04 -1.349749999999999876e-04
7.083209999999999561e-05 -8.730139999999999732e-05
2.229410000000000056e-05 -2.768759999999999898e-05
-2.493480000000000053e-05 3.220409999999999885e-05
-6.842579999999999800e-05 8.243260000000000084e-05
-1.051790000000000038e-04 1.169410000000000040e-04
-1.306169999999999998e-04 1.336639999999999996e-04
-1.395190000000000037e-04 1.332589999999999925e-04
-1.283599999999999975e-04 1.176289999999999947e-04
-9.756309999999999429e-05 8.913610000000000196e-05
-5.223589999999999906e-05 5.068159999999999939e-05
-8.812340000000000148e-07 6.211240000000000183e-06
4.726069999999999967e-05 -3.902020000000000293e-05
8.486920000000000390e-05 -7.887349999999999624e-05
1.079840000000000015e-04 -1.074280000000000021e-04
1.158429999999999952e-04 -1.203470000000000050e-04
1.096600000000000038e-04 -1.159489999999999973e-04
9.136509999999999705e-05 -9.554530000000000152e-05
6.308080000000000089e-05 -6.299460000000000161e-05
2.743470000000000010e-05 -2.369390000000000027e-05
