-4.113360000000000114e-08 7.981469999999999538e-07
-2.379290000000000125e-07 2.880429999999999966e-06
-6.488239999999999606e-07 5.005429999999999949e-06
-1.290629999999999957e-06 8.775400000000000718e-06
-2.631160000000000063e-06 2.045299999999999882e-05
-5.919629999999999598e-06 4.649909999999999666e-05
-1.246019999999999973e-05 8.527749999999999794e-05
-2.204250000000000114e-05 1.203820000000000004e-04
-3.229220000000000229e-05 1.316219999999999944e-04
-3.984200000000000241e-05 1.032560000000000021e-04
-4.150269999999999822e-05 2.759959999999999914e-05
-3.458740000000000024e-05 -7.833870000000000265e-05
-1.758999999999999930e-05 -1.751260000000000035e-04
9.217259999999999568e-06 -2.299249999999999916e-04
4.441339999999999730e-05 -2.412500000000000094e-04
8.591039999999999658e-05 -2.370419999999999981e-04
1.294529999999999954e-04 -2.511820000000000220e-04
1.668460000000000082e-04 -2.977939999999999884e-04
1.873959999999999927e-04 -3.549010000000000229e-04
1.825879999999999940e-04 -3.667330000000000004e-04
1.505739999999999986e-04 -2.826740000000000112e-04
9.779639999999999763e-05 -1.070200000000000020e-04
3.581359999999999877e-05 1.056910000000000016e-04
-2.668139999999999835e-05 2.966339999999999927e-04
-8.997989999999999548e-05 4.288979999999999854e-04
-1.592700000000000116e-04 4.906770000000000185e-04
-2.332690000000000056e-04 4.995740000000000250e-04
-2.982579999999999758e-04 4.928330000000000297e-04
-3.341800000000000022e-04 5.000080000000000280e-04
-3.268379999999999766e-04 5.227689999999999681e-04
-2.756980000000000021e-04 5.271800000000000314e-04
-1.920430000000000043e-04 4.503150000000000143e-04
-9.159019999999999597e-05 2.504389999999999785e-04
1.080079999999999999e-05 -4.559210000000000010e-05
1.042770000000000047e-04 -3.702959999999999932e-04
1.861880000000000002e-04 -6.548559999999999928e-04
2.623109999999999895e-04 -8.423750000000000248e-04
3.379589999999999808e-04 -9.069759999999999845e-04
4.069179999999999824e-04 -8.659829999999999655e-04
4.498700000000000008e-04 -7.643430000000000103e-04
4.446920000000000039e-04 -6.465390000000000113e-04
3.799450000000000223e-04 -5.288489999999999641e-04
2.615059999999999997e-04 -3.942759999999999906e-04
1.100879999999999936e-04 -2.186490000000000135e-04
-4.696760000000000073e-05 1.302840000000000049e-05
-1.857240000000000128e-04 2.926520000000000163e-04
-2.926529999999999778e-04 5.744969999999999851e-04
-3.651080000000000015e-04 7.922139999999999608e-04
-4.069330000000000017e-04 9.010959999999999933e-04
-4.235089999999999731e-04 9.085109999999999757e-04
-4.177690000000000179e-04 8.539630000000000094e-04
-3.868659999999999786e-04 7.626679999999999831e-04
-3.225370000000000190e-04 6.269490000000000176e-04
-2.184370000000000094e-04 4.200170000000000140e-04
-8.077410000000000308e-05 1.406789999999999994e-04
6.803550000000000277e-05 -1.705169999999999939e-04
2.009260000000000072e-04 -4.813199999999999792e-04
3.046149999999999964e-04 -7.715909999999999653e-04
3.836450000000000038e-04 -9.961580000000000261e-04
4.456910000000000125e-04 -1.107920000000000085e-03
4.869000000000000172e-04 -1.077789999999999911e-03
4.920610000000000175e-04 -9.061670000000000402e-04
4.469850000000000038e-04 -6.497270000000000085e-04
3.495400000000000178e-04 -3.857379999999999988e-04
2.091080000000000044e-04 -1.542220000000000017e-04
3.904050000000000001e-05 6.337559999999999678e-05
-1.461800000000000133e-04 3.141560000000000056e-04
-3.264790000000000162e-04 6.117889999999999526e-04
-4.745339999999999801e-04 9.154999999999999727e-04
-5.656969999999999880e-04 1.155299999999999947e-03
-5.921480000000000233e-04 1.266409999999999932e-03
-5.651589999999999739e-04 1.213260000000000076e-03
-5.013749999999999761e-04 9.976869999999999229e-04
-4.068499999999999959e-04 6.527689999999999838e-04
-2.741660000000000039e-04 2.209789999999999996e-04
-9.401230000000000112e-05 -2.544339999999999970e-04
1.290920000000000034e-04 -7.108789999999999814e-04
3.692850000000000125e-04 -1.074290000000000097e-03
5.866680000000000419e-04 -1.297860000000000073e-03
7.433750000000000037e-04 -1.368950000000000071e-03
8.148990000000000053e-04 -1.297799999999999995e-03
7.912740000000000138e-04 -1.109540000000000005e-03
6.740980000000000366e-04 -8.383600000000000167e-04
4.739230000000000092e-04 -4.837430000000000202e-04
2.080650000000000078e-04 -2.721430000000000133e-05
-9.734029999999999365e-05 4.805340000000000176e-04
-4.046440000000000106e-04 9.593660000000000165e-04
-6.716979999999999782e-04 1.337450000000000010e-03
-8.644899999999999850e-04 1.557290000000000020e-03
-9.632710000000000274e-04 1.598889999999999947e-03
-9.591380000000000045e-04 1.465020000000000037e-03
-8.477810000000000337e-04 1.156040000000000106e-03
-6.292710000000000404e-04 6.754180000000000036e-04
-3.147350000000000148e-04 3.495709999999999773e-05
6.703930000000000034e-05 -7.022849999999999752e-04
4.669480000000000158e-04 -1.361079999999999972e-03
8.224729999999999975e-04 -1.765590000000000041e-03
1.077540000000000095e-03 -1.847289999999999913e-03
1.199900000000000055e-03 -1.648799999999999962e-03
1.179469999999999954e-03 -1.283990000000000044e-03
1.013479999999999980e-03 -8.326409999999999584e-04
7.005120000000000314e-04 -3.231779999999999744e-04
2.576219999999999942e-04 2.145329999999999872e-04
-2.598909999999999957e-04 7.755900000000000467e-04
-7.657430000000000443e-04 1.354189999999999908e-03
-1.171259999999999923e-03 1.848229999999999968e-03
-1.409890000000000015e-03 2.101029999999999825e-03
-1.447429999999999984e-03 1.971740000000000038e-03
-1.282240000000000029e-03 1.424380000000000047e-03
-9.417310000000000134e-04 5.925600000000000051e-04
-4.722500000000000135e-04 -3.409010000000000078e-04
7.551069999999999516e-05 -1.181959999999999912e-03
6.480970000000000394e-04 -1.752300000000000038e-03
1.177869999999999915e-03 -1.984580000000000111e-03
1.580150000000000001e-03 -1.932759999999999947e-03
1.770829999999999930e-03 -1.720640000000000060e-03
1.693370000000000031e-03 -1.416820000000000059e-03
1.336589999999999914e-03 -9.655939999999999575e-04
7.415339999999999649e-04 -2.901830000000000099e-04
3.268240000000000154e-06 5.704059999999999729e-04
-7.432639999999999907e-04 1.466400000000000082e-03
-1.363290000000000075e-03 2.194069999999999788e-03
-1.765470000000000103e-03 2.543929999999999803e-03
-1.913699999999999950e-03 2.371219999999999838e-03
-1.805830000000000022e-03 1.676409999999999923e-03
-1.452179999999999964e-03 6.576849999999999754e-04
-8.775980000000000499e-04 -3.780440000000000146e-04
-1.363120000000000054e-04 -1.187799999999999924e-03
6.809729999999999733e-04 -1.684490000000000076e-03
1.451110000000000030e-03 -1.901080000000000087e-03
2.031699999999999999e-03 -1.914420000000000011e-03
2.290169999999999793e-03 -1.783740000000000022e-03
2.146630000000000066e-03 -1.482009999999999968e-03
1.608969999999999932e-03 -9.203619999999999813e-04
7.793719999999999641e-04 -8.688850000000000674e-05
-1.738450000000000000e-04 8.925600000000000330e-04
-1.069419999999999963e-03 1.792020000000000071e-03
-1.763559999999999954e-03 2.340119999999999787e-03
-2.169930000000000036e-03 2.336539999999999798e-03
-2.250680000000000128e-03 1.781199999999999927e-03
-2.001979999999999992e-03 9.047050000000000057e-04
-1.449170000000000059e-03 2.447610000000000101e-05
-6.485840000000000095e-04 -6.685120000000000125e-04
3.065950000000000012e-04 -1.153230000000000097e-03
1.274849999999999898e-03 -1.464349999999999897e-03
2.067359999999999857e-03 -1.603749999999999924e-03
2.491699999999999905e-03 -1.562639999999999906e-03
2.430789999999999947e-03 -1.332260000000000041e-03
1.899319999999999915e-03 -8.868059999999999658e-04
1.032719999999999992e-03 -2.335620000000000111e-04
2.537540000000000103e-05 5.263359999999999697e-04
-9.309189999999999956e-04 1.173350000000000087e-03
-1.680660000000000053e-03 1.489579999999999897e-03
-2.120279999999999995e-03 1.416060000000000018e-03
-2.204970000000000107e-03 1.063689999999999948e-03
-1.941980000000000052e-03 6.258600000000000014e-04
-1.374529999999999893e-03 2.513700000000000006e-04
-5.755240000000000009e-04 -1.762950000000000121e-05
3.394749999999999981e-04 -2.028839999999999908e-04
1.203819999999999977e-03 -3.679709999999999774e-04
1.830639999999999915e-03 -5.834339999999999709e-04
2.075880000000000000e-03 -8.024329999999999657e-04
1.890750000000000069e-03 -8.781210000000000447e-04
1.337999999999999997e-03 -7.296450000000000114e-04
5.722939999999999928e-04 -4.462539999999999866e-04
-2.111159999999999892e-04 -1.888589999999999887e-04
-8.472850000000000303e-04 -2.181899999999999896e-05
-1.251139999999999978e-03 8.004649999999999331e-05
-1.410350000000000102e-03 1.761300000000000094e-04
-1.341390000000000030e-03 3.073109999999999991e-04
-1.063130000000000021e-03 4.865949999999999854e-04
-6.141000000000000191e-04 7.257739999999999938e-04
-7.828040000000000356e-05 9.404430000000000081e-04
4.266329999999999927e-04 9.614240000000000026e-04
7.895969999999999551e-04 7.116099999999999986e-04
9.396209999999999675e-04 2.406130000000000085e-04
8.653260000000000292e-04 -3.643089999999999978e-04
6.214070000000000357e-04 -9.596189999999999885e-04
3.092540000000000176e-04 -1.360979999999999916e-03
3.585520000000000189e-05 -1.474269999999999964e-03
-1.269329999999999992e-04 -1.294589999999999977e-03
-1.656689999999999888e-04 -8.758039999999999922e-04
-1.207149999999999987e-04 -3.236359999999999758e-04
-5.941230000000000035e-05 2.987719999999999916e-04
-4.434400000000000098e-05 9.494240000000000361e-04
-1.039019999999999956e-04 1.467549999999999974e-03
-2.178539999999999914e-04 1.655589999999999970e-03
-3.362370000000000267e-04 1.423369999999999974e-03
-4.160699999999999924e-04 8.248739999999999632e-04
-4.362610000000000164e-04 9.769059999999999943e-06
-3.806430000000000078e-04 -8.466800000000000454e-04
-2.272030000000000132e-04 -1.480999999999999895e-03
3.020070000000000038e-05 -1.665129999999999909e-03
3.570579999999999956e-04 -1.378939999999999940e-03
6.803970000000000113e-04 -7.780200000000000353e-04
9.093309999999999848e-04 -8.192829999999999958e-05
9.589309999999999978e-04 5.095949999999999482e-04
7.792629999999999826e-04 8.409570000000000326e-04
3.837029999999999955e-04 8.994600000000000381e-04
-1.415739999999999967e-04 7.405200000000000454e-04
-6.550570000000000134e-04 3.947290000000000217e-04
-1.008229999999999934e-03 -2.428940000000000160e-05
-1.108629999999999989e-03 -3.446979999999999988e-04
-9.524870000000000168e-04 -4.519290000000000026e-04
-6.034340000000000233e-04 -3.795080000000000263e-04
-1.511619999999999869e-04 -1.890310000000000135e-04
3.054800000000000093e-04 1.159719999999999935e-04
6.668759999999999489e-04 3.994599999999999735e-04
8.611400000000000391e-04 4.681460000000000135e-04
8.670960000000000343e-04 2.604989999999999736e-04
7.071510000000000469e-04 -1.499530000000000058e-04
4.286580000000000013e-04 -5.984109999999999733e-04
9.588260000000000251e-05 -9.002619999999999807e-04
-2.145039999999999913e-04 -9.048469999999999647e-04
-4.314310000000000237e-04 -5.685830000000000007e-04
-5.161400000000000016e-04 -2.479319999999999837e-06
-4.779520000000000209e-04 5.959249999999999704e-04
-3.660590000000000133e-04 1.013149999999999988e-03
-2.396579999999999880e-04 1.081780000000000068e-03
-1.383400000000000070e-04 8.093609999999999780e-04
-7.311110000000000547e-05 3.722789999999999910e-04
-3.047920000000000119e-05 -6.460809999999999557e-05
2.033530000000000163e-05 -4.092599999999999949e-04
1.067889999999999969e-04 -5.850230000000000534e-04
2.244009999999999950e-04 -5.682589999999999950e-04
3.318540000000000248e-04 -4.259919999999999831e-04
3.793380000000000059e-04 -2.550300000000000028e-04
3.419319999999999781e-04 -1.228989999999999900e-04
2.304689999999999918e-04 -5.023080000000000025e-05
7.937659999999999486e-05 -1.743450000000000053e-05
-7.205100000000000523e-05 1.194109999999999990e-05
-1.926060000000000055e-04 6.678900000000000039e-05
-2.650999999999999928e-04 1.536160000000000010e-04
-2.875320000000000111e-04 2.514300000000000237e-04
-2.693330000000000181e-04 3.206640000000000185e-04
-2.232749999999999926e-04 3.217149999999999784e-04
-1.579890000000000081e-04 2.381910000000000104e-04
-7.703359999999999375e-05 9.122840000000000224e-05
1.563290000000000071e-05 -7.033040000000000006e-05
1.103499999999999989e-04 -1.960540000000000037e-04
1.920489999999999903e-04 -2.566989999999999897e-04
2.452479999999999938e-04 -2.531699999999999901e-04
2.593159999999999953e-04 -2.104010000000000071e-04
2.312509999999999989e-04 -1.598670000000000061e-04
1.660640000000000011e-04 -1.195509999999999943e-04
7.565119999999999831e-05 -8.409810000000000039e-05
-2.350540000000000030e-05 -3.344220000000000314e-05
-1.136390000000000008e-04 4.574460000000000245e-05
-1.793669999999999922e-04 1.419039999999999885e-04
-2.109799999999999892e-04 2.214279999999999948e-04
-2.067150000000000020e-04 2.517570000000000224e-04
-1.727859999999999954e-04 2.212840000000000043e-04
-1.200219999999999971e-04 1.430939999999999957e-04
-5.853629999999999722e-05 4.572570000000000166e-05
5.558239999999999828e-06 -4.220210000000000037e-05
6.883159999999999333e-05 -1.042789999999999955e-04
1.263960000000000008e-04 -1.392809999999999968e-04
1.694429999999999970e-04 -1.548560000000000095e-04
1.872920000000000086e-04 -1.578019999999999911e-04
1.727289999999999924e-04 -1.482680000000000109e-04
1.267340000000000101e-04 -1.213209999999999994e-04
5.934009999999999789e-05 -7.347820000000000404e-05
-1.389779999999999931e-05 -8.551590000000000569e-06
-7.770199999999999568e-05 6.146920000000000433e-05
-1.219980000000000066e-04 1.207590000000000003e-04
-1.436490000000000065e-04 1.560939999999999865e-04
-1.446990000000000049e-04 1.615769999999999880e-04
-1.289130000000000039e-04 1.395459999999999951e-04
-9.918329999999999616e-05 9.801979999999999959e-05
-5.744730000000000138e-05 4.674860000000000164e-05
-6.661760000000000064e-06 -5.860009999999999651e-06
4.718969999999999984e-05 -5.375090000000000065e-05
9.506160000000000478e-05 -9.252979999999999625e-05
1.272540000000000119e-04 -1.184029999999999978e-04
1.369540000000000037e-04 -1.279650000000000123e-04
1.228350000000000123e-04 -1.191100000000000031e-04
8.931710000000000582e-05 -9.235520000000000643e-05
4.452740000000000333e-05 -5.158240000000000270e-05
-2.716590000000000108e-06 -3.589500000000000107e-06
-4.529340000000000243e-05 4.340510000000000223e-05
-7.859910000000000442e-05 8.166080000000000257e-05
-9.999189999999999381e-05 1.055010000000000051e-04
-1.078360000000000023e-04 1.121599999999999968e-04
-1.011380000000000064e-04 1.018429999999999938e-04
-8.008130000000000185e-05 7.723520000000000212e-05
-4.696039999999999850e-05 4.275449999999999867e-05
-6.634940000000000039e-06 3.777499999999999832e-06
3.409300000000000037e-05 -3.407369999999999870e-05
6.807299999999999690e-05 -6.558259999999999784e-05
8.967069999999999512e-05 -8.653920000000000655e-05
