-3.557030000000000320e-08 8.103360000000000373e-07
-2.147650000000000044e-07 2.947809999999999818e-06
-6.215609999999999897e-07 5.177770000000000233e-06
-1.309309999999999963e-06 9.097699999999999310e-06
-2.703040000000000043e-06 2.110420000000000031e-05
-5.979040000000000102e-06 4.798919999999999786e-05
-1.260699999999999974e-05 8.838239999999999595e-05
-2.294150000000000049e-05 1.256619999999999905e-04
-3.517580000000000294e-05 1.389010000000000038e-04
-4.577309999999999718e-05 1.115469999999999944e-04
-5.043109999999999900e-05 3.529610000000000245e-05
-4.490239999999999889e-05 -7.323290000000000149e-05
-2.630680000000000027e-05 -1.744849999999999938e-04
5.608909999999999632e-06 -2.348320000000000041e-04
4.847419999999999746e-05 -2.519250000000000113e-04
9.796270000000000314e-05 -2.534650000000000271e-04
1.476790000000000069e-04 -2.735260000000000100e-04
1.888319999999999972e-04 -3.260329999999999869e-04
2.117040000000000046e-04 -3.879949999999999740e-04
2.089639999999999868e-04 -4.020410000000000086e-04
1.787000000000000068e-04 -3.158789999999999753e-04
1.254910000000000086e-04 -1.329229999999999876e-04
5.820349999999999932e-05 9.164949999999999724e-05
-1.574029999999999903e-05 2.973270000000000080e-04
-9.498189999999999942e-05 4.455619999999999871e-04
-1.812109999999999969e-04 5.230589999999999806e-04
-2.701080000000000234e-04 5.455599999999999469e-04
-3.462270000000000039e-04 5.486329999999999766e-04
-3.883860000000000047e-04 5.614250000000000533e-04
-3.816299999999999901e-04 5.861819999999999791e-04
-3.258289999999999732e-04 5.888620000000000009e-04
-2.341359999999999958e-04 5.046999999999999620e-04
-1.240740000000000050e-04 2.897129999999999823e-04
-1.006330000000000070e-05 -2.902480000000000034e-05
9.936969999999999831e-05 -3.804400000000000099e-04
2.024539999999999966e-04 -6.913820000000000425e-04
3.022219999999999941e-04 -9.024459999999999990e-04
3.993690000000000044e-04 -9.864699999999999250e-04
4.841889999999999953e-04 -9.589849999999999807e-04
5.356560000000000227e-04 -8.628940000000000091e-04
5.305400000000000263e-04 -7.419549999999999800e-04
4.566220000000000066e-04 -6.132379999999999992e-04
3.205269999999999756e-04 -4.605880000000000022e-04
1.456739999999999880e-04 -2.600449999999999810e-04
-3.733719999999999888e-05 2.518610000000000184e-06
-2.022749999999999971e-04 3.161630000000000018e-04
-3.343390000000000120e-04 6.306929999999999871e-04
-4.295810000000000058e-04 8.751539999999999493e-04
-4.895820000000000163e-04 1.001659999999999920e-03
-5.165880000000000081e-04 1.016739999999999918e-03
-5.110009999999999683e-04 9.609240000000000446e-04
-4.700540000000000230e-04 8.606819999999999835e-04
-3.885399999999999900e-04 7.084920000000000193e-04
-2.639149999999999829e-04 4.772719999999999936e-04
-1.041059999999999956e-04 1.669630000000000072e-04
6.914290000000000507e-05 -1.784739999999999992e-04
2.288740000000000045e-04 -5.228579999999999599e-04
3.588239999999999919e-04 -8.438700000000000367e-04
4.593409999999999919e-04 -1.094879999999999898e-03
5.363609999999999559e-04 -1.225439999999999949e-03
5.865830000000000046e-04 -1.202050000000000080e-03
5.941530000000000422e-04 -1.023250000000000071e-03
5.415170000000000400e-04 -7.481500000000000520e-04
4.235239999999999925e-04 -4.584659999999999842e-04
2.512990000000000211e-04 -1.969290000000000114e-04
4.505170000000000100e-05 5.497850000000000225e-05
-1.734630000000000026e-04 3.440879999999999894e-04
-3.812889999999999877e-04 6.805410000000000018e-04
-5.524009999999999988e-04 1.017459999999999979e-03
-6.630849999999999982e-04 1.279989999999999947e-03
-7.030110000000000222e-04 1.402019999999999916e-03
-6.794319999999999960e-04 1.348489999999999932e-03
-6.073839999999999838e-04 1.120810000000000079e-03
-4.945600000000000083e-04 7.507850000000000157e-04
-3.358370000000000170e-04 2.816539999999999972e-04
-1.228900000000000109e-04 -2.394080000000000090e-04
1.391990000000000068e-04 -7.443670000000000104e-04
4.222960000000000103e-04 -1.154269999999999992e-03
6.815299999999999614e-04 -1.418509999999999997e-03
8.724720000000000045e-04 -1.520939999999999922e-03
9.649290000000000037e-04 -1.467650000000000031e-03
9.458199999999999941e-04 -1.279570000000000056e-03
8.159379999999999931e-04 -9.889289999999999366e-04
5.866590000000000086e-04 -5.968310000000000325e-04
2.780270000000000267e-04 -8.862640000000000242e-05
-7.964170000000000017e-05 4.800639999999999899e-04
-4.441390000000000247e-04 1.022609999999999969e-03
-7.679209999999999682e-04 1.459849999999999950e-03
-1.009909999999999931e-03 1.727730000000000021e-03
-1.142879999999999981e-03 1.800979999999999985e-03
-1.152699999999999992e-03 1.678009999999999962e-03
-1.033590000000000030e-03 1.355910000000000101e-03
-7.869910000000000143e-04 8.371900000000000262e-04
-4.263769999999999735e-04 1.360690000000000011e-04
1.689380000000000078e-05 -6.787059999999999491e-04
4.904679999999999804e-04 -1.422819999999999988e-03
9.261360000000000382e-04 -1.908350000000000064e-03
1.257040000000000067e-03 -2.054900000000000129e-03
1.435759999999999901e-03 -1.896960000000000052e-03
1.438870000000000079e-03 -1.544089999999999916e-03
1.258840000000000002e-03 -1.073509999999999959e-03
8.988670000000000253e-04 -5.128959999999999899e-04
3.842249999999999745e-04 1.035699999999999994e-04
-2.222530000000000013e-04 7.605430000000000263e-04
-8.256420000000000209e-04 1.440169999999999948e-03
-1.325460000000000093e-03 2.029979999999999805e-03
-1.642889999999999932e-03 2.362120000000000105e-03
-1.734349999999999954e-03 2.281500000000000108e-03
-1.590760000000000091e-03 1.739050000000000014e-03
-1.231829999999999948e-03 8.641910000000000477e-04
-6.987220000000000366e-04 -1.530020000000000100e-04
-4.633080000000000032e-05 -1.105169999999999937e-03
6.562850000000000497e-04 -1.799119999999999973e-03
1.319759999999999900e-03 -2.151489999999999826e-03
1.837819999999999992e-03 -2.200060000000000210e-03
2.108220000000000059e-03 -2.055589999999999935e-03
2.062410000000000198e-03 -1.778649999999999893e-03
1.686290000000000011e-03 -1.308279999999999990e-03
1.026549999999999989e-03 -5.644149999999999688e-04
1.868189999999999879e-04 4.102549999999999947e-04
-6.899900000000000260e-04 1.450780000000000038e-03
-1.457670000000000103e-03 2.330220000000000034e-03
-2.005129999999999933e-03 2.815479999999999979e-03
-2.271229999999999950e-03 2.741260000000000138e-03
-2.231959999999999847e-03 2.091120000000000131e-03
-1.883979999999999943e-03 1.053520000000000064e-03
-1.247070000000000079e-03 -6.127979999999999560e-05
-3.807910000000000071e-04 -9.947059999999999323e-04
6.048989999999999966e-04 -1.640020000000000063e-03
1.556069999999999892e-03 -2.012529999999999788e-03
2.298510000000000136e-03 -2.171649999999999796e-03
2.676439999999999982e-03 -2.156299999999999883e-03
2.597130000000000011e-03 -1.918860000000000097e-03
2.062280000000000103e-03 -1.355759999999999908e-03
1.171989999999999924e-03 -4.516160000000000074e-04
9.796910000000000362e-05 6.580820000000000463e-04
-9.657150000000000196e-04 1.726670000000000028e-03
-1.851420000000000106e-03 2.455119999999999872e-03
-2.441679999999999892e-03 2.612580000000000197e-03
-2.666560000000000111e-03 2.171310000000000080e-03
-2.494800000000000142e-03 1.344769999999999906e-03
-1.935110000000000085e-03 4.478320000000000044e-04
-1.044870000000000044e-03 -3.207449999999999928e-04
6.217559999999999472e-05 -9.290340000000000230e-04
1.213300000000000056e-03 -1.398120000000000092e-03
2.190559999999999816e-03 -1.708459999999999970e-03
2.778580000000000112e-03 -1.822870000000000089e-03
2.838820000000000145e-03 -1.706290000000000064e-03
2.365320000000000183e-03 -1.315879999999999958e-03
1.481710000000000015e-03 -6.504669999999999506e-04
3.860000000000000041e-04 1.891170000000000123e-04
-7.137829999999999522e-04 9.708489999999999742e-04
-1.639719999999999893e-03 1.449189999999999940e-03
-2.260690000000000095e-03 1.531800000000000045e-03
-2.498950000000000216e-03 1.304910000000000054e-03
-2.331179999999999971e-03 9.508719999999999586e-04
-1.785700000000000091e-03 6.143910000000000473e-04
-9.416259999999999864e-04 3.339500000000000129e-04
6.667320000000000397e-05 8.738580000000000620e-05
1.053129999999999995e-03 -1.799930000000000095e-04
1.814049999999999994e-03 -5.216809999999999677e-04
2.188110000000000055e-03 -8.714989999999999716e-04
2.109080000000000156e-03 -1.063109999999999923e-03
1.625499999999999992e-03 -9.968290000000000744e-04
8.828350000000000000e-04 -7.494959999999999947e-04
7.336549999999999409e-05 -4.819409999999999992e-04
-6.306149999999999516e-04 -2.679679999999999931e-04
-1.125520000000000079e-03 -9.349089999999999625e-05
-1.377739999999999911e-03 9.087219999999999369e-05
-1.390280000000000031e-03 3.150149999999999782e-04
-1.177929999999999993e-03 5.807199999999999558e-04
-7.774709999999999564e-04 8.927829999999999664e-04
-2.698569999999999745e-04 1.163799999999999991e-03
2.271340000000000110e-04 1.218459999999999986e-03
5.977260000000000299e-04 9.688420000000000322e-04
7.682280000000000315e-04 4.587670000000000073e-04
7.306469999999999588e-04 -2.180569999999999893e-04
5.436889999999999779e-04 -9.041070000000000226e-04
3.065119999999999954e-04 -1.401469999999999929e-03
1.168439999999999946e-04 -1.605620000000000094e-03
3.405590000000000033e-05 -1.502789999999999942e-03
5.980339999999999734e-05 -1.137479999999999958e-03
1.436619999999999943e-04 -6.061800000000000001e-04
2.097819999999999915e-04 3.467689999999999998e-05
1.899810000000000095e-04 7.456999999999999653e-04
5.446160000000000047e-05 1.361559999999999940e-03
-1.721650000000000025e-04 1.669640000000000013e-03
-4.254370000000000265e-04 1.557510000000000014e-03
-6.358209999999999557e-04 1.057750000000000096e-03
-7.513059999999999791e-04 3.037180000000000218e-04
-7.335700000000000120e-04 -5.413440000000000266e-04
-5.530679999999999841e-04 -1.218799999999999918e-03
-2.074129999999999876e-04 -1.491520000000000085e-03
2.551200000000000104e-04 -1.318299999999999897e-03
7.351810000000000072e-04 -8.331319999999999915e-04
1.107010000000000069e-03 -2.402810000000000124e-04
1.255260000000000013e-03 2.727900000000000225e-04
1.114289999999999985e-03 5.630449999999999735e-04
6.967149999999999862e-04 6.270019999999999847e-04
9.766960000000000420e-05 5.198989999999999905e-04
-5.268410000000000063e-04 2.599810000000000033e-04
-1.007880000000000061e-03 -5.886389999999999727e-05
-1.226150000000000070e-03 -2.825179999999999944e-04
-1.152320000000000080e-03 -3.084249999999999752e-04
-8.381509999999999785e-04 -1.805210000000000018e-04
-3.782990000000000181e-04 3.012510000000000063e-05
1.169449999999999993e-04 3.195930000000000147e-04
5.378919999999999925e-04 5.627870000000000312e-04
8.007420000000000119e-04 5.774040000000000032e-04
8.697089999999999769e-04 3.054560000000000109e-04
7.582199999999999877e-04 -1.769569999999999932e-04
5.156520000000000157e-04 -6.957730000000000078e-04
2.128730000000000064e-04 -1.053249999999999933e-03
-7.225579999999999351e-05 -1.089530000000000012e-03
-2.746849999999999899e-04 -7.580520000000000530e-04
-3.631069999999999914e-04 -1.702610000000000018e-04
-3.505280000000000158e-04 4.739489999999999849e-04
-2.853789999999999929e-04 9.551990000000000003e-04
-2.229239999999999954e-04 1.095199999999999950e-03
-1.947420000000000000e-04 8.887120000000000523e-04
-1.980030000000000082e-04 5.036910000000000128e-04
-2.034709999999999904e-04 1.017000000000000055e-04
-1.709140000000000106e-04 -2.288690000000000071e-04
-7.210419999999999991e-05 -4.164770000000000039e-04
8.524290000000000339e-05 -4.381179999999999818e-04
2.547830000000000168e-04 -3.541160000000000228e-04
3.771240000000000031e-04 -2.513290000000000055e-04
4.129569999999999834e-04 -1.878380000000000132e-04
3.594149999999999732e-04 -1.746910000000000119e-04
2.432780000000000109e-04 -1.819389999999999940e-04
1.020619999999999996e-04 -1.652559999999999912e-04
-3.240020000000000194e-05 -9.453509999999999550e-05
-1.411650000000000079e-04 3.127890000000000303e-05
-2.175819999999999913e-04 1.830830000000000088e-04
-2.625929999999999844e-04 3.137430000000000080e-04
-2.787690000000000003e-04 3.763349999999999942e-04
-2.658679999999999963e-04 3.460210000000000130e-04
-2.208830000000000060e-04 2.353429999999999997e-04
-1.429129999999999919e-04 8.737329999999999912e-05
-3.883889999999999841e-05 -4.858150000000000234e-05
7.515369999999999841e-05 -1.404880000000000007e-04
1.776539999999999901e-04 -1.841240000000000010e-04
2.489400000000000120e-04 -1.976400000000000119e-04
2.767429999999999760e-04 -2.042540000000000132e-04
2.586080000000000149e-04 -2.132339999999999984e-04
2.010120000000000060e-04 -2.118800000000000110e-04
1.166750000000000035e-04 -1.755949999999999883e-04
2.139680000000000154e-05 -8.969669999999999792e-05
-6.900030000000000410e-05 3.268430000000000147e-05
-1.414839999999999891e-04 1.537029999999999885e-04
-1.881510000000000083e-04 2.343570000000000061e-04
-2.070440000000000052e-04 2.553720000000000209e-04
-2.003829999999999956e-04 2.222290000000000029e-04
-1.711940000000000011e-04 1.570560000000000087e-04
-1.214030000000000030e-04 8.415399999999999422e-05
-5.344300000000000314e-05 1.830969999999999852e-05
2.610229999999999910e-05 -3.806220000000000295e-05
1.046549999999999933e-04 -8.903420000000000214e-05
1.662210000000000066e-04 -1.361190000000000024e-04
1.973239999999999966e-04 -1.730749999999999921e-04
1.925069999999999917e-04 -1.880979999999999870e-04
1.560060000000000103e-04 -1.713119999999999888e-04
9.895250000000000508e-05 -1.218829999999999984e-04
3.425680000000000039e-05 -4.990819999999999762e-05
-2.773709999999999910e-05 2.768510000000000027e-05
-8.081400000000000248e-05 9.415149999999999463e-05
-1.216789999999999983e-04 1.385600000000000015e-04
-1.476530000000000041e-04 1.575229999999999892e-04
-1.553769999999999999e-04 1.533000000000000129e-04
-1.416570000000000025e-04 1.304789999999999954e-04
-1.059210000000000045e-04 9.355730000000000632e-05
-5.245380000000000252e-05 4.650100000000000083e-05
9.422859999999999767e-06 -6.221470000000000083e-06
6.773040000000000462e-05 -5.852729999999999782e-05
1.116279999999999958e-04 -1.027940000000000055e-04
1.345960000000000103e-04 -1.314230000000000053e-04
1.354960000000000051e-04 -1.391250000000000071e-04
1.174030000000000006e-04 -1.247029999999999883e-04
8.535800000000000505e-05 -9.142009999999999568e-05
4.455579999999999784e-05 -4.590550000000000289e-05
-2.338259999999999922e-07 3.750679999999999807e-06
-4.422529999999999821e-05 4.982189999999999812e-05
-8.209839999999999987e-05 8.612969999999999632e-05
-1.082570000000000038e-04 1.085189999999999956e-04
-1.180480000000000055e-04 1.148989999999999989e-04
-1.093630000000000031e-04 1.051579999999999984e-04
-8.368479999999999539e-05 8.109479999999999477e-05
-4.593779999999999917e-05 4.630249999999999926e-05
-3.149750000000000209e-06 5.849590000000000012e-06
3.742430000000000013e-05 -3.433279999999999763e-05
