-2.437439999999999888e-08 8.309889999999999775e-07
-1.599310000000000045e-07 3.066960000000000194e-06
-5.172430000000000213e-07 5.498700000000000395e-06
-1.213579999999999992e-06 9.717540000000000815e-06
-2.611570000000000137e-06 2.232970000000000069e-05
-5.685179999999999666e-06 5.072729999999999796e-05
-1.198470000000000064e-05 9.414709999999999854e-05
-2.275460000000000064e-05 1.357239999999999901e-04
-3.760589999999999853e-05 1.530710000000000122e-04
-5.364900000000000083e-05 1.277060000000000001e-04
-6.538149999999999734e-05 4.989249999999999707e-05
-6.560079999999999709e-05 -6.417910000000000357e-05
-4.778400000000000193e-05 -1.740629999999999901e-04
-9.138949999999999973e-06 -2.442230000000000095e-04
4.746419999999999865e-05 -2.707489999999999788e-04
1.137150000000000048e-04 -2.814529999999999766e-04
1.779279999999999946e-04 -3.117449999999999909e-04
2.281429999999999873e-04 -3.761069999999999821e-04
2.553580000000000173e-04 -4.497400000000000139e-04
2.554979999999999990e-04 -4.712070000000000169e-04
2.290790000000000068e-04 -3.836549999999999986e-04
1.791999999999999919e-04 -1.881379999999999934e-04
1.092609999999999963e-04 5.853470000000000049e-05
2.119009999999999893e-05 2.916160000000000215e-04
-8.434209999999999331e-05 4.689699999999999772e-04
-2.040739999999999980e-04 5.755060000000000427e-04
-3.265760000000000256e-04 6.253199999999999557e-04
-4.306119999999999761e-04 6.513880000000000321e-04
-4.912890000000000052e-04 6.804950000000000365e-04
-4.914729999999999750e-04 7.140249999999999679e-04
-4.308630000000000250e-04 7.175890000000000307e-04
-3.255040000000000060e-04 6.241239999999999895e-04
-1.976740000000000051e-04 3.851759999999999863e-04
-6.408159999999999985e-05 2.543430000000000143e-05
6.979210000000000557e-05 -3.799419999999999751e-04
2.072630000000000110e-04 -7.486990000000000225e-04
3.521320000000000092e-04 -1.012840000000000094e-03
4.989960000000000315e-04 -1.140299999999999907e-03
6.282259999999999581e-04 -1.144199999999999948e-03
7.097779999999999931e-04 -1.065390000000000044e-03
7.148929999999999738e-04 -9.456729999999999563e-04
6.296200000000000060e-04 -8.012369999999999996e-04
4.624350000000000270e-04 -6.163409999999999592e-04
2.417569999999999962e-04 -3.682140000000000087e-04
4.894910000000000201e-06 -4.485319999999999943e-05
-2.156340000000000025e-04 3.387870000000000074e-04
-4.008640000000000163e-04 7.256749999999999529e-04
-5.448560000000000295e-04 1.035450000000000042e-03
-6.472539999999999934e-04 1.210759999999999961e-03
-7.057870000000000376e-04 1.252510000000000082e-03
-7.139639999999999832e-04 1.201409999999999978e-03
-6.640370000000000257e-04 1.087159999999999993e-03
-5.522539999999999611e-04 9.040269999999999556e-04
-3.834449999999999989e-04 6.240609999999999734e-04
-1.731199999999999959e-04 2.474849999999999793e-04
5.417019999999999848e-05 -1.758390000000000083e-04
2.716919999999999730e-04 -5.994870000000000016e-04
4.603070000000000230e-04 -9.927440000000000483e-04
6.129240000000000426e-04 -1.304760000000000078e-03
7.287069999999999876e-04 -1.480879999999999957e-03
8.023079999999999492e-04 -1.480210000000000033e-03
8.180190000000000161e-04 -1.294079999999999970e-03
7.552519999999999850e-04 -9.811769999999999606e-04
6.023730000000000143e-04 -6.317700000000000312e-04
3.679040000000000066e-04 -3.000020000000000052e-04
8.059129999999999528e-05 2.658180000000000018e-05
-2.203759999999999920e-04 3.951380000000000105e-04
-4.968559999999999470e-04 8.150889999999999611e-04
-7.187779999999999950e-04 1.230889999999999892e-03
-8.669710000000000177e-04 1.553450000000000056e-03
-9.340909999999999578e-04 1.706059999999999912e-03
-9.231009999999999563e-04 1.652009999999999980e-03
-8.417389999999999855e-04 1.396520000000000053e-03
-6.951060000000000225e-04 9.743139999999999960e-04
-4.822669999999999822e-04 4.292620000000000246e-04
-2.012630000000000007e-04 -1.886780000000000119e-04
1.391429999999999924e-04 -8.023849999999999689e-04
5.091689999999999628e-04 -1.318439999999999933e-03
8.587479999999999983e-04 -1.672340000000000024e-03
1.130960000000000082e-03 -1.839689999999999945e-03
1.279470000000000000e-03 -1.823270000000000099e-03
1.279490000000000098e-03 -1.640930000000000080e-03
1.129199999999999909e-03 -1.320720000000000054e-03
8.447660000000000498e-04 -8.614859999999999575e-04
4.541890000000000250e-04 -2.514029999999999780e-04
-4.809829999999999653e-06 4.443429999999999841e-04
-4.839190000000000266e-04 1.123440000000000072e-03
-9.273190000000000165e-04 1.689500000000000030e-03
-1.280389999999999957e-03 2.064680000000000161e-03
-1.499289999999999911e-03 2.214069999999999840e-03
-1.556290000000000104e-03 2.128259999999999874e-03
-1.439839999999999957e-03 1.796669999999999994e-03
-1.152870000000000067e-03 1.216290000000000079e-03
-7.133519999999999965e-04 4.020559999999999737e-04
-1.569030000000000121e-04 -5.678099999999999727e-04
4.602079999999999821e-04 -1.490049999999999925e-03
1.062259999999999984e-03 -2.150749999999999884e-03
1.564569999999999936e-03 -2.444280000000000064e-03
1.889899999999999913e-03 -2.388420000000000040e-03
1.982419999999999929e-03 -2.084930000000000030e-03
1.814569999999999942e-03 -1.606259999999999979e-03
1.389959999999999980e-03 -9.747529999999999693e-04
7.485260000000000091e-04 -2.242540000000000115e-04
-2.940080000000000148e-05 6.175490000000000059e-04
-8.317329999999999732e-04 1.509689999999999947e-03
-1.537949999999999951e-03 2.313509999999999959e-03
-2.045959999999999879e-03 2.835030000000000102e-03
-2.289429999999999851e-03 2.891949999999999903e-03
-2.239829999999999946e-03 2.408969999999999861e-03
-1.899349999999999953e-03 1.499579999999999923e-03
-1.294589999999999977e-03 3.564059999999999754e-04
-4.767859999999999850e-04 -7.939480000000000495e-04
4.699990000000000244e-04 -1.729590000000000034e-03
1.422089999999999986e-03 -2.335219999999999831e-03
2.226070000000000132e-03 -2.618029999999999923e-03
2.730540000000000050e-03 -2.662949999999999866e-03
2.828289999999999797e-03 -2.509529999999999834e-03
2.487660000000000045e-03 -2.077219999999999848e-03
1.759680000000000012e-03 -1.268309999999999924e-03
7.630580000000000522e-04 -1.203720000000000056e-04
-3.446979999999999988e-04 1.182820000000000009e-03
-1.401499999999999968e-03 2.373370000000000080e-03
-2.268420000000000158e-03 3.168849999999999965e-03
-2.840670000000000001e-03 3.358020000000000189e-03
-3.043430000000000180e-03 2.885979999999999795e-03
-2.828109999999999999e-03 1.913720000000000048e-03
-2.183580000000000070e-03 7.422050000000000132e-04
-1.159969999999999968e-03 -3.578160000000000043e-04
1.132409999999999954e-04 -1.252990000000000050e-03
1.433159999999999946e-03 -1.927660000000000094e-03
2.559780000000000215e-03 -2.408599999999999890e-03
3.274679999999999865e-03 -2.696810000000000006e-03
3.440059999999999993e-03 -2.700409999999999876e-03
3.033080000000000064e-03 -2.271689999999999821e-03
2.143359999999999970e-03 -1.364259999999999952e-03
9.397270000000000102e-04 -1.086429999999999964e-04
-3.770700000000000202e-04 1.224499999999999894e-03
-1.614800000000000003e-03 2.290920000000000109e-03
-2.609150000000000184e-03 2.804329999999999844e-03
-3.225920000000000176e-03 2.681699999999999969e-03
-3.363800000000000123e-03 2.092029999999999931e-03
-2.971639999999999785e-03 1.324040000000000069e-03
-2.075329999999999796e-03 5.669060000000000505e-04
-7.970390000000000374e-04 -1.483400000000000061e-04
6.483559999999999974e-04 -8.356439999999999702e-04
1.987710000000000171e-03 -1.451089999999999932e-03
2.953410000000000063e-03 -1.911659999999999922e-03
3.358789999999999953e-03 -2.126059999999999929e-03
3.150979999999999840e-03 -2.000769999999999806e-03
2.414050000000000050e-03 -1.496850000000000090e-03
1.325119999999999944e-03 -6.911750000000000359e-04
9.405599999999999529e-05 1.893409999999999885e-04
-1.080819999999999914e-03 8.784090000000000257e-04
-2.031849999999999976e-03 1.241160000000000050e-03
-2.627620000000000216e-03 1.316689999999999918e-03
-2.780499999999999985e-03 1.250170000000000101e-03
-2.462830000000000054e-03 1.158750000000000058e-03
-1.725629999999999916e-03 1.054119999999999970e-03
-7.066600000000000138e-04 8.869900000000000440e-04
3.865070000000000181e-04 5.858630000000000521e-04
1.324890000000000009e-03 1.000999999999999937e-04
1.923220000000000008e-03 -4.810770000000000020e-04
2.091609999999999824e-03 -9.527340000000000027e-04
1.852130000000000009e-03 -1.169459999999999987e-03
1.318439999999999933e-03 -1.167899999999999928e-03
6.502349999999999840e-04 -1.083479999999999947e-03
1.912380000000000082e-07 -9.760520000000000394e-04
-5.243949999999999827e-04 -8.204609999999999768e-04
-8.693810000000000166e-04 -5.602450000000000138e-04
-1.017619999999999896e-03 -1.721919999999999939e-04
-9.729050000000000371e-04 3.213959999999999972e-04
-7.626090000000000299e-04 8.936060000000000227e-04
-4.507029999999999977e-04 1.427799999999999903e-03
-1.341039999999999886e-04 1.718530000000000014e-03
8.803369999999999707e-05 1.641289999999999893e-03
1.563090000000000106e-04 1.205759999999999948e-03
8.098140000000000362e-05 4.895260000000000019e-04
-5.898680000000000248e-05 -3.416930000000000097e-04
-1.526889999999999877e-04 -1.062639999999999895e-03
-1.108059999999999959e-04 -1.533099999999999914e-03
9.329849999999999450e-05 -1.704470000000000030e-03
4.122880000000000208e-04 -1.588669999999999926e-03
7.449139999999999495e-04 -1.249660000000000094e-03
9.743959999999999861e-04 -7.123999999999999690e-04
1.006530000000000055e-03 8.269159999999999277e-06
7.984549999999999981e-04 7.527750000000000153e-04
3.734209999999999743e-04 1.285829999999999959e-03
-1.852110000000000128e-04 1.450239999999999993e-03
-7.585600000000000285e-04 1.230409999999999924e-03
-1.221150000000000057e-03 7.204489999999999592e-04
-1.462200000000000088e-03 5.129959999999999924e-05
-1.403940000000000006e-03 -5.452109999999999812e-04
-1.025950000000000082e-03 -8.431689999999999498e-04
-3.863650000000000049e-04 -7.896449999999999520e-04
3.777270000000000107e-04 -4.915899999999999740e-04
1.079359999999999912e-03 -1.235060000000000064e-04
1.534350000000000080e-03 1.555790000000000092e-04
1.621159999999999962e-03 2.319959999999999926e-04
1.323060000000000035e-03 1.330269999999999988e-04
7.331329999999999618e-04 -5.957479999999999753e-05
2.285540000000000144e-05 -3.164040000000000017e-04
-6.141119999999999912e-04 -5.524119999999999552e-04
-1.024960000000000107e-03 -6.329140000000000460e-04
-1.141330000000000079e-03 -4.750280000000000062e-04
-9.843720000000000681e-04 -1.447239999999999920e-04
-6.379239999999999997e-04 2.575039999999999794e-04
-2.152620000000000000e-04 6.994079999999999958e-04
1.694710000000000042e-04 1.039709999999999896e-03
4.283690000000000045e-04 1.088470000000000019e-03
5.200800000000000214e-04 7.813769999999999830e-04
4.557259999999999935e-04 1.935299999999999987e-04
2.904289999999999801e-04 -4.879670000000000123e-04
1.037419999999999971e-04 -1.037619999999999949e-03
-2.737010000000000075e-05 -1.261989999999999943e-03
-5.669650000000000172e-05 -1.084979999999999929e-03
1.293749999999999937e-05 -5.977209999999999511e-04
1.306609999999999879e-04 1.037290000000000025e-05
2.197479999999999974e-04 5.215540000000000280e-04
2.143679999999999913e-04 7.498179999999999689e-04
9.314640000000000658e-05 6.739720000000000042e-04
-1.103940000000000005e-04 4.438989999999999863e-04
-3.239180000000000249e-04 2.044310000000000083e-04
-4.672969999999999815e-04 2.449150000000000090e-05
-4.864070000000000069e-04 -4.789009999999999741e-05
-3.766430000000000190e-04 -9.409160000000000220e-06
-1.824480000000000123e-04 7.102889999999999345e-05
2.783660000000000043e-05 1.085780000000000030e-04
1.955279999999999887e-04 5.446729999999999942e-05
2.936419999999999916e-04 -8.605930000000000459e-05
3.275959999999999853e-04 -2.591340000000000028e-04
3.192289999999999755e-04 -3.923159999999999755e-04
2.877479999999999968e-04 -4.309979999999999823e-04
2.396560000000000107e-04 -3.599249999999999802e-04
1.710650000000000029e-04 -2.052450000000000043e-04
7.747009999999999541e-05 -1.887409999999999942e-05
-3.696949999999999900e-05 1.428590000000000090e-04
-1.562409999999999971e-04 2.414410000000000080e-04
-2.565700000000000185e-04 2.713079999999999984e-04
-3.150790000000000101e-04 2.551610000000000054e-04
-3.183880000000000152e-04 2.237239999999999878e-04
-2.671679999999999736e-04 1.955120000000000078e-04
-1.751339999999999939e-04 1.673930000000000014e-04
-6.355519999999999757e-05 1.199080000000000046e-04
4.592370000000000214e-05 3.464420000000000281e-05
1.370339999999999894e-04 -8.644810000000000330e-05
2.011530000000000035e-04 -2.137159999999999982e-04
2.360189999999999912e-04 -3.024810000000000064e-04
2.426370000000000013e-04 -3.189269999999999909e-04
2.226899999999999973e-04 -2.619370000000000097e-04
1.778810000000000135e-04 -1.621740000000000096e-04
1.109979999999999967e-04 -5.836129999999999974e-05
2.759600000000000142e-05 2.511610000000000166e-05
-6.274399999999999422e-05 8.448529999999999560e-05
-1.464770000000000004e-04 1.290239999999999898e-04
-2.083080000000000120e-04 1.674900000000000108e-04
-2.355210000000000105e-04 1.985979999999999983e-04
-2.227449999999999960e-04 2.110600000000000019e-04
-1.744770000000000034e-04 1.917400000000000040e-04
-1.034259999999999954e-04 1.356610000000000010e-04
-2.531220000000000136e-05 5.125659999999999982e-05
4.687590000000000295e-05 -4.214120000000000235e-05
1.058600000000000063e-04 -1.225719999999999913e-04
1.490519999999999953e-04 -1.743190000000000093e-04
1.751920000000000126e-04 -1.924779999999999959e-04
1.817769999999999911e-04 -1.815490000000000062e-04
1.654100000000000036e-04 -1.501399999999999957e-04
1.247420000000000061e-04 -1.058080000000000007e-04
6.362620000000000417e-05 -5.308730000000000247e-05
-8.058150000000000089e-06 4.966630000000000422e-06
-7.679740000000000438e-05 6.389240000000000511e-05
-1.298059999999999969e-04 1.163079999999999984e-04
-1.589720000000000087e-04 1.531120000000000072e-04
-1.624630000000000063e-04 1.666650000000000043e-04
-1.436169999999999905e-04 1.539079999999999908e-04
-1.083050000000000007e-04 1.176460000000000049e-04
-6.253160000000000283e-05 6.546559999999999879e-05
-1.148020000000000064e-05 7.152120000000000227e-06
3.999819999999999933e-05 -4.798999999999999962e-05
8.644640000000000635e-05 -9.281330000000000125e-05
1.216120000000000005e-04 -1.227579999999999926e-04
1.395479999999999995e-04 -1.354879999999999876e-04
1.365530000000000053e-04 -1.304250000000000125e-04
1.128230000000000004e-04 -1.085949999999999996e-04
7.281850000000000085e-05 -7.279029999999999322e-05
2.405880000000000079e-05 -2.768850000000000095e-05
-2.504209999999999864e-05 2.043929999999999928e-05
-6.724339999999999387e-05 6.458590000000000110e-05
-9.762009999999999731e-05 9.825589999999999552e-05
-1.136160000000000045e-04 1.167130000000000055e-04
-1.144810000000000039e-04 1.178260000000000066e-04
