-4.267300000000000102e-08 7.868540000000000392e-07
-2.429229999999999843e-07 2.814759999999999881e-06
-6.488469999999999602e-07 4.825930000000000227e-06
-1.269319999999999987e-06 8.424149999999999634e-06
-2.591560000000000053e-06 1.976709999999999917e-05
-5.871510000000000303e-06 4.500979999999999722e-05
-1.232130000000000009e-05 8.218850000000000092e-05
-2.155519999999999989e-05 1.150070000000000053e-04
-3.113070000000000333e-05 1.241269999999999993e-04
-3.786710000000000206e-05 9.516770000000000025e-05
-3.885079999999999740e-05 2.171369999999999846e-05
-3.150120000000000258e-05 -7.885409999999999436e-05
-1.428610000000000032e-05 -1.684500000000000016e-04
1.246450000000000068e-05 -2.171560000000000059e-04
4.707950000000000215e-05 -2.262549999999999945e-04
8.700809999999999794e-05 -2.240750000000000120e-04
1.274070000000000085e-04 -2.417750000000000086e-04
1.598209999999999865e-04 -2.892190000000000104e-04
1.743279999999999884e-04 -3.416180000000000215e-04
1.643279999999999893e-04 -3.444279999999999759e-04
1.300979999999999867e-04 -2.525750000000000000e-04
7.903300000000000039e-05 -7.706670000000000534e-05
2.175020000000000057e-05 1.245089999999999966e-04
-3.534289999999999665e-05 2.965150000000000164e-04
-9.436760000000000092e-05 4.095750000000000215e-04
-1.600320000000000019e-04 4.590659999999999988e-04
-2.283440000000000079e-04 4.650820000000000171e-04
-2.832259999999999747e-04 4.612109999999999994e-04
-3.054709999999999761e-04 4.698069999999999829e-04
-2.852660000000000026e-04 4.871540000000000050e-04
-2.274330000000000026e-04 4.801960000000000083e-04
-1.463470000000000135e-04 3.934389999999999849e-04
-5.702899999999999896e-05 1.948610000000000034e-04
2.934089999999999889e-05 -8.303050000000000404e-05
1.065529999999999944e-04 -3.751439999999999983e-04
1.754699999999999988e-04 -6.218709999999999689e-04
2.424629999999999993e-04 -7.775300000000000180e-04
3.101450000000000062e-04 -8.244479999999999777e-04
3.686750000000000031e-04 -7.818000000000000296e-04
3.980909999999999939e-04 -6.895999999999999569e-04
3.804680000000000171e-04 -5.838879999999999635e-04
3.111219999999999936e-04 -4.745959999999999806e-04
2.006920000000000091e-04 -3.446510000000000177e-04
6.959219999999999415e-05 -1.755460000000000028e-04
-5.993079999999999886e-05 4.092630000000000150e-05
-1.711439999999999999e-04 2.936610000000000197e-04
-2.565239999999999990e-04 5.400059999999999930e-04
-3.158190000000000064e-04 7.218669999999999514e-04
-3.513580000000000197e-04 8.044639999999999604e-04
-3.650789999999999786e-04 8.019389999999999939e-04
-3.574140000000000173e-04 7.539979999999999729e-04
-3.257900000000000097e-04 6.801269999999999885e-04
-2.648689999999999877e-04 5.653649999999999648e-04
-1.720710000000000132e-04 3.788800000000000045e-04
-5.547580000000000171e-05 1.202830000000000002e-04
6.486780000000000258e-05 -1.667430000000000127e-04
1.687089999999999868e-04 -4.484189999999999769e-04
2.509020000000000044e-04 -7.069090000000000313e-04
3.203340000000000267e-04 -9.032000000000000531e-04
3.826060000000000160e-04 -9.979739999999999965e-04
4.280649999999999885e-04 -9.674300000000000260e-04
4.372429999999999741e-04 -8.117320000000000134e-04
3.960549999999999748e-04 -5.821280000000000074e-04
3.054350000000000055e-04 -3.481399999999999838e-04
1.775050000000000022e-04 -1.432039999999999930e-04
2.602389999999999998e-05 5.414980000000000119e-05
-1.363419999999999899e-04 2.894679999999999736e-04
-2.927350000000000221e-04 5.717819999999999543e-04
-4.199669999999999857e-04 8.560109999999999464e-04
-4.976860000000000051e-04 1.072030000000000075e-03
-5.206539999999999519e-04 1.160860000000000104e-03
-4.990430000000000126e-04 1.096589999999999935e-03
-4.450480000000000256e-04 8.890099999999999739e-04
-3.601650000000000186e-04 5.720210000000000312e-04
-2.358399999999999917e-04 1.808280000000000109e-04
-6.565610000000000315e-05 -2.520110000000000102e-04
1.415979999999999951e-04 -6.718849999999999953e-04
3.580349999999999830e-04 -1.007440000000000072e-03
5.461030000000000398e-04 -1.210930000000000036e-03
6.740109999999999678e-04 -1.268100000000000087e-03
7.240859999999999788e-04 -1.188870000000000074e-03
6.907260000000000136e-04 -9.993750000000000463e-04
5.761520000000000226e-04 -7.349989999999999605e-04
3.887699999999999793e-04 -3.959790000000000250e-04
1.430600000000000025e-04 3.503890000000000092e-05
-1.364260000000000115e-04 5.063970000000000103e-04
-4.121490000000000006e-04 9.395830000000000197e-04
-6.426449999999999567e-04 1.268140000000000066e-03
-7.970609999999999501e-04 1.442539999999999968e-03
-8.608560000000000127e-04 1.450780000000000038e-03
-8.304789999999999612e-04 1.301139999999999892e-03
-7.057899999999999764e-04 9.956369999999999543e-04
-4.897639999999999546e-04 5.365209999999999814e-04
-1.952179999999999866e-04 -6.622610000000000616e-05
1.492850000000000047e-04 -7.506410000000000252e-04
4.975789999999999467e-04 -1.344340000000000075e-03
7.931109999999999896e-04 -1.679989999999999912e-03
9.882779999999999863e-04 -1.702369999999999925e-03
1.059580000000000070e-03 -1.466220000000000067e-03
1.003070000000000003e-03 -1.090260000000000014e-03
8.187379999999999528e-04 -6.505490000000000491e-04
5.072469999999999497e-04 -1.678069999999999876e-04
8.949829999999999656e-05 3.336910000000000006e-04
-3.755839999999999873e-04 8.485969999999999798e-04
-8.040459999999999925e-04 1.365380000000000022e-03
-1.118309999999999964e-03 1.778459999999999937e-03
-1.268269999999999944e-03 1.939610000000000032e-03
-1.235559999999999914e-03 1.730310000000000095e-03
-1.029509999999999974e-03 1.141050000000000007e-03
-6.821740000000000182e-04 3.211409999999999937e-04
-2.383390000000000096e-04 -5.498159999999999549e-04
2.568129999999999957e-04 -1.296419999999999951e-03
7.549230000000000090e-04 -1.764549999999999929e-03
1.190969999999999963e-03 -1.906499999999999992e-03
1.484309999999999970e-03 -1.784039999999999975e-03
1.562510000000000027e-03 -1.516619999999999991e-03
1.389590000000000009e-03 -1.165009999999999961e-03
9.775910000000000936e-04 -6.750169999999999781e-04
3.845620000000000223e-04 1.370380000000000083e-05
-2.899070000000000011e-04 8.395640000000000004e-04
-9.211929999999999468e-04 1.640570000000000049e-03
-1.397629999999999966e-03 2.222190000000000189e-03
-1.655640000000000106e-03 2.405249999999999836e-03
-1.680520000000000017e-03 2.086320000000000015e-03
-1.479810000000000023e-03 1.302439999999999978e-03
-1.066780000000000029e-03 2.678879999999999803e-04
-4.716559999999999850e-04 -7.205170000000000541e-04
2.408169999999999950e-04 -1.446239999999999895e-03
9.702649999999999946e-04 -1.845850000000000008e-03
1.593610000000000079e-03 -1.960429999999999985e-03
1.984070000000000104e-03 -1.861910000000000041e-03
2.040880000000000125e-03 -1.604460000000000044e-03
1.726190000000000059e-03 -1.168879999999999962e-03
1.087340000000000008e-03 -4.926830000000000532e-04
2.487669999999999985e-04 3.977329999999999950e-04
-6.237449999999999852e-04 1.344340000000000075e-03
-1.372189999999999912e-03 2.114149999999999970e-03
-1.883909999999999925e-03 2.461810000000000040e-03
-2.098959999999999975e-03 2.237139999999999875e-03
-1.996949999999999940e-03 1.492690000000000076e-03
-1.587890000000000005e-03 4.918569999999999496e-04
-9.150649999999999539e-04 -4.439679999999999885e-04
-5.881519999999999890e-05 -1.138080000000000081e-03
8.636019999999999894e-04 -1.581909999999999957e-03
1.697520000000000105e-03 -1.808989999999999904e-03
2.263690000000000060e-03 -1.811710000000000013e-03
2.408389999999999836e-03 -1.578909999999999992e-03
2.075329999999999796e-03 -1.119849999999999925e-03
1.340400000000000055e-03 -4.507320000000000207e-04
3.766789999999999895e-04 3.652540000000000235e-04
-6.165899999999999766e-04 1.179149999999999903e-03
-1.466010000000000013e-03 1.754399999999999927e-03
-2.041540000000000108e-03 1.894349999999999940e-03
-2.262750000000000004e-03 1.585789999999999899e-03
-2.105940000000000156e-03 9.864970000000000249e-04
-1.601980000000000027e-03 3.231770000000000129e-04
-8.248129999999999785e-04 -2.352529999999999921e-04
1.138919999999999999e-04 -6.310950000000000283e-04
1.059100000000000102e-03 -8.685229999999999513e-04
1.820889999999999922e-03 -9.921299999999999217e-04
2.222839999999999799e-03 -1.059569999999999913e-03
2.168250000000000038e-03 -1.030199999999999996e-03
1.675789999999999919e-03 -7.942140000000000094e-04
8.703969999999999676e-04 -3.356739999999999984e-04
-5.417510000000000245e-05 1.858890000000000087e-04
-8.909389999999999888e-04 5.615050000000000119e-04
-1.483579999999999968e-03 7.136160000000000333e-04
-1.763459999999999897e-03 6.828980000000000336e-04
-1.732550000000000019e-03 5.594239999999999890e-04
-1.420559999999999965e-03 4.193709999999999799e-04
-8.705269999999999545e-04 3.111119999999999988e-04
-1.646630000000000055e-04 2.820499999999999982e-04
5.576269999999999925e-04 2.863009999999999817e-04
1.133529999999999998e-03 1.959840000000000128e-04
1.436350000000000083e-03 -3.270560000000000074e-05
1.413090000000000093e-03 -3.430899999999999965e-04
1.095159999999999970e-03 -6.763640000000000450e-04
5.896239999999999641e-04 -9.450819999999999750e-04
4.348270000000000298e-05 -1.031800000000000035e-03
-4.078250000000000061e-04 -9.030460000000000136e-04
-6.804289999999999731e-04 -5.945609999999999611e-04
-7.565700000000000289e-04 -1.737289999999999896e-04
-6.725379999999999770e-04 2.662569999999999954e-04
-4.930480000000000539e-04 6.922630000000000363e-04
-2.879979999999999758e-04 1.098460000000000105e-03
-1.101420000000000036e-04 1.360630000000000043e-03
2.005370000000000080e-05 1.318670000000000085e-03
1.043789999999999979e-04 9.190339999999999968e-04
1.447680000000000071e-04 2.436120000000000115e-04
1.430210000000000118e-04 -5.469900000000000196e-04
1.231240000000000090e-04 -1.286880000000000012e-03
1.330860000000000062e-04 -1.741080000000000102e-03
2.078849999999999925e-04 -1.723270000000000053e-03
3.365400000000000271e-04 -1.254710000000000027e-03
4.663730000000000154e-04 -5.165359999999999483e-04
5.278400000000000149e-04 2.664359999999999949e-04
4.591579999999999837e-04 9.008669999999999655e-04
2.328270000000000122e-04 1.238060000000000029e-03
-1.216680000000000013e-04 1.266999999999999897e-03
-5.168339999999999783e-04 1.039809999999999953e-03
-8.312019999999999608e-04 5.846490000000000194e-04
-9.562130000000000282e-04 2.053179999999999881e-05
-8.475480000000000513e-04 -4.649529999999999917e-04
-5.405359999999999896e-04 -7.328480000000000280e-04
-1.169830000000000013e-04 -7.875230000000000424e-04
3.343889999999999862e-04 -6.637719999999999732e-04
7.240600000000000031e-04 -3.503420000000000145e-04
9.635880000000000313e-04 1.632869999999999835e-05
9.959219999999999965e-04 2.330330000000000032e-04
8.203890000000000357e-04 2.214270000000000062e-04
4.837479999999999905e-04 2.720989999999999845e-05
5.963820000000000102e-05 -2.241529999999999933e-04
-3.613900000000000077e-04 -3.899239999999999889e-04
-6.828340000000000017e-04 -3.513969999999999832e-04
-8.299769999999999717e-04 -7.815740000000000491e-05
-7.807349999999999577e-04 3.290720000000000233e-04
-5.746430000000000071e-04 7.067370000000000336e-04
-2.922089999999999800e-04 8.916899999999999956e-04
-1.627839999999999986e-05 7.684589999999999824e-04
1.982920000000000049e-04 3.812180000000000082e-04
3.298390000000000111e-04 -8.316220000000000144e-05
3.838760000000000089e-04 -4.731340000000000003e-04
3.871950000000000088e-04 -7.205220000000000244e-04
3.691049999999999973e-04 -7.713330000000000230e-04
3.352469999999999973e-04 -6.194809999999999596e-04
2.662650000000000130e-04 -3.445950000000000033e-04
1.459110000000000062e-04 -5.277979999999999906e-05
-1.472529999999999944e-05 1.784869999999999870e-04
-1.802119999999999883e-04 3.147029999999999988e-04
-3.112330000000000066e-04 3.601170000000000217e-04
-3.811120000000000198e-04 3.420270000000000103e-04
-3.802739999999999983e-04 2.929140000000000216e-04
-3.143210000000000014e-04 2.361449999999999964e-04
-2.009969999999999867e-04 1.763310000000000029e-04
-6.523119999999999982e-05 1.023499999999999942e-04
6.832659999999999732e-05 3.592359999999999750e-07
1.812969999999999957e-04 -1.282920000000000111e-04
2.620720000000000211e-04 -2.570760000000000167e-04
3.027780000000000206e-04 -3.450549999999999820e-04
2.983209999999999920e-04 -3.594410000000000031e-04
2.490799999999999937e-04 -2.923310000000000036e-04
1.633449999999999887e-04 -1.645209999999999923e-04
5.598029999999999662e-05 -1.683399999999999841e-05
-5.559650000000000209e-05 1.078759999999999951e-04
-1.549180000000000099e-04 1.842900000000000126e-04
-2.281539999999999979e-04 2.138409999999999877e-04
-2.649560000000000023e-04 2.160460000000000115e-04
-2.595200000000000089e-04 2.083149999999999867e-04
-2.119230000000000105e-04 1.898290000000000014e-04
-1.293070000000000005e-04 1.450979999999999989e-04
-2.631839999999999860e-05 6.433580000000000158e-05
7.674390000000000226e-05 -4.266660000000000244e-05
1.593909999999999923e-04 -1.492940000000000109e-04
2.079810000000000133e-04 -2.249530000000000128e-04
2.194800000000000060e-04 -2.496530000000000168e-04
1.992220000000000113e-04 -2.220330000000000068e-04
1.551699999999999933e-04 -1.571320000000000128e-04
9.383539999999999947e-05 -7.647879999999999696e-05
2.059389999999999946e-05 2.395680000000000075e-06
-5.727400000000000085e-05 7.059330000000000054e-05
-1.285989999999999930e-04 1.253550000000000085e-04
-1.798210000000000119e-04 1.645279999999999941e-04
-1.994499999999999962e-04 1.833709999999999897e-04
-1.828459999999999905e-04 1.760029999999999884e-04
-1.344940000000000035e-04 1.397679999999999940e-04
-6.639620000000000645e-05 7.883169999999999945e-05
6.493060000000000307e-06 4.421799999999999745e-06
7.123619999999999399e-05 -6.841660000000000493e-05
1.196879999999999965e-04 -1.256220000000000112e-04
1.482359999999999949e-04 -1.580150000000000109e-04
1.557730000000000009e-04 -1.627459999999999898e-04
1.421129999999999995e-04 -1.423119999999999886e-04
1.081559999999999992e-04 -1.024210000000000008e-04
5.738320000000000313e-05 -5.014230000000000271e-05
-2.961380000000000012e-06 6.987709999999999882e-06
-6.243559999999999562e-05 6.120969999999999775e-05
-1.098770000000000053e-04 1.049109999999999989e-04
-1.366550000000000121e-04 1.315610000000000097e-04
-1.390689999999999928e-04 1.370259999999999989e-04
-1.188130000000000024e-04 1.206620000000000045e-04
-8.159159999999999991e-05 8.563879999999999735e-05
-3.489700000000000148e-05 3.831589999999999681e-05
1.384280000000000069e-05 -1.309429999999999930e-05
5.812919999999999904e-05 -6.014260000000000249e-05
9.248190000000000642e-05 -9.561299999999999411e-05
1.124429999999999939e-04 -1.145829999999999971e-04
1.150289999999999993e-04 -1.149870000000000021e-04
9.958719999999999411e-05 -9.769860000000000003e-05
6.850579999999999723e-05 -6.620770000000000648e-05
2.717370000000000039e-05 -2.595279999999999994e-05
