-4.044749999999999872e-08 7.926040000000000477e-07
-2.346140000000000122e-07 2.846080000000000032e-06
-6.432699999999999626e-07 4.904790000000000180e-06
-1.289509999999999958e-06 8.570570000000000174e-06
-2.639680000000000195e-06 2.006499999999999847e-05
-5.928509999999999927e-06 4.569180000000000187e-05
-1.246179999999999985e-05 8.359810000000000179e-05
-2.209330000000000072e-05 1.173810000000000066e-04
-3.255659999999999929e-05 1.273719999999999995e-04
-4.050129999999999795e-05 9.882190000000000332e-05
-4.251279999999999724e-05 2.499970000000000054e-05
-3.543959999999999862e-05 -7.692830000000000002e-05
-1.731509999999999961e-05 -1.687650000000000012e-04
1.163409999999999928e-05 -2.200760000000000118e-04
4.929440000000000021e-05 -2.316099999999999865e-04
9.224989999999999915e-05 -2.315689999999999914e-04
1.349599999999999953e-04 -2.513239999999999810e-04
1.689130000000000004e-04 -3.008600000000000163e-04
1.845700000000000032e-04 -3.551380000000000140e-04
1.755489999999999958e-04 -3.589630000000000121e-04
1.417880000000000052e-04 -2.663410000000000170e-04
8.984250000000000591e-05 -8.758889999999999753e-05
2.950009999999999899e-05 1.195639999999999957e-04
-3.287139999999999837e-05 2.985420000000000022e-04
-9.836789999999999716e-05 4.188020000000000197e-04
-1.703340000000000127e-04 4.746700000000000073e-04
-2.439479999999999893e-04 4.854179999999999932e-04
-3.027980000000000103e-04 4.843809999999999826e-04
-3.272899999999999920e-04 4.943630000000000507e-04
-3.071540000000000208e-04 5.121659999999999885e-04
-2.472129999999999792e-04 5.044440000000000512e-04
-1.624560000000000045e-04 4.145120000000000185e-04
-6.849950000000000374e-05 2.092650000000000098e-04
2.358480000000000160e-05 -7.851730000000000124e-05
1.080559999999999968e-04 -3.820240000000000137e-04
1.854509999999999969e-04 -6.397619999999999913e-04
2.607889999999999861e-04 -8.048839999999999597e-04
3.353839999999999859e-04 -8.588870000000000185e-04
3.988500000000000183e-04 -8.200889999999999742e-04
4.308860000000000077e-04 -7.281339999999999644e-04
4.128140000000000086e-04 -6.195680000000000284e-04
3.392760000000000090e-04 -5.050779999999999506e-04
2.212419999999999936e-04 -3.677190000000000211e-04
8.042919999999999898e-05 -1.886760000000000076e-04
-5.952790000000000311e-05 3.996439999999999975e-05
-1.809530000000000003e-04 3.057919999999999887e-04
-2.756230000000000138e-04 5.643549999999999999e-04
-3.425599999999999999e-04 7.559080000000000139e-04
-3.833390000000000105e-04 8.444880000000000095e-04
-3.992220000000000209e-04 8.438119999999999909e-04
-3.902800000000000106e-04 7.940020000000000324e-04
-3.542859999999999890e-04 7.153300000000000240e-04
-2.869530000000000019e-04 5.933439999999999895e-04
-1.867369999999999978e-04 3.973790000000000048e-04
-6.198040000000000038e-05 1.274009999999999954e-04
6.755540000000000037e-05 -1.719629999999999932e-04
1.812740000000000130e-04 -4.658169999999999889e-04
2.724919999999999925e-04 -7.356279999999999980e-04
3.486310000000000168e-04 -9.415629999999999703e-04
4.152410000000000042e-04 -1.042670000000000098e-03
4.633179999999999981e-04 -1.013549999999999998e-03
4.730599999999999736e-04 -8.542069999999999481e-04
4.288900000000000221e-04 -6.171780000000000191e-04
3.307159999999999961e-04 -3.734920000000000080e-04
1.915669999999999905e-04 -1.572690000000000015e-04
2.762830000000000109e-05 5.287259999999999925e-05
-1.463190000000000063e-04 3.020079999999999857e-04
-3.128000000000000138e-04 5.978500000000000307e-04
-4.489000000000000152e-04 8.936999999999999849e-04
-5.339750000000000095e-04 1.118319999999999904e-03
-5.615420000000000524e-04 1.212170000000000044e-03
-5.406290000000000444e-04 1.148549999999999918e-03
-4.833829999999999898e-04 9.362490000000000005e-04
-3.919759999999999889e-04 6.087659999999999513e-04
-2.582940000000000041e-04 2.024270000000000052e-04
-7.596260000000000349e-05 -2.481590000000000206e-04
1.459590000000000030e-04 -6.865159999999999709e-04
3.785859999999999833e-04 -1.039870000000000030e-03
5.825329999999999874e-04 -1.259029999999999958e-03
7.235969999999999772e-04 -1.328030000000000009e-03
7.817570000000000031e-04 -1.254920000000000081e-03
7.498570000000000409e-04 -1.064410000000000009e-03
6.296280000000000236e-04 -7.915230000000000312e-04
4.300369999999999757e-04 -4.373630000000000204e-04
1.670809999999999949e-04 1.412409999999999916e-05
-1.328649999999999959e-04 5.096340000000000202e-04
-4.306959999999999977e-04 9.680809999999999763e-04
-6.830010000000000291e-04 1.319880000000000055e-03
-8.559800000000000004e-04 1.512660000000000090e-03
-9.319260000000000217e-04 1.532170000000000016e-03
-9.053209999999999470e-04 1.384849999999999970e-03
-7.757690000000000462e-04 1.071640000000000006e-03
-5.470059999999999463e-04 5.949689999999999883e-04
-2.328150000000000130e-04 -3.365269999999999714e-05
1.371160000000000065e-04 -7.498480000000000076e-04
5.150279999999999485e-04 -1.377710000000000089e-03
8.416670000000000445e-04 -1.744939999999999946e-03
1.064730000000000060e-03 -1.791199999999999954e-03
1.154670000000000002e-03 -1.567699999999999996e-03
1.102960000000000051e-03 -1.191620000000000006e-03
9.088720000000000219e-04 -7.388849999999999975e-04
5.756710000000000386e-04 -2.312709999999999885e-04
1.275159999999999900e-04 3.040089999999999958e-04
-3.739440000000000233e-04 8.571920000000000017e-04
-8.410779999999999862e-04 1.412810000000000021e-03
-1.191070000000000019e-03 1.862010000000000097e-03
-1.368779999999999997e-03 2.051799999999999891e-03
-1.352310000000000014e-03 1.856980000000000046e-03
-1.148179999999999947e-03 1.262590000000000066e-03
-7.858039999999999730e-04 4.175219999999999778e-04
-3.094279999999999925e-04 -4.939500000000000531e-04
2.317209999999999995e-04 -1.289730000000000000e-03
7.815819999999999582e-04 -1.808689999999999951e-03
1.266989999999999957e-03 -1.995810000000000205e-03
1.600290000000000089e-03 -1.906399999999999935e-03
1.702919999999999911e-03 -1.656219999999999914e-03
1.534439999999999979e-03 -1.305100000000000010e-03
1.106049999999999915e-03 -7.981589999999999996e-04
4.787750000000000230e-04 -7.413829999999999455e-05
-2.435589999999999901e-04 8.035639999999999927e-04
-9.319719999999999871e-04 1.665950000000000026e-03
-1.468300000000000074e-03 2.308179999999999954e-03
-1.779240000000000075e-03 2.540979999999999975e-03
-1.840049999999999976e-03 2.252249999999999912e-03
-1.651869999999999944e-03 1.472419999999999892e-03
-1.225720000000000021e-03 4.137389999999999905e-04
-5.922800000000000417e-04 -6.220649999999999877e-04
1.798210000000000119e-04 -1.408619999999999968e-03
9.811760000000000533e-04 -1.872760000000000006e-03
1.675870000000000094e-03 -2.048330000000000116e-03
2.125070000000000171e-03 -2.000669999999999966e-03
2.219749999999999935e-03 -1.776599999999999924e-03
1.917199999999999981e-03 -1.350400000000000081e-03
1.262319999999999935e-03 -6.560490000000000202e-04
3.801809999999999977e-04 2.794489999999999735e-04
-5.584430000000000470e-04 1.292710000000000083e-03
-1.385930000000000061e-03 2.140669999999999899e-03
-1.976879999999999870e-03 2.564320000000000141e-03
-2.258150000000000001e-03 2.398879999999999936e-03
-2.198009999999999808e-03 1.685309999999999976e-03
-1.798329999999999894e-03 6.824449999999999484e-04
-1.099319999999999985e-03 -2.850810000000000171e-04
-1.855360000000000071e-04 -1.033019999999999945e-03
8.146170000000000104e-04 -1.544919999999999974e-03
1.732679999999999897e-03 -1.846289999999999997e-03
2.377310000000000100e-03 -1.919300000000000086e-03
2.584359999999999956e-03 -1.741289999999999939e-03
2.286970000000000149e-03 -1.312350000000000105e-03
1.552409999999999944e-03 -6.436159999999999581e-04
5.523309999999999808e-04 2.034639999999999886e-04
-5.066600000000000313e-04 1.077309999999999943e-03
-1.438870000000000079e-03 1.731450000000000046e-03
-2.101009999999999944e-03 1.952519999999999907e-03
-2.398850000000000114e-03 1.710539999999999977e-03
-2.294560000000000176e-03 1.153350000000000035e-03
-1.808790000000000007e-03 5.050739999999999960e-04
-1.013900000000000088e-03 -6.462680000000000269e-05
-2.827740000000000136e-05 -4.961559999999999842e-04
9.830800000000001083e-04 -7.889810000000000139e-04
1.820460000000000090e-03 -9.790309999999999985e-04
2.296840000000000079e-03 -1.113749999999999940e-03
2.303250000000000176e-03 -1.143149999999999895e-03
1.847670000000000042e-03 -9.482779999999999898e-04
1.049489999999999928e-03 -5.046379999999999616e-04
1.023269999999999979e-04 3.184569999999999903e-05
-7.824070000000000460e-04 4.473650000000000239e-04
-1.438700000000000005e-03 6.539109999999999671e-04
-1.784109999999999993e-03 6.817540000000000188e-04
-1.807950000000000008e-03 6.126869999999999972e-04
-1.533480000000000043e-03 5.159290000000000403e-04
-1.002419999999999960e-03 4.347609999999999799e-04
-2.967080000000000195e-04 4.151860000000000056e-04
4.442229999999999920e-04 4.126649999999999936e-04
1.054000000000000032e-03 2.998860000000000219e-04
1.398469999999999965e-03 3.303030000000000121e-05
1.417450000000000003e-03 -3.271719999999999772e-04
1.137910000000000007e-03 -7.126020000000000054e-04
6.635869999999999876e-04 -1.026000000000000002e-03
1.381669999999999936e-04 -1.143649999999999962e-03
-3.048179999999999943e-04 -1.029259999999999941e-03
-5.810400000000000070e-04 -7.178790000000000431e-04
-6.709529999999999574e-04 -2.778030000000000234e-04
-6.094229999999999960e-04 1.950350000000000055e-04
-4.602259999999999945e-04 6.633820000000000125e-04
-2.914200000000000254e-04 1.117120000000000092e-03
-1.526579999999999875e-04 1.426879999999999945e-03
-6.043840000000000058e-05 1.425000000000000051e-03
-7.194419999999999806e-06 1.049510000000000026e-03
1.692500000000000143e-05 3.769539999999999827e-04
2.043929999999999928e-05 -4.329790000000000028e-04
2.841979999999999851e-05 -1.212170000000000044e-03
8.428789999999999644e-05 -1.720109999999999955e-03
2.161649999999999878e-04 -1.760279999999999918e-03
4.047529999999999921e-04 -1.341729999999999963e-03
5.861560000000000034e-04 -6.371919999999999668e-04
6.787860000000000161e-04 1.315429999999999974e-04
6.133129999999999875e-04 7.718589999999999566e-04
3.618170000000000088e-04 1.134990000000000001e-03
-4.116549999999999745e-05 1.207170000000000031e-03
-4.998179999999999637e-04 1.033690000000000086e-03
-8.818860000000000197e-04 6.326440000000000232e-04
-1.065769999999999955e-03 1.128180000000000030e-04
-9.938300000000000172e-04 -3.452419999999999990e-04
-6.928909999999999497e-04 -6.057690000000000340e-04
-2.456439999999999947e-04 -6.741159999999999947e-04
2.504270000000000064e-04 -5.834609999999999623e-04
6.954269999999999809e-04 -3.155230000000000079e-04
9.917070000000000919e-04 4.043719999999999631e-06
1.072269999999999951e-03 1.798740000000000061e-04
9.270100000000000302e-04 1.364220000000000027e-04
5.990080000000000491e-04 -7.838759999999999467e-05
1.652939999999999932e-04 -3.350800000000000241e-04
-2.778489999999999888e-04 -4.884439999999999876e-04
-6.298919999999999519e-04 -4.219509999999999992e-04
-8.128449999999999738e-04 -1.105260000000000053e-04
-7.999180000000000483e-04 3.393520000000000130e-04
-6.253059999999999521e-04 7.582090000000000314e-04
-3.659579999999999951e-04 9.760920000000000187e-04
-1.035340000000000018e-04 8.708919999999999552e-04
1.078029999999999977e-04 4.833579999999999756e-04
2.480340000000000040e-04 2.352980000000000043e-06
3.233910000000000213e-04 -4.151499999999999808e-04
3.577170000000000176e-04 -6.962480000000000058e-04
3.747809999999999748e-04 -7.834489999999999727e-04
3.753429999999999874e-04 -6.659160000000000123e-04
3.360549999999999800e-04 -4.174860000000000073e-04
2.356179999999999928e-04 -1.404359999999999951e-04
7.986269999999999686e-05 8.870879999999999337e-05
-9.763590000000000485e-05 2.353180000000000126e-04
-2.543919999999999862e-04 3.031420000000000056e-04
-3.577580000000000126e-04 3.169679999999999915e-04
-3.923460000000000142e-04 3.037350000000000184e-04
-3.588339999999999867e-04 2.800209999999999809e-04
-2.703480000000000076e-04 2.451330000000000262e-04
-1.479449999999999938e-04 1.850110000000000079e-04
-1.452890000000000077e-05 8.433229999999999893e-05
1.106839999999999994e-04 -5.601199999999999837e-05
2.136619999999999882e-04 -2.080609999999999990e-04
2.834700000000000219e-04 -3.268869999999999892e-04
3.111410000000000217e-04 -3.740540000000000206e-04
2.920080000000000136e-04 -3.361470000000000191e-04
2.289770000000000000e-04 -2.297129999999999875e-04
1.329470000000000131e-04 -9.276619999999999961e-05
1.995620000000000046e-05 3.313139999999999927e-05
-9.246429999999999493e-05 1.221150000000000057e-04
-1.877930000000000094e-04 1.732159999999999896e-04
-2.520010000000000154e-04 2.023519999999999898e-04
-2.750539999999999994e-04 2.229479999999999938e-04
-2.527990000000000033e-04 2.302129999999999997e-04
-1.887729999999999899e-04 2.048220000000000119e-04
-9.502540000000000671e-05 1.337760000000000012e-04
9.526919999999999920e-06 2.515529999999999952e-05
1.042400000000000049e-04 -9.400949999999999498e-05
1.734689999999999887e-04 -1.907000000000000004e-04
2.105350000000000027e-04 -2.411240000000000041e-04
2.163590000000000066e-04 -2.395540000000000039e-04
1.947650000000000097e-04 -1.969039999999999972e-04
1.490589999999999971e-04 -1.315400000000000044e-04
8.259159999999999711e-05 -5.917210000000000221e-05
1.904360000000000093e-06 1.179959999999999965e-05
-8.120440000000000470e-05 7.800249999999999729e-05
-1.512259999999999917e-04 1.356349999999999982e-04
-1.936730000000000005e-04 1.772330000000000021e-04
-2.003080000000000073e-04 1.933050000000000068e-04
-1.719389999999999948e-04 1.773029999999999929e-04
-1.174220000000000016e-04 1.300659999999999978e-04
-4.967450000000000018e-05 6.077530000000000069e-05
1.888720000000000104e-05 -1.598230000000000112e-05
7.912000000000000142e-05 -8.509300000000000674e-05
1.252349999999999893e-04 -1.351570000000000072e-04
1.532600000000000065e-04 -1.603979999999999913e-04
1.598899999999999887e-04 -1.601670000000000134e-04
1.430210000000000118e-04 -1.372219999999999950e-04
1.035989999999999952e-04 -9.620529999999999859e-05
4.719020000000000094e-05 -4.304119999999999713e-05
-1.626960000000000090e-05 1.505679999999999957e-05
-7.483120000000000277e-05 6.978160000000000287e-05
-1.179149999999999984e-04 1.127130000000000032e-04
-1.390659999999999997e-04 1.369610000000000055e-04
-1.369359999999999913e-04 1.387919999999999952e-04
-1.144209999999999943e-04 1.185290000000000031e-04
-7.689130000000000021e-05 8.038410000000000173e-05
-3.059850000000000189e-05 3.139119999999999855e-05
1.809440000000000077e-05 -2.011769999999999883e-05
6.284729999999999711e-05 -6.603299999999999610e-05
9.748889999999999422e-05 -9.968980000000000224e-05
1.167010000000000063e-04 -1.166849999999999984e-04
1.172109999999999998e-04 -1.153009999999999994e-04
9.891660000000000090e-05 -9.656989999999999845e-05
6.526400000000000398e-05 -6.400260000000000280e-05
