-2.982759999999999903e-08 8.186820000000000248e-07
-1.877320000000000031e-07 2.994060000000000011e-06
-5.749259999999999695e-07 5.295740000000000224e-06
-1.279849999999999910e-06 9.316189999999999991e-06
-2.692790000000000014e-06 2.154480000000000080e-05
-5.891069999999999824e-06 4.901060000000000133e-05
-1.241660000000000069e-05 9.053580000000000145e-05
-2.311790000000000104e-05 1.293389999999999893e-04
-3.688470000000000279e-05 1.439749999999999895e-04
-5.035580000000000329e-05 1.174090000000000002e-04
-5.838960000000000081e-05 4.111430000000000038e-05
-5.508320000000000143e-05 -6.841139999999999353e-05
-3.576119999999999906e-05 -1.717420000000000101e-04
8.037450000000000016e-07 -2.353920000000000123e-04
5.147360000000000130e-05 -2.572429999999999899e-04
1.093950000000000055e-04 -2.651689999999999950e-04
1.652900000000000116e-04 -2.927599999999999821e-04
2.090500000000000127e-04 -3.523059999999999842e-04
2.319690000000000011e-04 -4.184929999999999792e-04
2.289960000000000010e-04 -4.321969999999999957e-04
1.996800000000000126e-04 -3.409829999999999979e-04
1.475640000000000122e-04 -1.498679999999999956e-04
7.821709999999999351e-05 8.363949999999999770e-05
-3.972290000000000215e-06 2.978400000000000080e-04
-9.757970000000000359e-05 4.551630000000000194e-04
-2.008120000000000011e-04 5.440389999999999593e-04
-3.047330000000000112e-04 5.800469999999999845e-04
-3.905029999999999981e-04 5.958359999999999785e-04
-4.355839999999999821e-04 6.167119999999999460e-04
-4.255239999999999869e-04 6.425979999999999756e-04
-3.622890000000000138e-04 6.394089999999999626e-04
-2.621729999999999850e-04 5.436269999999999774e-04
-1.451729999999999872e-04 3.128079999999999771e-04
-2.515969999999999901e-05 -2.387520000000000140e-05
9.311480000000000505e-05 -3.926390000000000197e-04
2.114010000000000043e-04 -7.186630000000000275e-04
3.320320000000000086e-04 -9.432989999999999821e-04
4.505469999999999809e-04 -1.041140000000000078e-03
5.510260000000000331e-04 -1.027469999999999946e-03
6.086509999999999837e-04 -9.417390000000000309e-04
5.998159999999999777e-04 -8.231179999999999617e-04
5.142989999999999628e-04 -6.859820000000000197e-04
3.617509999999999996e-04 -5.147829999999999941e-04
1.685710000000000095e-04 -2.887690000000000265e-04
-3.267359999999999834e-05 1.870439999999999959e-06
-2.152669999999999974e-04 3.421079999999999846e-04
-3.649400000000000126e-04 6.787040000000000260e-04
-4.779480000000000122e-04 9.390600000000000249e-04
-5.542280000000000340e-04 1.075170000000000075e-03
-5.921249999999999864e-04 1.094719999999999981e-03
-5.877099999999999685e-04 1.039599999999999899e-03
-5.368050000000000078e-04 9.360150000000000024e-04
-4.375800000000000219e-04 7.740800000000000155e-04
-2.936050000000000053e-04 5.243179999999999629e-04
-1.170289999999999937e-04 1.874850000000000117e-04
7.093689999999999501e-05 -1.874269999999999929e-04
2.465480000000000254e-04 -5.581709999999999927e-04
3.947940000000000151e-04 -8.998009999999999863e-04
5.137670000000000431e-04 -1.166839999999999935e-03
6.062109999999999461e-04 -1.309889999999999969e-03
6.669140000000000051e-04 -1.293689999999999901e-03
6.785699999999999761e-04 -1.113789999999999919e-03
6.210070000000000260e-04 -8.283550000000000201e-04
4.863049999999999730e-04 -5.209810000000000049e-04
2.863750000000000085e-04 -2.365120000000000015e-04
4.772180000000000107e-05 4.340979999999999898e-05
-1.994090000000000012e-04 3.657560000000000130e-04
-4.275330000000000146e-04 7.373320000000000481e-04
-6.126769999999999482e-04 1.103809999999999991e-03
-7.358049999999999660e-04 1.383340000000000047e-03
-7.877020000000000419e-04 1.508549999999999995e-03
-7.715250000000000103e-04 1.448810000000000028e-03
-6.970729999999999852e-04 1.210249999999999954e-03
-5.702879999999999582e-04 8.251289999999999666e-04
-3.882979999999999743e-04 3.335740000000000016e-04
-1.461850000000000107e-04 -2.193709999999999974e-04
1.487140000000000131e-04 -7.635619999999999647e-04
4.667319999999999759e-04 -1.214290000000000031e-03
7.600839999999999550e-04 -1.514769999999999919e-03
9.792620000000000578e-04 -1.644609999999999909e-03
1.088769999999999972e-03 -1.607050000000000058e-03
1.072620000000000040e-03 -1.420119999999999976e-03
9.314339999999999729e-04 -1.113739999999999999e-03
6.778230000000000323e-04 -6.893490000000000164e-04
3.337859999999999785e-04 -1.358839999999999885e-04
-6.762949999999999344e-05 4.849559999999999830e-04
-4.805540000000000072e-04 1.079450000000000028e-03
-8.521779999999999850e-04 1.562379999999999932e-03
-1.134550000000000012e-03 1.865969999999999998e-03
-1.293759999999999919e-03 1.962540000000000031e-03
-1.311630000000000044e-03 1.847770000000000098e-03
-1.182120000000000046e-03 1.515379999999999982e-03
-9.091760000000000379e-04 9.656369999999999841e-04
-5.093400000000000531e-04 2.140160000000000055e-04
-1.638139999999999871e-05 -6.651909999999999811e-04
5.155539999999999906e-04 -1.478549999999999916e-03
1.015279999999999915e-03 -2.027569999999999806e-03
1.408409999999999914e-03 -2.223520000000000097e-03
1.634519999999999983e-03 -2.096660000000000190e-03
1.656560000000000064e-03 -1.754450000000000063e-03
1.460350000000000016e-03 -1.270730000000000080e-03
1.053069999999999918e-03 -6.688350000000000024e-04
4.707140000000000065e-04 1.675119999999999981e-05
-2.130359999999999979e-04 7.611890000000000062e-04
-8.943409999999999945e-04 1.530920000000000067e-03
-1.464690000000000046e-03 2.198540000000000130e-03
-1.838220000000000002e-03 2.585660000000000042e-03
-1.966129999999999961e-03 2.530639999999999799e-03
-1.835049999999999962e-03 1.981010000000000063e-03
-1.458979999999999912e-03 1.067009999999999964e-03
-8.730870000000000384e-04 -1.596559999999999839e-05
-1.323250000000000045e-04 -1.053319999999999951e-03
6.830729999999999701e-04 -1.844099999999999993e-03
1.462879999999999953e-03 -2.295080000000000123e-03
2.076789999999999799e-03 -2.430480000000000054e-03
2.403179999999999986e-03 -2.345680000000000161e-03
2.364639999999999884e-03 -2.087889999999999798e-03
1.951070000000000061e-03 -1.588379999999999913e-03
1.222170000000000071e-03 -7.678160000000000497e-04
2.944970000000000096e-04 3.192019999999999840e-04
-6.823750000000000388e-04 1.485940000000000047e-03
-1.558670000000000064e-03 2.481940000000000188e-03
-2.214480000000000007e-03 3.057949999999999818e-03
-2.571289999999999947e-03 3.041439999999999855e-03
-2.584110000000000140e-03 2.412370000000000052e-03
-2.232810000000000003e-03 1.355260000000000058e-03
-1.530220000000000104e-03 1.782599999999999907e-04
-5.425090000000000467e-04 -8.560840000000000116e-04
5.982949999999999900e-04 -1.629989999999999998e-03
1.705090000000000034e-03 -2.141699999999999854e-03
2.571079999999999893e-03 -2.428259999999999794e-03
3.020699999999999861e-03 -2.503449999999999946e-03
2.958070000000000144e-03 -2.298280000000000201e-03
2.392739999999999971e-03 -1.699970000000000083e-03
1.433889999999999948e-03 -7.008109999999999687e-04
2.581889999999999771e-04 5.415990000000000301e-04
-9.361680000000000262e-04 1.753320000000000052e-03
-1.970289999999999975e-03 2.612610000000000019e-03
-2.704300000000000193e-03 2.873779999999999824e-03
-3.038149999999999878e-03 2.499429999999999968e-03
-2.911710000000000079e-03 1.695820000000000010e-03
-2.316799999999999936e-03 7.729870000000000447e-04
-1.315280000000000052e-03 -7.135169999999999653e-05
-4.856920000000000247e-05 -8.005529999999999634e-04
1.270630000000000023e-03 -1.420859999999999918e-03
2.390070000000000215e-03 -1.884739999999999983e-03
3.076440000000000164e-03 -2.119919999999999964e-03
3.186459999999999900e-03 -2.063979999999999981e-03
2.714030000000000088e-03 -1.665809999999999990e-03
1.783679999999999944e-03 -9.340460000000000082e-04
5.975789999999999921e-04 1.186149999999999985e-05
-6.268429999999999749e-04 9.193400000000000443e-04
-1.696510000000000032e-03 1.522200000000000029e-03
-2.457860000000000079e-03 1.709440000000000005e-03
-2.803410000000000103e-03 1.554620000000000047e-03
-2.680779999999999795e-03 1.234429999999999902e-03
-2.104819999999999868e-03 8.911979999999999468e-04
-1.166699999999999899e-03 5.617769999999999578e-04
-3.307670000000000130e-05 2.272049999999999905e-04
1.074859999999999965e-03 -1.525959999999999871e-04
1.930190000000000031e-03 -6.060450000000000429e-04
2.363899999999999942e-03 -1.041189999999999997e-03
2.312869999999999857e-03 -1.275380000000000003e-03
1.831450000000000092e-03 -1.206739999999999983e-03
1.067030000000000062e-03 -9.228669999999999582e-04
2.101139999999999876e-04 -6.020869999999999564e-04
-5.643570000000000314e-04 -3.327259999999999853e-04
-1.138810000000000083e-03 -1.064189999999999987e-04
-1.458139999999999914e-03 1.256420000000000009e-04
-1.508280000000000081e-03 3.901330000000000271e-04
-1.299900000000000101e-03 6.814990000000000154e-04
-8.772460000000000370e-04 1.000040000000000000e-03
-3.346229999999999843e-04 1.262169999999999959e-03
1.943980000000000046e-04 1.300640000000000043e-03
5.801579999999999975e-04 1.032869999999999969e-03
7.451670000000000299e-04 5.046989999999999463e-04
6.918700000000000284e-04 -1.889369999999999971e-04
4.971010000000000099e-04 -8.904289999999999818e-04
2.737370000000000254e-04 -1.404609999999999930e-03
1.204679999999999992e-04 -1.631880000000000049e-03
8.554539999999999584e-05 -1.561820000000000005e-03
1.556949999999999925e-04 -1.235680000000000068e-03
2.700099999999999983e-04 -7.388370000000000007e-04
3.489419999999999805e-04 -1.132979999999999984e-04
3.242130000000000077e-04 6.125329999999999577e-04
1.641760000000000083e-04 1.274549999999999945e-03
-1.115870000000000007e-04 1.649840000000000074e-03
-4.398890000000000027e-04 1.610139999999999922e-03
-7.397039999999999909e-04 1.174990000000000106e-03
-9.350590000000000204e-04 4.692259999999999964e-04
-9.623980000000000512e-04 -3.525380000000000050e-04
-7.767530000000000354e-04 -1.041239999999999917e-03
-3.733310000000000209e-04 -1.362879999999999907e-03
1.889559999999999981e-04 -1.267420000000000005e-03
7.869199999999999806e-04 -8.716070000000000458e-04
1.262719999999999945e-03 -3.610400000000000263e-04
1.473010000000000074e-03 9.343689999999999982e-05
1.339960000000000066e-03 3.617250000000000239e-04
8.825039999999999924e-04 4.464730000000000196e-04
2.134570000000000130e-04 3.983160000000000129e-04
-4.928740000000000248e-04 2.186239999999999993e-04
-1.053539999999999945e-03 -2.216300000000000109e-05
-1.336589999999999914e-03 -1.883470000000000044e-04
-1.299800000000000044e-03 -1.839509999999999876e-04
-9.876929999999999911e-04 -5.152590000000000078e-05
-4.989989999999999704e-04 1.409550000000000082e-04
4.406139999999999796e-05 3.955100000000000130e-04
5.185619999999999726e-04 5.981089999999999888e-04
8.274919999999999845e-04 5.774190000000000225e-04
9.230669999999999631e-04 2.801659999999999871e-04
8.140190000000000273e-04 -2.181870000000000033e-04
5.571060000000000291e-04 -7.451629999999999669e-04
2.386939999999999884e-04 -1.104280000000000019e-03
-5.022580000000000284e-05 -1.138289999999999918e-03
-2.419719999999999933e-04 -8.044900000000000445e-04
-3.134279999999999814e-04 -2.164590000000000090e-04
-2.904439999999999995e-04 4.282310000000000001e-04
-2.313869999999999989e-04 9.161549999999999859e-04
-1.942430000000000035e-04 1.073909999999999969e-03
-2.052180000000000128e-04 8.959499999999999582e-04
-2.493679999999999747e-04 5.451860000000000213e-04
-2.838860000000000125e-04 1.753609999999999902e-04
-2.612420000000000172e-04 -1.347929999999999951e-04
-1.548280000000000023e-04 -3.220969999999999758e-04
2.189720000000000102e-05 -3.649549999999999778e-04
2.178629999999999976e-04 -3.165139999999999989e-04
3.703569999999999779e-04 -2.527869999999999770e-04
4.364570000000000125e-04 -2.233179999999999920e-04
4.093049999999999987e-04 -2.347849999999999959e-04
3.125140000000000101e-04 -2.555540000000000134e-04
1.814789999999999882e-04 -2.410319999999999921e-04
4.615369999999999824e-05 -1.624809999999999915e-04
-7.594770000000000470e-05 -2.175279999999999949e-05
-1.772520000000000031e-04 1.491409999999999871e-04
-2.539880000000000219e-04 3.016720000000000079e-04
-3.015459999999999755e-04 3.884849999999999914e-04
-3.134160000000000093e-04 3.830999999999999879e-04
-2.836480000000000056e-04 2.940069999999999923e-04
-2.113109999999999967e-04 1.591549999999999898e-04
-1.042200000000000017e-04 2.427540000000000139e-05
2.068059999999999983e-05 -7.903199999999999819e-05
1.409650000000000031e-04 -1.440620000000000041e-04
2.348159999999999961e-04 -1.847110000000000006e-04
2.868039999999999869e-04 -2.192239999999999868e-04
2.910650000000000195e-04 -2.520320000000000156e-04
2.511820000000000220e-04 -2.667120000000000038e-04
1.776869999999999947e-04 -2.369770000000000047e-04
8.478690000000000640e-05 -1.487229999999999921e-04
-1.254480000000000058e-05 -1.712169999999999906e-05
-1.008220000000000047e-04 1.178190000000000048e-04
-1.698199999999999970e-04 2.157460000000000042e-04
-2.135100000000000073e-04 2.566460000000000225e-04
-2.294119999999999916e-04 2.446799999999999952e-04
-2.167829999999999876e-04 1.990580000000000040e-04
-1.756700000000000037e-04 1.399159999999999933e-04
-1.083779999999999981e-04 7.838750000000000123e-05
-2.236850000000000107e-05 1.563570000000000007e-05
6.848190000000000581e-05 -5.065790000000000164e-05
1.465890000000000021e-04 -1.181969999999999934e-04
1.965439999999999939e-04 -1.765089999999999867e-04
2.106669999999999940e-04 -2.103969999999999983e-04
1.908040000000000116e-04 -2.078700000000000003e-04
1.456770000000000081e-04 -1.670979999999999915e-04
8.604659999999999707e-05 -9.790070000000000272e-05
2.094739999999999870e-05 -1.726500000000000156e-05
-4.315869999999999727e-05 5.783809999999999771e-05
-1.008749999999999990e-04 1.159169999999999949e-04
-1.460950000000000031e-04 1.522539999999999961e-04
-1.718590000000000092e-04 1.667030000000000063e-04
-1.723050000000000113e-04 1.606260000000000034e-04
-1.455329999999999905e-04 1.353509999999999989e-04
-9.551519999999999650e-05 9.277969999999999533e-05
-3.170649999999999874e-05 3.703109999999999854e-05
3.364049999999999750e-05 -2.459699999999999845e-05
8.913139999999999843e-05 -8.237419999999999476e-05
1.270689999999999992e-04 -1.264109999999999930e-04
1.443259999999999866e-04 -1.493540000000000069e-04
1.413719999999999875e-04 -1.482440000000000125e-04
1.205990000000000019e-04 -1.248470000000000059e-04
8.521449999999999533e-05 -8.457929999999999843e-05
3.922869999999999932e-05 -3.476619999999999927e-05
-1.195569999999999973e-05 1.697250000000000055e-05
-6.133039999999999813e-05 6.373870000000000013e-05
-1.011389999999999951e-04 9.982459999999999966e-05
-1.246719999999999881e-04 1.209669999999999956e-04
-1.281630000000000128e-04 1.246759999999999969e-04
-1.118290000000000028e-04 1.106620000000000054e-04
-7.959060000000000332e-05 8.112779999999999937e-05
-3.772069999999999953e-05 4.064049999999999824e-05
6.849289999999999944e-06 -4.522900000000000352e-06
