-2.832289999999999946e-08 8.201350000000000048e-07
-1.802390000000000035e-07 3.002010000000000079e-06
-5.601859999999999844e-07 5.315610000000000255e-06
-1.265089999999999902e-06 9.352250000000000117e-06
-2.677040000000000207e-06 2.161819999999999912e-05
-5.844420000000000025e-06 4.918519999999999793e-05
-1.231440000000000021e-05 9.090749999999999656e-05
-2.304899999999999904e-05 1.299720000000000085e-04
-3.712910000000000337e-05 1.448490000000000086e-04
-5.128580000000000286e-05 1.184449999999999951e-04
-6.020909999999999923e-05 4.224389999999999715e-05
-5.757030000000000003e-05 -6.725779999999999834e-05
-3.817689999999999696e-05 -1.707210000000000075e-04
-4.827459999999999474e-07 -2.348539999999999981e-04
5.220000000000000166e-05 -2.577640000000000074e-04
1.123089999999999982e-04 -2.674209999999999999e-04
1.697000000000000049e-04 -2.971529999999999788e-04
2.138189999999999937e-04 -3.585740000000000129e-04
2.362449999999999988e-04 -4.255749999999999767e-04
2.327119999999999905e-04 -4.386029999999999747e-04
2.034080000000000013e-04 -3.454989999999999797e-04
1.517579999999999927e-04 -1.521349999999999927e-04
8.238580000000000664e-05 8.311579999999999457e-05
-1.381749999999999942e-06 2.983610000000000255e-04
-9.834860000000000227e-05 4.567379999999999899e-04
-2.058019999999999923e-04 5.476460000000000486e-04
-3.133230000000000086e-04 5.868820000000000503e-04
-4.009179999999999992e-04 6.061350000000000505e-04
-4.457279999999999988e-04 6.291750000000000467e-04
-4.337820000000000152e-04 6.548580000000000243e-04
-3.680089999999999794e-04 6.491379999999999503e-04
-2.657359999999999779e-04 5.494290000000000415e-04
-1.475690000000000096e-04 3.144670000000000234e-04
-2.707820000000000105e-05 -2.565249999999999876e-05
9.217549999999999865e-05 -3.967110000000000037e-04
2.131129999999999906e-04 -7.241349999999999914e-04
3.381069999999999800e-04 -9.501530000000000219e-04
4.613630000000000075e-04 -1.050240000000000028e-03
5.651159999999999474e-04 -1.039709999999999896e-03
6.233739999999999984e-04 -9.569140000000000068e-04
6.125889999999999721e-04 -8.393600000000000410e-04
5.235539999999999682e-04 -7.003110000000000107e-04
3.671580000000000243e-04 -5.243580000000000506e-04
1.706210000000000051e-04 -2.920339999999999893e-04
-3.335059999999999880e-05 4.774799999999999584e-06
-2.184269999999999875e-04 3.497490000000000017e-04
-3.708249999999999741e-04 6.892079999999999648e-04
-4.869680000000000037e-04 9.508739999999999901e-04
-5.663509999999999855e-04 1.087440000000000065e-03
-6.062850000000000270e-04 1.107240000000000004e-03
-6.017120000000000151e-04 1.052420000000000092e-03
-5.480949999999999624e-04 9.487820000000000108e-04
-4.445629999999999786e-04 7.854869999999999691e-04
-2.964810000000000232e-04 5.322709999999999594e-04
-1.173100000000000000e-04 1.901299999999999974e-04
7.194360000000000013e-05 -1.905029999999999885e-04
2.489160000000000135e-04 -5.657029999999999741e-04
3.997019999999999892e-04 -9.099439999999999872e-04
5.222580000000000538e-04 -1.178519999999999958e-03
6.183080000000000303e-04 -1.323069999999999975e-03
6.816380000000000355e-04 -1.308460000000000005e-03
6.943449999999999666e-04 -1.129419999999999903e-03
6.358380000000000065e-04 -8.432440000000000465e-04
4.978339999999999502e-04 -5.332960000000000521e-04
2.924289999999999745e-04 -2.446680000000000231e-04
4.737960000000000289e-05 4.082559999999999754e-05
-2.051780000000000064e-04 3.699849999999999754e-04
-4.365899999999999924e-04 7.487499999999999581e-04
-6.233820000000000160e-04 1.121000000000000035e-03
-7.480489999999999796e-04 1.403170000000000025e-03
-8.022450000000000414e-04 1.527710000000000049e-03
-7.883439999999999588e-04 1.465520000000000104e-03
-7.144169999999999601e-04 1.224580000000000070e-03
-5.852750000000000096e-04 8.376189999999999504e-04
-3.983470000000000131e-04 3.435320000000000170e-04
-1.499419999999999952e-04 -2.142289999999999982e-04
1.515189999999999972e-04 -7.658549999999999646e-04
4.759699999999999847e-04 -1.225280000000000032e-03
7.754920000000000216e-04 -1.533679999999999939e-03
9.999919999999998949e-04 -1.669150000000000104e-03
1.112900000000000000e-03 -1.634390000000000105e-03
1.097289999999999897e-03 -1.447249999999999969e-03
9.534879999999999484e-04 -1.137409999999999940e-03
6.944139999999999688e-04 -7.062299999999999654e-04
3.427549999999999803e-04 -1.432209999999999896e-04
-6.766499999999999674e-05 4.885020000000000334e-04
-4.902189999999999629e-04 1.093339999999999937e-03
-8.710970000000000388e-04 1.584600000000000028e-03
-1.160940000000000062e-03 1.893949999999999930e-03
-1.324370000000000061e-03 1.993770000000000178e-03
-1.342370000000000065e-03 1.879620000000000032e-03
-1.209130000000000101e-03 1.544500000000000083e-03
-9.295230000000000246e-04 9.879459999999999631e-04
-5.211340000000000286e-04 2.255360000000000036e-04
-1.833720000000000123e-05 -6.670170000000000005e-04
5.245939999999999718e-04 -1.493930000000000084e-03
1.036290000000000041e-03 -2.054390000000000122e-03
1.441100000000000063e-03 -2.258350000000000114e-03
1.675800000000000076e-03 -2.135919999999999919e-03
1.700050000000000042e-03 -1.794629999999999967e-03
1.497929999999999965e-03 -1.307419999999999893e-03
1.077830000000000107e-03 -6.960589999999999573e-04
4.789990000000000263e-04 5.370640000000000133e-06
-2.214340000000000080e-04 7.696600000000000273e-04
-9.173119999999999885e-04 1.558700000000000103e-03
-1.498930000000000097e-03 2.240659999999999787e-03
-1.879990000000000003e-03 2.634769999999999820e-03
-2.011540000000000029e-03 2.579319999999999963e-03
-1.879849999999999967e-03 2.023140000000000095e-03
-1.497789999999999929e-03 1.098159999999999935e-03
-8.990559999999999654e-04 1.023989999999999999e-06
-1.384369999999999893e-04 -1.053010000000000057e-03
7.012989999999999545e-04 -1.862460000000000027e-03
1.504789999999999990e-03 -2.332600000000000211e-03
2.135760000000000002e-03 -2.484539999999999926e-03
2.468070000000000160e-03 -2.409500000000000183e-03
2.423180000000000039e-03 -2.151049999999999837e-03
1.993749999999999863e-03 -1.638850000000000072e-03
1.244510000000000104e-03 -7.950950000000000031e-04
2.963589999999999996e-04 3.207419999999999998e-04
-6.996450000000000412e-04 1.515120000000000008e-03
-1.594300000000000101e-03 2.531740000000000206e-03
-2.267499999999999984e-03 3.118929999999999793e-03
-2.637899999999999880e-03 3.105189999999999860e-03
-2.655779999999999946e-03 2.472400000000000032e-03
-2.296879999999999842e-03 1.405650000000000042e-03
-1.572770000000000027e-03 2.122729999999999919e-04
-5.524990000000000239e-04 -8.456989999999999950e-04
6.250399999999999923e-04 -1.648850000000000099e-03
1.763749999999999910e-03 -2.190969999999999984e-03
2.649139999999999915e-03 -2.502439999999999873e-03
3.102370000000000128e-03 -2.590040000000000051e-03
3.029449999999999938e-03 -2.380230000000000106e-03
2.444870000000000029e-03 -1.760309999999999956e-03
1.462500000000000041e-03 -7.277650000000000091e-04
2.611460000000000235e-04 5.513160000000000456e-04
-9.607349999999999961e-04 1.794840000000000020e-03
-2.023130000000000154e-03 2.676290000000000006e-03
-2.781959999999999988e-03 2.949100000000000072e-03
-3.130379999999999881e-03 2.576970000000000042e-03
-3.001499999999999828e-03 1.766849999999999931e-03
-2.384110000000000049e-03 8.282440000000000071e-04
-1.343529999999999898e-03 -4.191309999999999686e-05
-3.097510000000000096e-05 -8.059070000000000209e-04
1.328479999999999939e-03 -1.465060000000000017e-03
2.473320000000000206e-03 -1.962849999999999925e-03
3.167489999999999802e-03 -2.216940000000000143e-03
3.270299999999999856e-03 -2.158730000000000197e-03
2.779939999999999842e-03 -1.738170000000000036e-03
1.824270000000000015e-03 -9.711560000000000374e-04
6.076049999999999941e-04 1.358290000000000001e-05
-6.503999999999999799e-04 9.558400000000000099e-04
-1.753089999999999900e-03 1.584750000000000004e-03
-2.541209999999999910e-03 1.787109999999999957e-03
-2.899919999999999842e-03 1.635830000000000010e-03
-2.770599999999999799e-03 1.307739999999999944e-03
-2.166940000000000012e-03 9.455610000000000360e-04
-1.186580000000000013e-03 5.872129999999999494e-04
-8.307449999999999549e-06 2.169430000000000132e-04
1.134400000000000035e-03 -1.987120000000000043e-04
2.007469999999999914e-03 -6.792859999999999740e-04
2.441679999999999892e-03 -1.125200000000000028e-03
2.378579999999999930e-03 -1.351030000000000026e-03
1.878200000000000008e-03 -1.258269999999999918e-03
1.091310000000000066e-03 -9.425780000000000139e-04
2.092220000000000104e-04 -5.912610000000000435e-04
-5.920440000000000121e-04 -2.987120000000000226e-04
-1.190609999999999932e-03 -5.814049999999999671e-05
-1.524420000000000072e-03 1.802549999999999877e-04
-1.573839999999999961e-03 4.436239999999999932e-04
-1.349060000000000016e-03 7.255249999999999764e-04
-8.994159999999999959e-04 1.026219999999999997e-03
-3.274369999999999755e-04 1.265330000000000057e-03
2.249289999999999872e-04 1.281489999999999930e-03
6.221290000000000197e-04 9.979430000000000505e-04
7.854510000000000528e-04 4.638900000000000055e-04
7.211540000000000008e-04 -2.255590000000000134e-04
5.125849999999999721e-04 -9.154789999999999673e-04
2.782519999999999915e-04 -1.415180000000000040e-03
1.190110000000000029e-04 -1.629849999999999962e-03
8.174189999999999744e-05 -1.552629999999999939e-03
1.505920000000000110e-04 -1.225720000000000021e-03
2.634700000000000236e-04 -7.325539999999999526e-04
3.417639999999999892e-04 -1.114150000000000031e-04
3.187350000000000036e-04 6.126869999999999972e-04
1.623929999999999883e-04 1.276819999999999908e-03
-1.109239999999999971e-04 1.656579999999999945e-03
-4.418930000000000058e-04 1.621290000000000057e-03
-7.501380000000000201e-04 1.189219999999999947e-03
-9.556080000000000433e-04 4.853190000000000065e-04
-9.884329999999999332e-04 -3.362090000000000196e-04
-7.990160000000000491e-04 -1.028250000000000084e-03
-3.818250000000000246e-04 -1.358739999999999991e-03
2.009000000000000044e-04 -1.277240000000000016e-03
8.195260000000000001e-04 -8.971510000000000032e-04
1.308820000000000035e-03 -3.990919999999999798e-04
1.520230000000000019e-03 5.079889999999999910e-05
1.375340000000000069e-03 3.251800000000000003e-04
8.972350000000000247e-04 4.263839999999999753e-04
2.053029999999999959e-04 4.013700000000000145e-04
-5.204740000000000451e-04 2.451360000000000192e-04
-1.094149999999999897e-03 2.114270000000000003e-05
-1.382549999999999968e-03 -1.394699999999999911e-04
-1.342520000000000041e-03 -1.411109999999999979e-04
-1.018379999999999936e-03 -2.351259999999999914e-05
-5.107449999999999490e-04 1.492870000000000091e-04
5.408490000000000118e-05 3.834949999999999731e-04
5.481420000000000519e-04 5.694199999999999522e-04
8.693909999999999572e-04 5.392409999999999825e-04
9.663609999999999995e-04 2.412140000000000117e-04
8.473789999999999925e-04 -2.498199999999999900e-04
5.730680000000000366e-04 -7.636150000000000403e-04
2.364429999999999993e-04 -1.107050000000000048e-03
-6.538269999999999998e-05 -1.126849999999999987e-03
-2.620079999999999892e-04 -7.839410000000000215e-04
-3.316929999999999835e-04 -1.936969999999999990e-04
-3.041270000000000106e-04 4.471699999999999894e-04
-2.413270000000000020e-04 9.283740000000000395e-04
-2.028850000000000065e-04 1.080140000000000050e-03
-2.142310000000000026e-04 8.991090000000000410e-04
-2.580649999999999763e-04 5.481839999999999543e-04
-2.893910000000000080e-04 1.793209999999999997e-04
-2.605540000000000265e-04 -1.313379999999999951e-04
-1.471230000000000075e-04 -3.224729999999999871e-04
3.475349999999999853e-05 -3.720969999999999985e-04
2.326680000000000024e-04 -3.306849999999999959e-04
3.842469999999999957e-04 -2.710419999999999843e-04
4.476799999999999963e-04 -2.409459999999999933e-04
4.170900000000000063e-04 -2.474619999999999966e-04
3.165910000000000187e-04 -2.607999999999999967e-04
1.816940000000000124e-04 -2.385359999999999943e-04
4.230120000000000082e-05 -1.536970000000000025e-04
-8.399290000000000011e-05 -9.223019999999999323e-06
-1.890679999999999997e-04 1.625929999999999932e-04
-2.680809999999999834e-04 3.137600000000000046e-04
-3.153009999999999819e-04 3.979739999999999949e-04
-3.238459999999999755e-04 3.896939999999999996e-04
-2.885739999999999920e-04 2.977449999999999758e-04
-2.101849999999999942e-04 1.598430000000000076e-04
-9.804620000000000327e-05 2.143370000000000114e-05
3.010919999999999965e-05 -8.571569999999999656e-05
1.518640000000000083e-04 -1.541810000000000066e-04
2.457490000000000217e-04 -1.968929999999999866e-04
2.965810000000000256e-04 -2.313310000000000117e-04
2.985719999999999867e-04 -2.616909999999999853e-04
2.554459999999999934e-04 -2.719639999999999731e-04
1.781309999999999925e-04 -2.368570000000000126e-04
8.143710000000000673e-05 -1.435669999999999893e-04
-1.909179999999999905e-05 -8.461729999999999366e-06
-1.095999999999999942e-04 1.278270000000000079e-04
-1.796579999999999933e-04 2.251389999999999869e-04
-2.230710000000000060e-04 2.642820000000000152e-04
-2.372309999999999924e-04 2.502919999999999950e-04
-2.215019999999999945e-04 2.027320000000000099e-04
-1.764349999999999870e-04 1.414569999999999977e-04
-1.051490000000000058e-04 7.716760000000000297e-05
-1.593529999999999971e-05 1.106549999999999934e-05
7.678429999999999598e-05 -5.841130000000000096e-05
1.552810000000000063e-04 -1.278610000000000011e-04
2.043290000000000015e-04 -1.860270000000000131e-04
2.166039999999999882e-04 -2.177120000000000053e-04
1.943469999999999876e-04 -2.116710000000000000e-04
1.466059999999999987e-04 -1.671289999999999918e-04
8.435560000000000259e-05 -9.477669999999999671e-05
1.679099999999999899e-05 -1.200930000000000037e-05
-4.940680000000000272e-05 6.422440000000000126e-05
-1.084800000000000049e-04 1.226599999999999945e-04
-1.538920000000000099e-04 1.587609999999999933e-04
-1.784309999999999998e-04 1.723799999999999996e-04
-1.763839999999999972e-04 1.647530000000000132e-04
-1.464340000000000010e-04 1.371629999999999876e-04
-9.334019999999999785e-05 9.174010000000000617e-05
-2.720510000000000148e-05 3.314170000000000153e-05
3.944560000000000058e-05 -3.066370000000000255e-05
9.530100000000000116e-05 -8.943080000000000441e-05
1.328970000000000119e-04 -1.331260000000000126e-04
1.492750000000000099e-04 -1.546320000000000062e-04
1.449380000000000004e-04 -1.514390000000000115e-04
1.222729999999999997e-04 -1.257589999999999999e-04
8.459809999999999899e-05 -8.332389999999999686e-05
3.624669999999999975e-05 -3.164250000000000070e-05
-1.689970000000000017e-05 2.153049999999999994e-05
-6.737000000000000041e-05 6.915490000000000428e-05
-1.071529999999999954e-04 1.053809999999999995e-04
-1.295989999999999902e-04 1.258630000000000111e-04
-1.312709999999999973e-04 1.281599999999999927e-04
-1.128370000000000040e-04 1.121839999999999952e-04
-7.860950000000000012e-05 8.046740000000000143e-05
-3.509279999999999713e-05 3.795849999999999919e-05
1.069070000000000083e-05 -8.724540000000000328e-06
