-3.513049999999999816e-08 8.034810000000000199e-07
-2.123430000000000109e-07 2.905679999999999851e-06
-6.162260000000000018e-07 5.055310000000000393e-06
-1.303790000000000057e-06 8.849169999999999505e-06
-2.699560000000000120e-06 2.062980000000000025e-05
-5.966680000000000275e-06 4.699330000000000288e-05
-1.256229999999999999e-05 8.630820000000000148e-05
-2.286669999999999911e-05 1.219609999999999932e-04
-3.514259999999999791e-05 1.336400000000000012e-04
-4.587939999999999987e-05 1.059369999999999989e-04
-5.062209999999999768e-05 3.165129999999999967e-05
-4.476349999999999925e-05 -7.237599999999999958e-05
-2.505769999999999897e-05 -1.679150000000000076e-04
8.741710000000000368e-06 -2.239979999999999923e-04
5.358400000000000061e-05 -2.407769999999999886e-04
1.038839999999999967e-04 -2.462899999999999747e-04
1.520340000000000016e-04 -2.718789999999999900e-04
1.889690000000000130e-04 -3.269440000000000193e-04
2.061350000000000042e-04 -3.851840000000000038e-04
1.983920000000000074e-04 -3.899500000000000188e-04
1.657530000000000104e-04 -2.941619999999999934e-04
1.131119999999999972e-04 -1.079989999999999938e-04
4.774050000000000141e-05 1.097720000000000054e-04
-2.520489999999999986e-05 3.011150000000000198e-04
-1.052530000000000035e-04 4.345849999999999735e-04
-1.923689999999999873e-04 5.038119999999999665e-04
-2.787670000000000230e-04 5.266309999999999525e-04
-3.463869999999999753e-04 5.345039999999999904e-04
-3.747609999999999852e-04 5.491730000000000222e-04
-3.532869999999999804e-04 5.674389999999999859e-04
-2.876029999999999906e-04 5.559280000000000211e-04
-1.947349999999999982e-04 4.570639999999999729e-04
-9.203169999999999504e-05 2.368319999999999985e-04
9.977729999999999759e-06 -7.092130000000000146e-05
1.078769999999999973e-04 -3.960869999999999907e-04
2.030930000000000018e-04 -6.741079999999999772e-04
2.981020000000000132e-04 -8.571209999999999680e-04
3.899859999999999893e-04 -9.263449999999999679e-04
4.652899999999999853e-04 -8.985589999999999463e-04
5.024269999999999518e-04 -8.109890000000000241e-04
4.821089999999999881e-04 -6.988359999999999884e-04
3.987560000000000019e-04 -5.732019999999999780e-04
2.644519999999999814e-04 -4.182289999999999966e-04
1.035379999999999970e-04 -2.161490000000000069e-04
-5.761100000000000118e-05 3.924069999999999853e-05
-1.997040000000000111e-04 3.325530000000000261e-04
-3.138020000000000154e-04 6.157619999999999500e-04
-3.980079999999999881e-04 8.261520000000000278e-04
-4.519780000000000152e-04 9.262209999999999671e-04
-4.743069999999999838e-04 9.297430000000000191e-04
-4.630960000000000263e-04 8.778290000000000008e-04
-4.166290000000000119e-04 7.913479999999999863e-04
-3.338360000000000069e-04 6.553859999999999894e-04
-2.168580000000000030e-04 4.388390000000000042e-04
-7.545110000000000000e-05 1.430530000000000007e-04
7.178309999999999379e-05 -1.837499999999999941e-04
2.051160000000000060e-04 -5.030520000000000347e-04
3.158610000000000172e-04 -7.950260000000000009e-04
4.080849999999999799e-04 -1.019720000000000001e-03
4.859400000000000264e-04 -1.134339999999999958e-03
5.409129999999999624e-04 -1.110139999999999912e-03
5.525610000000000244e-04 -9.453839999999999596e-04
5.022989999999999964e-04 -6.941799999999999707e-04
3.874330000000000157e-04 -4.306779999999999853e-04
2.226139999999999933e-04 -1.907099999999999952e-04
3.000340000000000144e-05 4.731650000000000005e-05
-1.695660000000000093e-04 3.279900000000000090e-04
-3.566779999999999755e-04 6.554560000000000074e-04
-5.101570000000000150e-04 9.774499999999999335e-04
-6.105559999999999460e-04 1.218850000000000055e-03
-6.492499999999999790e-04 1.319829999999999918e-03
-6.315900000000000160e-04 1.255070000000000057e-03
-5.680760000000000410e-04 1.033309999999999958e-03
-4.620849999999999914e-04 6.866759999999999965e-04
-3.073570000000000186e-04 2.512680000000000208e-04
-9.834220000000000179e-05 -2.358499999999999865e-04
1.553930000000000079e-04 -7.141089999999999894e-04
4.230969999999999913e-04 -1.106510000000000002e-03
6.613679999999999603e-04 -1.360110000000000095e-03
8.306179999999999813e-04 -1.455350000000000003e-03
9.059740000000000371e-04 -1.396520000000000053e-03
8.773929999999999663e-04 -1.204900000000000068e-03
7.456360000000000418e-04 -9.142510000000000393e-04
5.203080000000000335e-04 -5.273300000000000079e-04
2.200269999999999993e-04 -3.139789999999999969e-05
-1.248060000000000109e-04 5.160320000000000358e-04
-4.709140000000000114e-04 1.028150000000000027e-03
-7.702120000000000450e-04 1.428859999999999896e-03
-9.828540000000000193e-04 1.660180000000000032e-03
-1.084789999999999973e-03 1.703590000000000052e-03
-1.066289999999999903e-03 1.562119999999999958e-03
-9.262199999999999513e-04 1.234190000000000027e-03
-6.701100000000000199e-04 7.216949999999999537e-04
-3.142590000000000010e-04 3.865470000000000109e-05
1.091520000000000012e-04 -7.450539999999999854e-04
5.495180000000000333e-04 -1.445150000000000080e-03
9.427489999999999959e-04 -1.878700000000000075e-03
1.227170000000000084e-03 -1.975590000000000158e-03
1.359919999999999922e-03 -1.780939999999999954e-03
1.321010000000000066e-03 -1.408959999999999900e-03
1.106400000000000005e-03 -9.335720000000000260e-04
7.248800000000000122e-04 -3.758249999999999872e-04
2.093820000000000089e-04 2.328800000000000065e-04
-3.707329999999999892e-04 8.723710000000000405e-04
-9.197969999999999757e-04 1.514989999999999913e-03
-1.344879999999999904e-03 2.041680000000000144e-03
-1.581069999999999958e-03 2.289799999999999822e-03
-1.599640000000000046e-03 2.123289999999999900e-03
-1.402000000000000034e-03 1.518580000000000060e-03
-1.011890000000000098e-03 6.239530000000000076e-04
-4.701139999999999920e-04 -3.679940000000000142e-04
1.688550000000000088e-04 -1.263269999999999931e-03
8.334930000000000377e-04 -1.888570000000000006e-03
1.430370000000000036e-03 -2.175470000000000095e-03
1.852759999999999954e-03 -2.164820000000000026e-03
2.007389999999999956e-03 -1.960340000000000086e-03
1.845590000000000034e-03 -1.614809999999999943e-03
1.379350000000000107e-03 -1.070360000000000018e-03
6.782609999999999898e-04 -2.662939999999999817e-04
-1.435080000000000090e-04 7.260040000000000373e-04
-9.486069999999999659e-04 1.719779999999999963e-03
-1.608669999999999978e-03 2.487839999999999843e-03
-2.033469999999999896e-03 2.821619999999999944e-03
-2.177249999999999932e-03 2.595080000000000043e-03
-2.023699999999999805e-03 1.828280000000000053e-03
-1.574639999999999981e-03 7.284979999999999494e-04
-8.599659999999999856e-04 -3.975809999999999869e-04
4.268879999999999691e-05 -1.308670000000000059e-03
1.002620000000000074e-03 -1.913070000000000005e-03
1.853620000000000051e-03 -2.226899999999999973e-03
2.428200000000000150e-03 -2.297330000000000205e-03
2.599240000000000057e-03 -2.151399999999999927e-03
2.317309999999999943e-03 -1.746530000000000044e-03
1.627369999999999945e-03 -1.009219999999999909e-03
6.579929999999999460e-04 2.815869999999999859e-05
-4.125329999999999752e-04 1.185150000000000049e-03
-1.401780000000000040e-03 2.194670000000000128e-03
-2.160930000000000142e-03 2.771870000000000063e-03
-2.588350000000000112e-03 2.727400000000000050e-03
-2.624669999999999954e-03 2.082239999999999959e-03
-2.250470000000000075e-03 1.084670000000000035e-03
-1.496729999999999935e-03 6.084070000000000179e-05
-4.566789999999999825e-04 -7.947679999999999502e-04
7.143860000000000141e-04 -1.451830000000000091e-03
1.813170000000000016e-03 -1.917670000000000008e-03
2.618960000000000038e-03 -2.148360000000000200e-03
2.947829999999999808e-03 -2.091050000000000113e-03
2.717709999999999917e-03 -1.722900000000000082e-03
1.983490000000000079e-03 -1.046620000000000059e-03
9.134500000000000041e-04 -1.271680000000000130e-04
-2.750219999999999835e-04 8.724209999999999604e-04
-1.374620000000000009e-03 1.685290000000000095e-03
-2.215990000000000147e-03 2.068430000000000008e-03
-2.675789999999999939e-03 1.961270000000000201e-03
-2.684789999999999833e-03 1.491659999999999904e-03
-2.238260000000000163e-03 8.769329999999999877e-04
-1.401949999999999898e-03 2.866319999999999892e-04
-3.101000000000000024e-04 -2.176520000000000093e-04
8.439740000000000479e-04 -6.272880000000000426e-04
1.833320000000000045e-03 -9.590170000000000508e-04
2.449320000000000056e-03 -1.233989999999999913e-03
2.565089999999999905e-03 -1.377949999999999965e-03
2.174479999999999903e-03 -1.254179999999999922e-03
1.389080000000000002e-03 -8.278950000000000415e-04
4.011579999999999833e-04 -2.551580000000000124e-04
-5.723940000000000495e-04 2.378640000000000116e-04
-1.349949999999999935e-03 5.444589999999999586e-04
-1.822990000000000027e-03 6.783050000000000320e-04
-1.953490000000000001e-03 7.083289999999999465e-04
-1.747819999999999973e-03 6.914300000000000394e-04
-1.244300000000000050e-03 6.597940000000000055e-04
-5.286699999999999646e-04 6.550809999999999576e-04
2.531069999999999739e-04 6.364110000000000296e-04
9.234990000000000429e-04 4.816040000000000056e-04
1.333540000000000029e-03 1.501049999999999867e-04
1.412580000000000086e-03 -2.904809999999999857e-04
1.185850000000000012e-03 -7.585289999999999741e-04
7.587219999999999772e-04 -1.142830000000000061e-03
2.735069999999999819e-04 -1.311820000000000000e-03
-1.412680000000000034e-04 -1.227479999999999977e-03
-4.063420000000000205e-04 -9.251430000000000157e-04
-5.042030000000000513e-04 -4.722080000000000027e-04
-4.689100000000000082e-04 3.691409999999999950e-05
-3.623109999999999807e-04 5.645710000000000398e-04
-2.499639999999999805e-04 1.097050000000000022e-03
-1.789360000000000093e-04 1.496319999999999985e-03
-1.624969999999999995e-04 1.579480000000000077e-03
-1.847540000000000000e-04 1.267150000000000091e-03
-2.191349999999999949e-04 6.237319999999999974e-04
-2.374479999999999939e-04 -1.958209999999999942e-04
-2.029850000000000090e-04 -1.024069999999999972e-03
-7.347800000000000360e-05 -1.616699999999999995e-03
1.688489999999999956e-04 -1.763730000000000029e-03
4.870429999999999920e-04 -1.452640000000000051e-03
7.909090000000000131e-04 -8.361640000000000262e-04
9.688830000000000272e-04 -1.234390000000000086e-04
9.303620000000000076e-04 5.009749999999999663e-04
6.432389999999999853e-04 8.937199999999999745e-04
1.529850000000000133e-04 1.039879999999999971e-03
-4.257320000000000093e-04 9.726609999999999900e-04
-9.394889999999999491e-04 6.875219999999999812e-04
-1.243849999999999904e-03 2.676849999999999824e-04
-1.256509999999999962e-03 -1.241419999999999915e-04
-9.845889999999999070e-04 -3.589730000000000069e-04
-5.068139999999999624e-04 -4.430880000000000105e-04
6.568019999999999501e-05 -4.072780000000000128e-04
6.123749999999999636e-04 -2.220640000000000070e-04
1.016310000000000087e-03 7.143759999999999854e-06
1.190840000000000084e-03 1.026400000000000066e-04
1.106989999999999971e-03 -3.422319999999999956e-06
7.990319999999999758e-04 -2.598049999999999969e-04
3.504339999999999994e-04 -5.317790000000000190e-04
-1.281280000000000038e-04 -6.699699999999999839e-04
-5.248930000000000175e-04 -5.608969999999999798e-04
-7.571669999999999963e-04 -1.892030000000000111e-04
-7.960330000000000270e-04 3.278700000000000169e-04
-6.725210000000000346e-04 8.123989999999999987e-04
-4.594409999999999944e-04 1.087319999999999910e-03
-2.346810000000000118e-04 1.022750000000000005e-03
-4.797759999999999953e-05 6.526999999999999816e-04
8.751759999999999705e-05 1.646309999999999896e-04
1.840310000000000004e-04 -2.807099999999999873e-04
2.638990000000000021e-04 -6.067450000000000057e-04
3.415490000000000193e-04 -7.531849999999999656e-04
4.070330000000000042e-04 -7.021840000000000113e-04
4.284059999999999908e-04 -5.152969999999999556e-04
3.757049999999999951e-04 -2.830959999999999878e-04
2.453970000000000088e-04 -7.570550000000000218e-05
6.521349999999999489e-05 7.417310000000000309e-05
-1.209369999999999976e-04 1.698709999999999869e-04
-2.731699999999999883e-04 2.325910000000000098e-04
-3.673039999999999920e-04 2.808660000000000041e-04
-3.956769999999999862e-04 3.196769999999999820e-04
-3.627400000000000134e-04 3.379119999999999997e-04
-2.805610000000000265e-04 3.150059999999999991e-04
-1.652889999999999958e-04 2.322059999999999923e-04
-3.417909999999999942e-05 8.826809999999999604e-05
9.610950000000000536e-05 -8.923079999999999955e-05
2.096020000000000034e-04 -2.520339999999999928e-04
2.911540000000000113e-04 -3.542360000000000148e-04
3.284809999999999878e-04 -3.729159999999999918e-04
3.155060000000000113e-04 -3.157230000000000127e-04
2.546499999999999827e-04 -2.136680000000000014e-04
1.565109999999999928e-04 -1.034959999999999998e-04
3.738230000000000291e-05 -8.932120000000000126e-06
-8.382920000000000031e-05 6.780119999999999723e-05
-1.883169999999999929e-04 1.379809999999999923e-04
-2.597930000000000248e-04 2.080949999999999922e-04
-2.870390000000000007e-04 2.655730000000000135e-04
-2.664769999999999899e-04 2.835900000000000139e-04
-2.038259999999999963e-04 2.428320000000000088e-04
-1.132580000000000056e-04 1.471599999999999937e-04
-1.316580000000000022e-05 2.213510000000000090e-05
7.979810000000000429e-05 -9.783899999999999618e-05
1.546449999999999941e-04 -1.850669999999999952e-04
2.056650000000000036e-04 -2.279500000000000113e-04
2.292560000000000019e-04 -2.304019999999999940e-04
2.218640000000000022e-04 -2.038230000000000033e-04
1.814390000000000089e-04 -1.581909999999999903e-04
1.111550000000000022e-04 -9.821969999999999746e-05
2.182499999999999856e-05 -2.599640000000000067e-05
-6.961750000000000219e-05 5.345480000000000191e-05
-1.451810000000000047e-04 1.290119999999999906e-04
-1.915680000000000063e-04 1.855559999999999968e-04
-2.035679999999999998e-04 2.099369999999999925e-04
-1.837940000000000092e-04 1.967109999999999941e-04
-1.397030000000000006e-04 1.501730000000000003e-04
-8.011339999999999770e-05 8.200510000000000535e-05
-1.318440000000000035e-05 6.560210000000000164e-06
5.360449999999999812e-05 -6.342800000000000326e-05
1.124720000000000033e-04 -1.189339999999999966e-04
1.550269999999999914e-04 -1.545560000000000022e-04
1.736399999999999977e-04 -1.674790000000000003e-04
1.640339999999999951e-04 -1.568320000000000055e-04
1.275179999999999944e-04 -1.239489999999999884e-04
7.131150000000000325e-05 -7.311539999999999457e-05
6.560780000000000228e-06 -1.184620000000000018e-05
-5.493470000000000108e-05 4.998770000000000253e-05
-1.036650000000000044e-04 1.021159999999999961e-04
-1.338450000000000035e-04 1.361740000000000010e-04
-1.432539999999999942e-04 1.474419999999999887e-04
-1.323010000000000061e-04 1.354589999999999917e-04
-1.032680000000000013e-04 1.035730000000000060e-04
-6.016589999999999937e-05 5.783740000000000295e-05
-8.894479999999999585e-06 5.762479999999999756e-06
4.294899999999999825e-05 -4.481460000000000288e-05
8.708040000000000062e-05 -8.669309999999999842e-05
1.162269999999999970e-04 -1.141470000000000033e-04
1.258700000000000129e-04 -1.236359999999999933e-04
1.152670000000000062e-04 -1.143010000000000022e-04
