-3.980729999999999674e-08 7.867470000000000502e-07
-2.315030000000000051e-07 2.810199999999999793e-06
-6.379809999999999739e-07 4.801240000000000130e-06
-1.288089999999999936e-06 8.363160000000000410e-06
-2.646180000000000048e-06 1.967419999999999876e-05
-5.931899999999999906e-06 4.487389999999999738e-05
-1.245030000000000004e-05 8.189159999999999365e-05
-2.211279999999999943e-05 1.143489999999999990e-04
-3.274960000000000235e-05 1.231360000000000083e-04
-4.101399999999999729e-05 9.449840000000000312e-05
-4.326349999999999667e-05 2.259410000000000108e-05
-3.591169999999999703e-05 -7.537319999999999860e-05
-1.660990000000000169e-05 -1.625359999999999902e-04
1.435459999999999975e-05 -2.108230000000000108e-04
5.410879999999999938e-05 -2.229570000000000000e-04
9.796259999999999614e-05 -2.270290000000000112e-04
1.392870000000000100e-04 -2.516479999999999867e-04
1.695180000000000124e-04 -3.028250000000000017e-04
1.804300000000000055e-04 -3.530809999999999895e-04
1.676960000000000017e-04 -3.485669999999999849e-04
1.327160000000000080e-04 -2.483049999999999884e-04
8.181210000000000229e-05 -6.826789999999999736e-05
2.292020000000000122e-05 1.316579999999999920e-04
-3.956219999999999876e-05 2.981740000000000085e-04
-1.069280000000000035e-04 4.073440000000000220e-04
-1.802840000000000107e-04 4.587780000000000178e-04
-2.515419999999999982e-04 4.720409999999999754e-04
-3.025699999999999982e-04 4.756849999999999967e-04
-3.153799999999999789e-04 4.861609999999999825e-04
-2.841459999999999863e-04 4.969619999999999897e-04
-2.184389999999999867e-04 4.770500000000000218e-04
-1.354849999999999945e-04 3.766819999999999826e-04
-4.941339999999999687e-05 1.704449999999999986e-04
3.285619999999999893e-05 -1.050600000000000004e-04
1.097559999999999974e-04 -3.857399999999999761e-04
1.834419999999999963e-04 -6.181519999999999593e-04
2.571489999999999735e-04 -7.644649999999999796e-04
3.285510000000000058e-04 -8.114269999999999816e-04
3.847470000000000078e-04 -7.764980000000000319e-04
4.063369999999999959e-04 -6.935659999999999525e-04
3.788519999999999974e-04 -5.924149999999999989e-04
3.019380000000000219e-04 -4.801229999999999973e-04
1.892239999999999894e-04 -3.412549999999999980e-04
6.108399999999999995e-05 -1.622969999999999947e-04
-6.335810000000000584e-05 5.923690000000000200e-05
-1.714660000000000012e-04 3.089279999999999804e-04
-2.579079999999999979e-04 5.452070000000000267e-04
-3.213550000000000022e-04 7.149049999999999459e-04
-3.607519999999999911e-04 7.891519999999999958e-04
-3.746590000000000055e-04 7.856140000000000172e-04
-3.624100000000000216e-04 7.431469999999999916e-04
-3.236550000000000039e-04 6.766549999999999648e-04
-2.575149999999999900e-04 5.660669999999999591e-04
-1.650810000000000005e-04 3.787570000000000194e-04
-5.438289999999999731e-05 1.172440000000000044e-04
5.865659999999999673e-05 -1.698369999999999936e-04
1.590229999999999986e-04 -4.463819999999999962e-04
2.441149999999999896e-04 -6.971390000000000486e-04
3.215210000000000138e-04 -8.882210000000000192e-04
3.933200000000000086e-04 -9.837699999999999136e-04
4.460809999999999732e-04 -9.599209999999999731e-04
4.575909999999999765e-04 -8.142769999999999696e-04
4.129760000000000115e-04 -5.945640000000000083e-04
3.147720000000000010e-04 -3.665440000000000061e-04
1.784219999999999936e-04 -1.604409999999999907e-04
2.088459999999999991e-05 4.598349999999999774e-05
-1.441109999999999895e-04 2.947849999999999906e-04
-3.013159999999999862e-04 5.880889999999999729e-04
-4.302840000000000159e-04 8.746809999999999828e-04
-5.120440000000000191e-04 1.083659999999999962e-03
-5.400770000000000267e-04 1.161429999999999971e-03
-5.215229999999999736e-04 1.089539999999999953e-03
-4.658439999999999803e-04 8.818930000000000215e-04
-3.736139999999999774e-04 5.707509999999999840e-04
-2.375649999999999930e-04 1.858789999999999867e-04
-5.431919999999999994e-05 -2.453089999999999785e-04
1.638440000000000122e-04 -6.698789999999999606e-04
3.868380000000000256e-04 -1.014209999999999981e-03
5.769959999999999759e-04 -1.226370000000000064e-03
7.036549999999999706e-04 -1.288620000000000087e-03
7.499989999999999999e-04 -1.209299999999999958e-03
7.101990000000000082e-04 -1.014530000000000032e-03
5.855329999999999519e-04 -7.405719999999999968e-04
3.841979999999999831e-04 -3.891230000000000079e-04
1.226130000000000134e-04 5.484399999999999871e-05
-1.711019999999999891e-04 5.363440000000000134e-04
-4.561669999999999983e-04 9.735240000000000256e-04
-6.892190000000000295e-04 1.298729999999999893e-03
-8.387579999999999949e-04 1.464299999999999977e-03
-8.907840000000000419e-04 1.461529999999999947e-03
-8.435540000000000486e-04 1.300659999999999924e-03
-6.997270000000000312e-04 9.836680000000000423e-04
-4.653349999999999891e-04 5.125489999999999473e-04
-1.557549999999999885e-04 -1.010750000000000038e-04
1.988190000000000085e-04 -7.916730000000000078e-04
5.519130000000000130e-04 -1.383710000000000018e-03
8.474799999999999564e-04 -1.710120000000000086e-03
1.037280000000000016e-03 -1.720219999999999952e-03
1.095159999999999970e-03 -1.474129999999999928e-03
1.014869999999999965e-03 -1.091329999999999948e-03
7.982479999999999914e-04 -6.424459999999999676e-04
4.530809999999999807e-04 -1.419190000000000078e-04
9.550880000000000619e-06 3.852279999999999919e-04
-4.663730000000000154e-04 9.236609999999999916e-04
-8.882200000000000034e-04 1.448700000000000031e-03
-1.181039999999999954e-03 1.847029999999999939e-03
-1.301660000000000057e-03 1.972729999999999796e-03
-1.239260000000000058e-03 1.718600000000000032e-03
-1.006409999999999900e-03 1.090180000000000055e-03
-6.327000000000000375e-04 2.480630000000000270e-04
-1.597100000000000006e-04 -6.268719999999999978e-04
3.644140000000000248e-04 -1.367850000000000099e-03
8.809589999999999522e-04 -1.831270000000000077e-03
1.312879999999999993e-03 -1.972400000000000021e-03
1.573009999999999903e-03 -1.845800000000000088e-03
1.592260000000000073e-03 -1.559250000000000089e-03
1.347960000000000044e-03 -1.166249999999999969e-03
8.715759999999999914e-04 -6.161470000000000488e-04
2.382840000000000110e-04 1.355910000000000101e-04
-4.461609999999999860e-04 1.004209999999999955e-03
-1.063479999999999894e-03 1.808530000000000033e-03
-1.512920000000000063e-03 2.350759999999999916e-03
-1.736729999999999914e-03 2.466970000000000187e-03
-1.718459999999999996e-03 2.077460000000000157e-03
-1.461529999999999947e-03 1.237309999999999929e-03
-9.794510000000001063e-04 1.657879999999999922e-04
-3.112999999999999773e-04 -8.458709999999999927e-04
4.601170000000000130e-04 -1.589370000000000106e-03
1.211999999999999970e-03 -2.004090000000000038e-03
1.805219999999999958e-03 -2.123439999999999876e-03
2.114169999999999851e-03 -2.003099999999999846e-03
2.058280000000000005e-03 -1.682990000000000094e-03
1.629430000000000071e-03 -1.145289999999999980e-03
9.005680000000000282e-04 -3.500849999999999795e-04
8.814940000000000343e-06 6.401519999999999520e-04
-8.804740000000000136e-04 1.634800000000000055e-03
-1.615740000000000058e-03 2.387230000000000168e-03
-2.088430000000000061e-03 2.662040000000000066e-03
-2.237010000000000214e-03 2.334460000000000007e-03
-2.037709999999999869e-03 1.483539999999999989e-03
-1.503500000000000062e-03 3.887539999999999984e-04
-6.946660000000000335e-04 -6.254709999999999480e-04
2.764150000000000157e-04 -1.385640000000000049e-03
1.255089999999999938e-03 -1.880689999999999966e-03
2.062009999999999971e-03 -2.127990000000000177e-03
2.520300000000000058e-03 -2.095179999999999872e-03
2.504769999999999913e-03 -1.755920000000000007e-03
1.998799999999999796e-03 -1.130759999999999968e-03
1.112700000000000104e-03 -2.743970000000000090e-04
4.085280000000000297e-05 7.007409999999999507e-04
-1.008819999999999899e-03 1.606009999999999946e-03
-1.861849999999999963e-03 2.186879999999999987e-03
-2.388369999999999903e-03 2.251870000000000000e-03
-2.505859999999999945e-03 1.810009999999999918e-03
-2.190699999999999852e-03 1.047640000000000073e-03
-1.487950000000000036e-03 2.155159999999999877e-04
-5.079140000000000434e-04 -5.012079999999999487e-04
5.862239999999999899e-04 -1.029699999999999930e-03
1.593510000000000022e-03 -1.351360000000000018e-03
2.304259999999999815e-03 -1.481950000000000107e-03
2.555410000000000147e-03 -1.458749999999999977e-03
2.288979999999999921e-03 -1.245440000000000002e-03
1.572529999999999935e-03 -7.664689999999999828e-04
5.739820000000000078e-04 -6.133019999999999770e-05
-4.866560000000000243e-04 6.517660000000000207e-04
-1.392110000000000005e-03 1.121739999999999977e-03
-1.981660000000000105e-03 1.258269999999999918e-03
-2.181049999999999916e-03 1.116690000000000044e-03
-1.991099999999999988e-03 8.151569999999999476e-04
-1.457600000000000085e-03 4.585710000000000112e-04
-6.626479999999999480e-04 1.233039999999999972e-04
2.574720000000000177e-04 -1.104109999999999971e-04
1.111189999999999964e-03 -2.504410000000000100e-04
1.702320000000000005e-03 -3.906679999999999940e-04
1.901740000000000071e-03 -5.567830000000000392e-04
1.686910000000000015e-03 -6.975920000000000254e-04
1.139969999999999916e-03 -7.857110000000000266e-04
4.180249999999999830e-04 -7.864999999999999812e-04
-2.971180000000000240e-04 -6.431380000000000213e-04
-8.520739999999999738e-04 -3.721139999999999951e-04
-1.155819999999999894e-03 -3.424250000000000292e-05
-1.188980000000000072e-03 3.068130000000000184e-04
-9.919539999999999694e-04 5.844280000000000091e-04
-6.433619999999999704e-04 8.041899999999999830e-04
-2.400539999999999890e-04 1.000690000000000043e-03
1.263380000000000091e-04 1.084239999999999987e-03
3.930149999999999768e-04 9.204039999999999921e-04
5.313349999999999670e-04 4.729220000000000233e-04
5.378390000000000254e-04 -1.684690000000000026e-04
4.343920000000000246e-04 -8.500930000000000075e-04
2.783439999999999764e-04 -1.431430000000000029e-03
1.500720000000000092e-04 -1.715670000000000086e-03
1.072829999999999959e-04 -1.554419999999999934e-03
1.488860000000000107e-04 -9.948999999999999511e-04
2.213890000000000042e-04 -2.270639999999999931e-04
2.518250000000000089e-04 5.328950000000000266e-04
1.804719999999999892e-04 1.112740000000000083e-03
-1.307160000000000034e-05 1.386679999999999944e-03
-2.957169999999999742e-04 1.357039999999999896e-03
-5.875980000000000482e-04 1.075750000000000100e-03
-7.864099999999999736e-04 5.631889999999999639e-04
-8.066090000000000152e-04 -6.613620000000000555e-05
-6.209170000000000184e-04 -6.193379999999999849e-04
-2.718999999999999954e-04 -9.447239999999999761e-04
1.577039999999999931e-04 -1.033550000000000050e-03
5.802710000000000420e-04 -9.109720000000000187e-04
9.089319999999999908e-04 -5.595729999999999498e-04
1.059510000000000052e-03 -1.150029999999999965e-04
9.805149999999999456e-04 2.110869999999999934e-04
6.822370000000000344e-04 3.232199999999999852e-04
2.332020000000000078e-04 2.462529999999999884e-04
-2.637289999999999817e-04 8.420599999999999982e-05
-6.945589999999999750e-04 -4.160099999999999692e-05
-9.573999999999999611e-04 -2.973600000000000125e-05
-9.921649999999999307e-04 1.462790000000000000e-04
-8.042610000000000167e-04 4.022130000000000063e-04
-4.636810000000000215e-04 6.091150000000000253e-04
-7.595959999999999691e-05 6.453830000000000244e-04
2.614059999999999973e-04 4.304169999999999958e-04
4.902040000000000520e-04 2.665429999999999991e-05
5.936669999999999794e-04 -3.813749999999999866e-04
5.846900000000000144e-04 -6.631999999999999658e-04
4.963370000000000152e-04 -7.822029999999999782e-04
3.661919999999999932e-04 -7.135229999999999784e-04
2.157609999999999964e-04 -4.680099999999999863e-04
4.835709999999999819e-05 -1.302420000000000043e-04
-1.307679999999999921e-04 1.935370000000000005e-04
-2.982300000000000229e-04 4.252999999999999836e-04
-4.187150000000000052e-04 5.299229999999999609e-04
-4.644410000000000075e-04 5.135860000000000121e-04
-4.281129999999999853e-04 4.096029999999999745e-04
-3.216720000000000061e-04 2.610499999999999756e-04
-1.681359999999999908e-04 1.065059999999999998e-04
4.793849999999999850e-06 -3.137209999999999733e-05
1.683719999999999932e-04 -1.474339999999999982e-04
2.967940000000000183e-04 -2.465549999999999730e-04
3.717759999999999858e-04 -3.286629999999999803e-04
3.849489999999999900e-04 -3.776779999999999981e-04
3.373580000000000047e-04 -3.687750000000000056e-04
2.384139999999999979e-04 -2.871209999999999908e-04
1.054320000000000029e-04 -1.411809999999999888e-04
-3.825169999999999834e-05 3.648369999999999765e-05
-1.680999999999999931e-04 1.997629999999999914e-04
-2.641780000000000040e-04 3.067799999999999867e-04
-3.145660000000000101e-04 3.375130000000000057e-04
-3.152799999999999765e-04 3.009299999999999801e-04
-2.685470000000000023e-04 2.254020000000000079e-04
-1.816680000000000096e-04 1.385330000000000101e-04
-6.698260000000000477e-05 5.092889999999999955e-05
5.809869999999999992e-05 -4.138289999999999981e-05
1.722879999999999876e-04 -1.388480000000000096e-04
2.539950000000000237e-04 -2.273420000000000063e-04
2.873700000000000082e-04 -2.831339999999999898e-04
2.681369999999999977e-04 -2.858769999999999736e-04
2.050040000000000044e-04 -2.305239999999999904e-04
1.150659999999999991e-04 -1.309009999999999991e-04
1.641010000000000065e-05 -1.348939999999999997e-05
-7.690499999999999637e-05 9.417979999999999570e-05
-1.550810000000000014e-04 1.733749999999999994e-04
-2.100279999999999888e-04 2.171840000000000131e-04
-2.339019999999999977e-04 2.269019999999999902e-04
-2.207990000000000115e-04 2.063640000000000049e-04
-1.704180000000000072e-04 1.590309999999999890e-04
-9.069189999999999815e-05 8.919629999999999844e-05
2.914869999999999842e-06 4.913199999999999817e-06
9.158620000000000075e-05 -8.084620000000000532e-05
1.587869999999999961e-04 -1.524259999999999938e-04
1.945799999999999971e-04 -1.960350000000000027e-04
1.968130000000000010e-04 -2.040350000000000074e-04
1.693350000000000042e-04 -1.768569999999999908e-04
1.190809999999999937e-04 -1.219980000000000066e-04
5.404260000000000330e-05 -5.111600000000000323e-05
-1.712659999999999964e-05 2.316120000000000112e-05
-8.471509999999999804e-05 8.949249999999999740e-05
-1.382769999999999908e-04 1.388840000000000072e-04
-1.684269999999999919e-04 1.650889999999999910e-04
-1.695149999999999923e-04 1.649739999999999963e-04
-1.416920000000000115e-04 1.390560000000000049e-04
-9.113190000000000071e-05 9.181439999999999968e-05
-2.823029999999999973e-05 3.130089999999999706e-05
3.531199999999999666e-05 -3.217969999999999956e-05
8.918490000000000055e-05 -8.801569999999999826e-05
1.260350000000000088e-04 -1.272970000000000113e-04
1.418160000000000124e-04 -1.443430000000000104e-04
1.354940000000000007e-04 -1.374729999999999897e-04
1.087429999999999988e-04 -1.089750000000000061e-04
6.586220000000000106e-05 -6.445050000000000236e-05
1.361620000000000018e-05 -1.171299999999999949e-05
-3.945190000000000085e-05 4.054499999999999890e-05
-8.443190000000000048e-05 8.412749999999999710e-05
