-5.113830000000000072e-08 7.418979999999999905e-07
-2.638070000000000011e-07 2.568180000000000118e-06
-6.150110000000000270e-07 4.196050000000000254e-06
-1.076749999999999898e-06 7.240730000000000384e-06
-2.255959999999999827e-06 1.740410000000000164e-05
-5.372360000000000178e-06 3.974330000000000283e-05
-1.099679999999999947e-05 7.138670000000000551e-05
-1.780639999999999946e-05 9.675360000000000145e-05
-2.331390000000000052e-05 9.937629999999999923e-05
-2.579299999999999852e-05 6.886539999999999968e-05
-2.417569999999999962e-05 2.402970000000000136e-06
-1.697159999999999858e-05 -8.166579999999999998e-05
-3.215539999999999794e-06 -1.495140000000000054e-04
1.665430000000000079e-05 -1.796459999999999941e-04
4.186210000000000023e-05 -1.798919999999999914e-04
7.098860000000000673e-05 -1.777849999999999927e-04
9.905300000000000183e-05 -1.968259999999999888e-04
1.170820000000000015e-04 -2.380310000000000119e-04
1.171570000000000033e-04 -2.734890000000000237e-04
9.776929999999999920e-05 -2.560390000000000062e-04
6.428439999999999729e-05 -1.568560000000000039e-04
2.590560000000000147e-05 -1.428559999999999922e-06
-9.454139999999999238e-06 1.523189999999999896e-04
-4.164129999999999720e-05 2.641769999999999882e-04
-7.827960000000000181e-05 3.255409999999999923e-04
-1.234739999999999904e-04 3.455859999999999943e-04
-1.675969999999999880e-04 3.444459999999999883e-04
-1.924960000000000082e-04 3.430640000000000208e-04
-1.863040000000000106e-04 3.483170000000000060e-04
-1.516219999999999927e-04 3.513559999999999882e-04
-1.014549999999999968e-04 3.295889999999999779e-04
-4.906429999999999711e-05 2.467960000000000271e-04
-1.244249999999999988e-06 8.622619999999999786e-05
4.032839999999999830e-05 -1.190199999999999955e-04
7.650390000000000456e-05 -3.192070000000000085e-04
1.117579999999999962e-04 -4.774159999999999840e-04
1.511969999999999959e-04 -5.681580000000000311e-04
1.920570000000000079e-04 -5.854190000000000001e-04
2.219629999999999889e-04 -5.474570000000000001e-04
2.279279999999999902e-04 -4.813120000000000159e-04
2.052669999999999983e-04 -4.069559999999999844e-04
1.581490000000000066e-04 -3.267960000000000201e-04
9.502179999999999882e-05 -2.283949999999999978e-04
2.560220000000000028e-05 -1.029989999999999942e-04
-4.077880000000000334e-05 5.211489999999999802e-05
-9.819309999999999334e-05 2.285099999999999924e-04
-1.449060000000000116e-04 3.942519999999999922e-04
-1.799389999999999996e-04 5.082650000000000405e-04
-2.012969999999999939e-04 5.528090000000000261e-04
-2.086389999999999924e-04 5.491330000000000430e-04
-2.039649999999999894e-04 5.294120000000000466e-04
-1.867940000000000008e-04 4.976180000000000186e-04
-1.521670000000000086e-04 4.270799999999999835e-04
-9.749580000000000258e-05 2.857329999999999831e-04
-3.044980000000000110e-05 7.993040000000000301e-05
3.361210000000000299e-05 -1.408670000000000050e-04
8.594199999999999810e-05 -3.452050000000000127e-04
1.336809999999999962e-04 -5.263209999999999503e-04
1.873950000000000041e-04 -6.620530000000000121e-04
2.423520000000000134e-04 -7.284529999999999998e-04
2.795340000000000108e-04 -7.058989999999999579e-04
2.818319999999999810e-04 -5.865770000000000185e-04
2.458340000000000048e-04 -4.098560000000000007e-04
1.806380000000000008e-04 -2.354640000000000075e-04
9.741000000000000418e-05 -8.968599999999999478e-05
1.714749999999999972e-06 5.274299999999999968e-05
-1.027339999999999959e-04 2.351599999999999914e-04
-2.044020000000000125e-04 4.592430000000000210e-04
-2.830199999999999838e-04 6.750099999999999763e-04
-3.225689999999999807e-04 8.186110000000000131e-04
-3.235180000000000152e-04 8.502670000000000367e-04
-2.986110000000000045e-04 7.676500000000000381e-04
-2.573009999999999815e-04 5.940929999999999649e-04
-1.970309999999999911e-04 3.572730000000000198e-04
-1.090480000000000035e-04 7.119029999999999499e-05
9.275569999999999353e-06 -2.522240000000000029e-04
1.456659999999999975e-04 -5.680620000000000374e-04
2.743889999999999914e-04 -8.075649999999999972e-04
3.696060000000000252e-04 -9.273429999999999607e-04
4.188600000000000114e-04 -9.224990000000000186e-04
4.220970000000000212e-04 -8.145329999999999888e-04
3.809959999999999822e-04 -6.375019999999999689e-04
2.950000000000000148e-04 -4.255710000000000222e-04
1.656550000000000123e-04 -1.708109999999999880e-04
1.321629999999999957e-06 1.500919999999999989e-04
-1.763339999999999960e-04 4.885479999999999988e-04
-3.328730000000000230e-04 7.749739999999999971e-04
-4.389269999999999804e-04 9.608589999999999970e-04
-4.856489999999999982e-04 1.019809999999999901e-03
-4.793010000000000109e-04 9.621470000000000022e-04
-4.260380000000000026e-04 8.094859999999999946e-04
-3.251859999999999863e-04 5.634540000000000165e-04
-1.759119999999999922e-04 2.163389999999999899e-04
1.234729999999999950e-05 -2.318200000000000132e-04
2.159440000000000047e-04 -7.260160000000000094e-04
3.986249999999999993e-04 -1.109860000000000057e-03
5.232179999999999904e-04 -1.252019999999999956e-03
5.728950000000000231e-04 -1.141920000000000044e-03
5.553240000000000520e-04 -8.639579999999999569e-04
4.806489999999999851e-04 -5.378009999999999692e-04
3.428239999999999825e-04 -2.156030000000000023e-04
1.317000000000000028e-04 1.135149999999999999e-04
-1.342500000000000106e-04 4.469750000000000090e-04
-3.987150000000000069e-04 7.822379999999999872e-04
-5.990719999999999726e-04 1.098379999999999929e-03
-6.977650000000000389e-04 1.295410000000000094e-03
-6.857249999999999847e-04 1.268390000000000099e-03
-5.741560000000000370e-04 9.653100000000000395e-04
-3.872999999999999815e-04 4.257220000000000145e-04
-1.545829999999999936e-04 -2.006010000000000128e-04
1.013059999999999953e-04 -7.803130000000000352e-04
3.670810000000000045e-04 -1.205530000000000013e-03
6.180829999999999571e-04 -1.387610000000000059e-03
8.034509999999999482e-04 -1.323940000000000013e-03
8.666029999999999697e-04 -1.086979999999999977e-03
7.791550000000000168e-04 -7.785459999999999690e-04
5.518209999999999739e-04 -4.421909999999999816e-04
2.209289999999999984e-04 -3.240109999999999713e-05
-1.609170000000000045e-04 4.826960000000000148e-04
-5.227749999999999541e-04 1.026699999999999965e-03
-7.900679999999999986e-04 1.462399999999999985e-03
-9.194230000000000501e-04 1.658849999999999908e-03
-9.113930000000000338e-04 1.523800000000000068e-03
-7.841140000000000349e-04 1.040569999999999993e-03
-5.473779999999999488e-04 2.979349999999999859e-04
-2.116289999999999892e-04 -5.036010000000000052e-04
1.879779999999999949e-04 -1.141630000000000032e-03
5.900859999999999743e-04 -1.490159999999999922e-03
9.249899999999999919e-04 -1.547570000000000065e-03
1.125569999999999999e-03 -1.379079999999999976e-03
1.134159999999999942e-03 -1.062119999999999948e-03
9.245850000000000119e-04 -6.570939999999999941e-04
5.255770000000000537e-04 -1.645329999999999915e-04
1.641650000000000113e-05 4.390069999999999932e-04
-4.994240000000000484e-04 1.086420000000000051e-03
-9.215379999999999579e-04 1.618550000000000067e-03
-1.177209999999999932e-03 1.868499999999999935e-03
-1.235119999999999925e-03 1.710820000000000049e-03
-1.097179999999999900e-03 1.124489999999999908e-03
-7.830219999999999715e-04 2.485060000000000090e-04
-3.288739999999999958e-04 -6.443900000000000019e-04
2.056799999999999959e-04 -1.295249999999999960e-03
7.420289999999999525e-04 -1.615759999999999939e-03
1.191929999999999899e-03 -1.661570000000000017e-03
1.458709999999999998e-03 -1.493750000000000069e-03
1.451040000000000012e-03 -1.120160000000000036e-03
1.131319999999999895e-03 -5.609820000000000171e-04
5.605360000000000420e-04 1.171640000000000051e-04
-1.202369999999999942e-04 8.236520000000000213e-04
-7.590910000000000409e-04 1.436570000000000078e-03
-1.243989999999999940e-03 1.811249999999999926e-03
-1.505030000000000083e-03 1.801389999999999936e-03
-1.502209999999999917e-03 1.354369999999999923e-03
-1.232089999999999921e-03 5.877529999999999951e-04
-7.373049999999999483e-04 -2.698670000000000235e-04
-9.690510000000000161e-05 -9.811480000000000461e-04
5.884669999999999615e-04 -1.402070000000000052e-03
1.200040000000000091e-03 -1.512260000000000080e-03
1.605649999999999916e-03 -1.352090000000000019e-03
1.691379999999999923e-03 -9.981589999999999820e-04
1.415129999999999904e-03 -5.460309999999999903e-04
8.336829999999999935e-04 -2.240670000000000012e-05
7.821019999999999871e-05 5.745190000000000062e-04
-6.869069999999999473e-04 1.147929999999999914e-03
-1.295539999999999973e-03 1.487000000000000040e-03
-1.618630000000000025e-03 1.426490000000000093e-03
-1.608840000000000053e-03 9.991390000000000167e-04
-1.303660000000000105e-03 3.704700000000000224e-04
-7.771250000000000380e-04 -2.646950000000000127e-04
-1.047400000000000035e-04 -7.619890000000000257e-04
6.186870000000000347e-04 -1.044170000000000081e-03
1.250599999999999932e-03 -1.059819999999999946e-03
1.628059999999999967e-03 -8.527769999999999838e-04
1.644429999999999894e-03 -5.473360000000000464e-04
1.296389999999999912e-03 -2.153520000000000076e-04
6.707969999999999948e-04 1.083839999999999977e-04
-8.334300000000000486e-05 3.494300000000000205e-04
-7.853380000000000083e-04 4.736039999999999738e-04
-1.276819999999999908e-03 5.181289999999999854e-04
-1.469100000000000093e-03 4.869809999999999916e-04
-1.348220000000000017e-03 3.764740000000000144e-04
-9.587750000000000352e-04 2.099299999999999907e-04
-3.908350000000000214e-04 1.600500000000000008e-05
2.308470000000000075e-04 -1.225069999999999978e-04
7.673960000000000503e-04 -1.267999999999999921e-04
1.106379999999999907e-03 -6.709779999999999987e-05
1.195510000000000106e-03 -7.059829999999999795e-05
1.036559999999999955e-03 -1.874669999999999993e-04
6.674679999999999459e-04 -3.765749999999999783e-04
1.693090000000000014e-04 -5.600190000000000333e-04
-3.270610000000000184e-04 -6.816730000000000445e-04
-6.842760000000000465e-04 -6.312489999999999594e-04
-8.268429999999999573e-04 -3.401640000000000046e-04
-7.588270000000000041e-04 1.074210000000000003e-04
-5.327840000000000137e-04 5.566720000000000262e-04
-2.273520000000000011e-04 8.770680000000000533e-04
6.411850000000000622e-05 9.880399999999999253e-04
2.652539999999999781e-04 8.428589999999999477e-04
3.480940000000000184e-04 5.084059999999999838e-04
3.306359999999999833e-04 7.676040000000000456e-05
2.569010000000000260e-04 -4.190040000000000019e-04
1.726730000000000051e-04 -8.732349999999999834e-04
1.016630000000000056e-04 -1.123960000000000020e-03
4.705200000000000284e-05 -1.071920000000000078e-03
1.601430000000000014e-05 -7.708469999999999602e-04
2.062919999999999893e-05 -3.098059999999999811e-04
4.449999999999999746e-05 2.639179999999999760e-04
4.298659999999999938e-05 7.705330000000000035e-04
-8.475770000000000675e-06 1.005669999999999958e-03
-9.704310000000000605e-05 9.189499999999999752e-04
-1.983940000000000117e-04 5.776139999999999487e-04
-2.860070000000000147e-04 1.166769999999999944e-04
-3.204589999999999891e-04 -3.063009999999999800e-04
-2.629560000000000079e-04 -5.491540000000000483e-04
-1.105949999999999940e-04 -5.551420000000000052e-04
9.321030000000000439e-05 -3.869009999999999875e-04
2.828600000000000125e-04 -1.500589999999999943e-04
3.998559999999999745e-04 4.962340000000000333e-05
4.128210000000000104e-04 1.190869999999999933e-04
3.239389999999999761e-04 7.076299999999999995e-05
1.602039999999999996e-04 1.083619999999999969e-05
-3.409930000000000063e-05 -9.110999999999999673e-06
-2.030310000000000014e-04 -1.662889999999999930e-06
-3.035199999999999942e-04 4.494660000000000094e-05
-3.298509999999999832e-04 1.332259999999999879e-04
-3.007279999999999979e-04 2.164719999999999969e-04
-2.295920000000000068e-04 2.464119999999999982e-04
-1.218809999999999940e-04 2.017409999999999917e-04
8.000840000000000802e-06 8.506299999999999517e-05
1.330629999999999964e-04 -7.447690000000000516e-05
2.266699999999999965e-04 -2.254660000000000128e-04
2.729160000000000006e-04 -3.160719999999999784e-04
2.673059999999999781e-04 -3.191550000000000029e-04
2.148779999999999983e-04 -2.428110000000000034e-04
1.289589999999999964e-04 -1.199769999999999933e-04
2.744880000000000052e-05 8.149190000000000830e-06
-7.254730000000000250e-05 1.085890000000000000e-04
-1.572190000000000002e-04 1.685889999999999947e-04
-2.148399999999999962e-04 1.936759999999999936e-04
-2.349290000000000135e-04 1.952730000000000123e-04
-2.111609999999999930e-04 1.795060000000000123e-04
-1.462620000000000033e-04 1.435870000000000061e-04
-5.396420000000000080e-05 8.084640000000000576e-05
4.452360000000000177e-05 -8.756220000000000675e-06
1.275240000000000076e-04 -1.100969999999999998e-04
1.794479999999999936e-04 -1.942579999999999958e-04
1.942280000000000113e-04 -2.317189999999999951e-04
1.749300000000000074e-04 -2.093820000000000089e-04
1.303119999999999951e-04 -1.397819999999999976e-04
7.029449999999999588e-05 -5.263379999999999741e-05
2.912700000000000082e-06 2.577400000000000090e-05
-6.512869999999999868e-05 8.414680000000000553e-05
-1.250799999999999883e-04 1.230129999999999960e-04
-1.646069999999999912e-04 1.457739999999999904e-04
-1.718400000000000081e-04 1.515549999999999948e-04
-1.425560000000000087e-04 1.350350000000000107e-04
-8.416369999999999516e-05 9.262419999999999996e-05
-1.291679999999999973e-05 2.902579999999999914e-05
5.337899999999999834e-05 -4.180480000000000334e-05
1.020810000000000006e-04 -1.021339999999999949e-04
1.281920000000000086e-04 -1.379990000000000047e-04
1.324069999999999945e-04 -1.438509999999999886e-04
1.173889999999999970e-04 -1.224809999999999950e-04
8.554490000000000152e-05 -8.177550000000000335e-05
3.980599999999999801e-05 -3.106880000000000313e-05
-1.402100000000000010e-05 2.101330000000000090e-05
-6.625439999999999368e-05 6.699659999999999481e-05
-1.054090000000000067e-04 1.003619999999999990e-04
-1.223929999999999918e-04 1.158900000000000034e-04
-1.141259999999999980e-04 1.108090000000000024e-04
-8.437980000000000144e-05 8.600330000000000377e-05
-4.161940000000000339e-05 4.632109999999999938e-05
4.496969999999999908e-06 -3.784580000000000131e-07
4.588290000000000077e-05 -4.505580000000000321e-05
7.696980000000000293e-05 -7.949490000000000354e-05
9.425640000000000103e-05 -9.790420000000000361e-05
9.571410000000000573e-05 -9.783060000000000486e-05
8.096099999999999955e-05 -8.034179999999999707e-05
5.207020000000000165e-05 -4.955780000000000178e-05
1.408820000000000006e-05 -1.168180000000000054e-05
-2.557719999999999967e-05 2.625950000000000159e-05
-5.894300000000000131e-05 5.770309999999999985e-05
-7.963830000000000626e-05 7.761349999999999814e-05
-8.447849999999999424e-05 8.316479999999999359e-05
-7.384120000000000039e-05 7.402249999999999813e-05
-5.096120000000000261e-05 5.228499999999999831e-05
-2.073950000000000023e-05 2.213060000000000119e-05
1.134740000000000083e-05 -1.084490000000000013e-05
4.000639999999999698e-05 -4.059749999999999882e-05
6.067660000000000111e-05 -6.179149999999999953e-05
