-2.232619999999999844e-08 8.223990000000000309e-07
-1.491200000000000012e-07 3.013199999999999797e-06
-4.933630000000000484e-07 5.339079999999999710e-06
-1.182349999999999996e-06 9.388380000000000057e-06
-2.566340000000000149e-06 2.170210000000000013e-05
-5.567789999999999592e-06 4.942289999999999737e-05
-1.170829999999999935e-05 9.142970000000000318e-05
-2.233890000000000054e-05 1.308269999999999995e-04
-3.730200000000000302e-05 1.460169999999999947e-04
-5.381829999999999936e-05 1.200800000000000023e-04
-6.608100000000000649e-05 4.483799999999999998e-05
-6.613959999999999945e-05 -6.317879999999999894e-05
-4.666190000000000127e-05 -1.653749999999999947e-04
-4.702050000000000153e-06 -2.299509999999999944e-04
5.573520000000000129e-05 -2.565320000000000165e-04
1.240249999999999925e-04 -2.733859999999999741e-04
1.861750000000000124e-04 -3.119269999999999834e-04
2.296119999999999964e-04 -3.799520000000000241e-04
2.473330000000000255e-04 -4.476530000000000049e-04
2.390500000000000101e-04 -4.544980000000000114e-04
2.085160000000000073e-04 -3.512459999999999910e-04
1.591920000000000032e-04 -1.490659999999999989e-04
9.156769999999999406e-05 8.957980000000000586e-05
3.768240000000000025e-06 3.032050000000000218e-04
-1.046079999999999986e-04 4.599250000000000256e-04
-2.268220000000000045e-04 5.547720000000000342e-04
-3.453390000000000084e-04 6.047370000000000479e-04
-4.347199999999999849e-04 6.364460000000000386e-04
-4.715750000000000107e-04 6.656220000000000452e-04
-4.461299999999999858e-04 6.858679999999999595e-04
-3.674689999999999879e-04 6.643870000000000071e-04
-2.578219999999999991e-04 5.453819999999999632e-04
-1.392440000000000106e-04 2.955829999999999786e-04
-2.247109999999999903e-05 -5.002410000000000103e-05
9.467869999999999867e-05 -4.174620000000000089e-04
2.198819999999999930e-04 -7.370210000000000303e-04
3.553650000000000103e-04 -9.577280000000000298e-04
4.898889999999999712e-04 -1.059819999999999946e-03
5.986919999999999525e-04 -1.058150000000000106e-03
6.521110000000000318e-04 -9.852769999999998977e-04
6.285559999999999498e-04 -8.710979999999999461e-04
5.247360000000000392e-04 -7.243419999999999980e-04
3.574779999999999950e-04 -5.311349999999999622e-04
1.565819999999999994e-04 -2.787649999999999915e-04
-4.683959999999999789e-05 3.284979999999999845e-05
-2.303290000000000101e-04 3.825030000000000205e-04
-3.833339999999999860e-04 7.169550000000000228e-04
-5.029260000000000024e-04 9.686680000000000030e-04
-5.864470000000000316e-04 1.096280000000000041e-03
-6.274170000000000138e-04 1.112130000000000020e-03
-6.175930000000000482e-04 1.058600000000000036e-03
-5.525519999999999911e-04 9.580650000000000234e-04
-4.360729999999999836e-04 7.947279999999999709e-04
-2.804910000000000085e-04 5.354370000000000440e-04
-1.034910000000000024e-04 1.830729999999999868e-04
7.643209999999999620e-05 -2.060080000000000103e-04
2.447330000000000165e-04 -5.824959999999999470e-04
3.943069999999999908e-04 -9.209179999999999536e-04
5.238159999999999735e-04 -1.182349999999999981e-03
6.302909999999999459e-04 -1.325009999999999947e-03
7.019500000000000132e-04 -1.315799999999999999e-03
7.180210000000000021e-04 -1.145790000000000046e-03
6.577179999999999528e-04 -8.664890000000000179e-04
5.133260000000000383e-04 -5.573730000000000047e-04
2.978410000000000237e-04 -2.627169999999999853e-04
4.159720000000000214e-05 3.470059999999999773e-05
-2.189840000000000027e-04 3.796180000000000236e-04
-4.523099999999999842e-04 7.739500000000000286e-04
-6.366810000000000525e-04 1.155739999999999936e-03
-7.602289999999999612e-04 1.437080000000000085e-03
-8.188660000000000166e-04 1.551910000000000095e-03
-8.133180000000000487e-04 1.478630000000000092e-03
-7.451060000000000452e-04 1.233170000000000013e-03
-6.131970000000000042e-04 8.498139999999999514e-04
-4.146709999999999741e-04 3.609829999999999962e-04
-1.507149999999999961e-04 -1.990069999999999871e-04
1.647390000000000096e-04 -7.644760000000000444e-04
4.997470000000000384e-04 -1.245259999999999987e-03
8.080449999999999655e-04 -1.573860000000000059e-03
1.040960000000000062e-03 -1.721639999999999976e-03
1.160240000000000099e-03 -1.689680000000000045e-03
1.144999999999999967e-03 -1.497440000000000056e-03
9.924689999999999467e-04 -1.175950000000000042e-03
7.157609999999999797e-04 -7.265589999999999939e-04
3.412709999999999789e-04 -1.395140000000000063e-04
-9.222449999999999767e-05 5.183699999999999853e-04
-5.346290000000000070e-04 1.145200000000000081e-03
-9.303990000000000480e-04 1.649049999999999995e-03
-1.228509999999999932e-03 1.960710000000000057e-03
-1.391260000000000066e-03 2.055420000000000077e-03
-1.397980000000000056e-03 1.931489999999999900e-03
-1.244000000000000097e-03 1.581680000000000022e-03
-9.385199999999999793e-04 1.003289999999999998e-03
-5.044329999999999864e-04 2.118269999999999897e-04
2.044910000000000044e-05 -7.122629999999999803e-04
5.820359999999999683e-04 -1.565170000000000059e-03
1.111250000000000042e-03 -2.139649999999999885e-03
1.531950000000000022e-03 -2.345100000000000136e-03
1.774020000000000067e-03 -2.216029999999999910e-03
1.786660000000000028e-03 -1.863309999999999966e-03
1.548440000000000103e-03 -1.356970000000000095e-03
1.073879999999999930e-03 -7.116629999999999658e-04
4.180550000000000216e-04 4.086180000000000237e-05
-3.257439999999999902e-04 8.634790000000000043e-04
-1.042750000000000057e-03 1.698520000000000021e-03
-1.623920000000000051e-03 2.396350000000000216e-03
-1.989509999999999890e-03 2.770879999999999871e-03
-2.097589999999999871e-03 2.669719999999999992e-03
-1.937399999999999929e-03 2.058449999999999863e-03
-1.519020000000000049e-03 1.082969999999999940e-03
-8.711240000000000303e-04 -5.530030000000000313e-05
-4.869010000000000330e-05 -1.144929999999999949e-03
8.548279999999999681e-04 -1.989799999999999902e-03
1.704840000000000001e-03 -2.493840000000000206e-03
2.345470000000000107e-03 -2.667140000000000136e-03
2.640500000000000052e-03 -2.584830000000000200e-03
2.517109999999999920e-03 -2.278660000000000060e-03
1.988970000000000061e-03 -1.679189999999999893e-03
1.148240000000000025e-03 -7.252549999999999535e-04
1.357730000000000026e-04 4.950630000000000135e-04
-8.940320000000000081e-04 1.758479999999999982e-03
-1.801349999999999956e-03 2.791420000000000186e-03
-2.474599999999999977e-03 3.345330000000000092e-03
-2.829659999999999901e-03 3.267669999999999863e-03
-2.804459999999999939e-03 2.561019999999999790e-03
-2.364080000000000174e-03 1.420360000000000069e-03
-1.522670000000000056e-03 1.506389999999999921e-04
-3.697439999999999755e-04 -9.913019999999998950e-04
9.218269999999999546e-04 -1.882290000000000005e-03
2.120850000000000079e-03 -2.497839999999999869e-03
2.991939999999999791e-03 -2.840249999999999893e-03
3.359360000000000037e-03 -2.891509999999999914e-03
3.154319999999999954e-03 -2.571299999999999888e-03
2.425969999999999949e-03 -1.785930000000000026e-03
1.316129999999999991e-03 -5.732530000000000221e-04
1.550140000000000036e-05 8.542890000000000466e-04
-1.278190000000000012e-03 2.181090000000000112e-03
-2.385550000000000170e-03 3.071749999999999828e-03
-3.152929999999999969e-03 3.292970000000000098e-03
-3.455049999999999875e-03 2.830060000000000128e-03
-3.210030000000000001e-03 1.905540000000000055e-03
-2.410559999999999960e-03 8.337180000000000025e-04
-1.153640000000000047e-03 -1.874289999999999973e-04
3.551800000000000248e-04 -1.109930000000000075e-03
1.834839999999999909e-03 -1.906640000000000027e-03
2.992139999999999904e-03 -2.478419999999999842e-03
3.596629999999999966e-03 -2.704989999999999999e-03
3.541279999999999949e-03 -2.507860000000000211e-03
2.863940000000000149e-03 -1.865759999999999945e-03
1.721359999999999904e-03 -8.510619999999999774e-04
3.340279999999999942e-04 3.485210000000000196e-04
-1.066429999999999939e-03 1.433129999999999907e-03
-2.266629999999999947e-03 2.118140000000000127e-03
-3.083460000000000107e-03 2.295199999999999844e-03
-3.378009999999999867e-03 2.049200000000000153e-03
-3.082039999999999867e-03 1.568699999999999912e-03
-2.229140000000000114e-03 1.008360000000000029e-03
-9.699300000000000326e-04 4.248090000000000047e-04
4.462180000000000161e-04 -1.652459999999999964e-04
1.725890000000000106e-03 -7.494000000000000010e-04
2.609370000000000179e-03 -1.300469999999999968e-03
2.941210000000000092e-03 -1.691290000000000024e-03
2.702539999999999804e-03 -1.743329999999999966e-03
1.996599999999999851e-03 -1.400210000000000040e-03
1.003790000000000064e-03 -8.196289999999999956e-04
-6.960059999999999901e-05 -2.473150000000000131e-04
-1.033309999999999958e-03 1.870089999999999979e-04
-1.738600000000000085e-03 4.820219999999999735e-04
-2.088140000000000048e-03 6.951340000000000297e-04
-2.039969999999999891e-03 8.621959999999999694e-04
-1.615799999999999919e-03 9.833089999999999192e-04
-9.120140000000000538e-04 1.073270000000000083e-03
-9.559559999999999661e-05 1.084749999999999994e-03
6.340560000000000293e-04 9.046780000000000143e-04
1.109039999999999939e-03 5.028740000000000510e-04
1.250159999999999943e-03 -4.520640000000000140e-05
1.088680000000000073e-03 -6.477710000000000022e-04
7.430260000000000380e-04 -1.179300000000000096e-03
3.620210000000000225e-04 -1.491979999999999956e-03
6.513819999999999918e-05 -1.532860000000000038e-03
-9.160549999999999563e-05 -1.325390000000000075e-03
-1.164809999999999983e-04 -9.256310000000000015e-04
-5.976019999999999748e-05 -4.153079999999999749e-04
1.375879999999999946e-05 1.791379999999999915e-04
4.388499999999999742e-05 8.472529999999999601e-04
-1.230280000000000018e-05 1.437399999999999919e-03
-1.683789999999999950e-04 1.732229999999999968e-03
-4.004090000000000080e-04 1.608389999999999907e-03
-6.481710000000000119e-04 1.096140000000000005e-03
-8.261720000000000175e-04 3.341770000000000092e-04
-8.428430000000000210e-04 -5.169559999999999477e-04
-6.302150000000000503e-04 -1.216319999999999901e-03
-1.809419999999999898e-04 -1.544870000000000054e-03
4.274020000000000119e-04 -1.460319999999999977e-03
1.041730000000000043e-03 -1.072000000000000036e-03
1.478680000000000012e-03 -5.462940000000000114e-04
1.588489999999999911e-03 -3.457930000000000281e-05
1.311579999999999907e-03 3.399259999999999977e-04
7.029029999999999480e-04 5.665349999999999553e-04
-8.626779999999999421e-05 6.637410000000000272e-04
-8.565289999999999709e-04 5.915939999999999740e-04
-1.418809999999999950e-03 3.852090000000000180e-04
-1.646220000000000105e-03 1.657650000000000096e-04
-1.503170000000000070e-03 4.083410000000000262e-05
-1.043129999999999969e-03 -2.004969999999999881e-06
-3.839450000000000111e-04 5.426740000000000325e-06
3.212050000000000257e-04 9.986179999999999992e-05
9.133200000000000172e-04 1.973359999999999958e-04
1.263479999999999985e-03 1.472060000000000133e-04
1.307149999999999979e-03 -9.767580000000000424e-05
1.062100000000000067e-03 -4.721700000000000007e-04
6.214750000000000222e-04 -8.289589999999999893e-04
1.228260000000000061e-04 -1.007489999999999991e-03
-2.980810000000000078e-04 -8.900769999999999689e-04
-5.520469999999999544e-04 -4.667159999999999950e-04
-6.210939999999999864e-04 1.339450000000000059e-04
-5.527019999999999676e-04 7.221729999999999990e-04
-4.277870000000000023e-04 1.111130000000000104e-03
-3.175450000000000234e-04 1.160089999999999906e-03
-2.512670000000000051e-04 8.883709999999999957e-04
-2.125180000000000005e-04 4.687019999999999858e-04
-1.608059999999999915e-04 5.107319999999999747e-05
-6.110699999999999617e-05 -2.957169999999999742e-04
9.336339999999999451e-05 -5.145450000000000414e-04
2.738109999999999980e-04 -5.788139999999999778e-04
4.282380000000000019e-04 -5.275990000000000150e-04
5.070320000000000339e-04 -4.242569999999999870e-04
4.860210000000000008e-04 -3.176750000000000103e-04
3.742220000000000095e-04 -2.285649999999999910e-04
2.048399999999999971e-04 -1.480399999999999988e-04
1.814360000000000023e-05 -5.371269999999999821e-05
-1.525710000000000000e-04 6.822940000000000103e-05
-2.860609999999999976e-04 2.105909999999999900e-04
-3.709900000000000242e-04 3.448710000000000122e-04
-4.020629999999999755e-04 4.327739999999999734e-04
-3.783950000000000117e-04 4.408430000000000074e-04
-3.042070000000000234e-04 3.564490000000000020e-04
-1.897889999999999950e-04 1.987799999999999908e-04
-5.106159999999999914e-05 1.226399999999999981e-05
9.245189999999999485e-05 -1.540029999999999958e-04
2.203720000000000104e-04 -2.663710000000000014e-04
3.140969999999999982e-04 -3.166460000000000173e-04
3.592900000000000108e-04 -3.186579999999999838e-04
3.484820000000000018e-04 -2.937290000000000061e-04
2.834490000000000165e-04 -2.536910000000000076e-04
1.760529999999999897e-04 -1.935089999999999933e-04
4.629360000000000007e-05 -1.002679999999999961e-04
-8.241429999999999459e-05 2.796480000000000032e-05
-1.890519999999999918e-04 1.684230000000000102e-04
-2.594890000000000087e-04 2.805029999999999807e-04
-2.880849999999999904e-04 3.305200000000000000e-04
-2.763579999999999856e-04 3.099889999999999894e-04
-2.299950000000000095e-04 2.351999999999999978e-04
-1.561739999999999992e-04 1.342270000000000008e-04
-6.285989999999999763e-05 3.164179999999999917e-05
3.986839999999999931e-05 -5.950800000000000013e-05
1.383479999999999975e-04 -1.358329999999999987e-04
2.161580000000000131e-04 -1.961979999999999941e-04
2.581570000000000154e-04 -2.357150000000000022e-04
2.559659999999999952e-04 -2.455690000000000065e-04
2.115650000000000115e-04 -2.182189999999999922e-04
1.365329999999999886e-04 -1.537390000000000132e-04
4.733570000000000149e-05 -6.266459999999999630e-05
-4.044209999999999689e-05 3.660900000000000135e-05
-1.156279999999999981e-04 1.242260000000000131e-04
-1.715110000000000050e-04 1.852900000000000098e-04
-2.037660000000000003e-04 2.130909999999999966e-04
-2.088720000000000019e-04 2.083309999999999947e-04
-1.846879999999999908e-04 1.760379999999999974e-04
-1.327149999999999923e-04 1.227219999999999949e-04
-6.002389999999999972e-05 5.533199999999999810e-05
2.106920000000000150e-05 -1.822989999999999973e-05
9.592290000000000278e-05 -8.850719999999999855e-05
1.516859999999999975e-04 -1.451350000000000123e-04
1.805370000000000098e-04 -1.789050000000000091e-04
1.807000000000000012e-04 -1.842790000000000020e-04
1.552880000000000081e-04 -1.610129999999999981e-04
1.102189999999999962e-04 -1.141300000000000067e-04
5.252539999999999689e-05 -5.241469999999999810e-05
-1.030500000000000044e-05 1.377049999999999970e-05
-7.033840000000000404e-05 7.446850000000000030e-05
-1.193989999999999998e-04 1.214780000000000048e-04
-1.500720000000000092e-04 1.490759999999999937e-04
-1.573599999999999977e-04 1.543629999999999991e-04
-1.402230000000000024e-04 1.374159999999999867e-04
-1.021250000000000022e-04 1.012699999999999977e-04
-5.022649999999999760e-05 5.159420000000000146e-05
6.432169999999999607e-06 -4.028649999999999960e-06
5.896909999999999755e-05 -5.721379999999999760e-05
1.001670000000000051e-04 -1.000930000000000054e-04
