-4.123740000000000237e-08 7.760300000000000476e-07
-2.363640000000000114e-07 2.748440000000000065e-06
-6.394220000000000462e-07 4.635090000000000035e-06
-1.272270000000000102e-06 8.044520000000000357e-06
-2.615979999999999897e-06 1.905769999999999882e-05
-5.896040000000000219e-06 4.352709999999999869e-05
-1.233780000000000070e-05 7.908920000000000164e-05
-2.169859999999999923e-05 1.095100000000000001e-04
-3.173739999999999873e-05 1.165190000000000003e-04
-3.923749999999999829e-05 8.759779999999999672e-05
-4.075580000000000034e-05 1.791390000000000140e-05
-3.280180000000000162e-05 -7.525450000000000260e-05
-1.311200000000000084e-05 -1.564720000000000021e-04
1.777290000000000055e-05 -2.002340000000000077e-04
5.658349999999999789e-05 -2.112629999999999998e-04
9.824090000000000329e-05 -2.172529999999999882e-04
1.359020000000000009e-04 -2.438850000000000002e-04
1.612639999999999929e-04 -2.936559999999999952e-04
1.671479999999999928e-04 -3.377459999999999881e-04
1.508400000000000127e-04 -3.248400000000000137e-04
1.150389999999999941e-04 -2.195859999999999945e-04
6.618250000000000543e-05 -4.314639999999999741e-05
1.110760000000000017e-05 1.439020000000000056e-04
-4.724179999999999889e-05 2.930310000000000206e-04
-1.106579999999999966e-04 3.873130000000000236e-04
-1.790370000000000004e-04 4.309830000000000171e-04
-2.423190000000000088e-04 4.431770000000000024e-04
-2.820179999999999822e-04 4.477230000000000229e-04
-2.829229999999999744e-04 4.556930000000000160e-04
-2.439010000000000082e-04 4.588209999999999901e-04
-1.780239999999999882e-04 4.298039999999999933e-04
-1.025439999999999994e-04 3.262119999999999864e-04
-2.851709999999999841e-05 1.290259999999999942e-04
4.092350000000000214e-05 -1.240900000000000130e-04
1.065830000000000060e-04 -3.744819999999999833e-04
1.709969999999999893e-04 -5.775619999999999973e-04
2.362529999999999893e-04 -7.031350000000000230e-04
2.983870000000000012e-04 -7.414019999999999465e-04
3.441110000000000262e-04 -7.084949999999999581e-04
3.563530000000000083e-04 -6.335240000000000012e-04
3.250349999999999941e-04 -5.409780000000000101e-04
2.533289999999999999e-04 -4.354629999999999742e-04
1.547549999999999913e-04 -3.033679999999999862e-04
4.588330000000000164e-05 -1.354489999999999969e-04
-5.921860000000000253e-05 6.780269999999999375e-05
-1.515719999999999915e-04 2.927939999999999753e-04
-2.269879999999999890e-04 5.024810000000000431e-04
-2.832590000000000064e-04 6.500549999999999688e-04
-3.178510000000000168e-04 7.121890000000000078e-04
-3.287189999999999947e-04 7.086189999999999590e-04
-3.159999999999999832e-04 6.756620000000000507e-04
-2.808449999999999987e-04 6.228969999999999689e-04
-2.233910000000000030e-04 5.259779999999999707e-04
-1.445259999999999915e-04 3.518729999999999970e-04
-5.066960000000000019e-05 1.059080000000000031e-04
4.518170000000000145e-05 -1.608839999999999999e-04
1.316979999999999984e-04 -4.134830000000000254e-04
2.090790000000000085e-04 -6.410780000000000037e-04
2.846920000000000180e-04 -8.154339999999999722e-04
3.572499999999999829e-04 -9.049849999999999691e-04
4.098630000000000025e-04 -8.866199999999999646e-04
4.200569999999999933e-04 -7.548980000000000490e-04
3.759170000000000263e-04 -5.526739999999999604e-04
2.830749999999999825e-04 -3.414070000000000060e-04
1.573649999999999951e-04 -1.490910000000000130e-04
1.347149999999999968e-05 4.621569999999999867e-05
-1.375489999999999938e-04 2.840690000000000207e-04
-2.818100000000000140e-04 5.632579999999999662e-04
-3.992660000000000089e-04 8.308340000000000213e-04
-4.716480000000000217e-04 1.018019999999999906e-03
-4.935550000000000137e-04 1.077400000000000059e-03
-4.725260000000000224e-04 9.979809999999999983e-04
-4.172080000000000211e-04 7.980590000000000513e-04
-3.273799999999999996e-04 5.082020000000000244e-04
-1.965649999999999993e-04 1.516649999999999921e-04
-2.361599999999999886e-05 -2.507340000000000155e-04
1.774169999999999990e-04 -6.488709999999999747e-04
3.770569999999999781e-04 -9.686750000000000048e-04
5.411209999999999848e-04 -1.157859999999999922e-03
6.440109999999999975e-04 -1.200600000000000018e-03
6.732650000000000396e-04 -1.108910000000000061e-03
6.251139999999999648e-04 -9.119879999999999697e-04
5.008890000000000217e-04 -6.466409999999999910e-04
3.082709999999999899e-04 -3.130979999999999896e-04
6.359730000000000179e-05 1.046910000000000044e-04
-2.046879999999999891e-04 5.516720000000000131e-04
-4.563279999999999854e-04 9.472480000000000353e-04
-6.511680000000000376e-04 1.228240000000000018e-03
-7.637730000000000343e-04 1.354130000000000047e-03
-7.867220000000000072e-04 1.323670000000000098e-03
-7.226739999999999726e-04 1.152159999999999946e-03
-5.759050000000000367e-04 8.429950000000000290e-04
-3.526550000000000041e-04 3.969369999999999843e-04
-6.829740000000000106e-05 -1.761959999999999915e-04
2.476910000000000244e-04 -8.125300000000000014e-04
5.516230000000000005e-04 -1.340849999999999985e-03
7.932129999999999693e-04 -1.604299999999999910e-03
9.325369999999999927e-04 -1.566150000000000094e-03
9.518699999999999514e-04 -1.297020000000000074e-03
8.504639999999999943e-04 -9.178590000000000360e-04
6.319890000000000100e-04 -4.924909999999999574e-04
3.047109999999999901e-04 -2.676199999999999890e-05
-1.000040000000000000e-04 4.584920000000000141e-04
-5.162850000000000078e-04 9.461769999999999773e-04
-8.636089999999999912e-04 1.407440000000000037e-03
-1.079789999999999960e-03 1.730159999999999901e-03
-1.136520000000000022e-03 1.781599999999999937e-03
-1.034079999999999938e-03 1.477259999999999988e-03
-7.899060000000000499e-04 8.430589999999999525e-04
-4.332709999999999925e-04 4.500250000000000154e-05
-2.249310000000000069e-06 -7.486139999999999852e-04
4.597779999999999879e-04 -1.393249999999999957e-03
8.984019999999999680e-04 -1.766149999999999968e-03
1.241050000000000052e-03 -1.835089999999999942e-03
1.409169999999999954e-03 -1.657000000000000053e-03
1.349259999999999913e-03 -1.335339999999999964e-03
1.057980000000000032e-03 -9.203840000000000025e-04
5.814229999999999659e-04 -3.671409999999999734e-04
-1.838059999999999983e-06 3.544740000000000217e-04
-5.945600000000000537e-04 1.147299999999999969e-03
-1.095330000000000045e-03 1.832779999999999999e-03
-1.423970000000000097e-03 2.234509999999999882e-03
-1.541520000000000000e-03 2.221669999999999808e-03
-1.443660000000000039e-03 1.747049999999999992e-03
-1.139229999999999974e-03 8.857599999999999762e-04
-6.457639999999999518e-04 -1.428640000000000064e-04
-9.171750000000000744e-06 -1.066249999999999924e-03
6.813519999999999776e-04 -1.702020000000000052e-03
1.305390000000000023e-03 -2.008100000000000076e-03
1.740030000000000049e-03 -2.023259999999999816e-03
1.887500000000000072e-03 -1.802049999999999919e-03
1.699489999999999898e-03 -1.388040000000000107e-03
1.196199999999999911e-03 -7.782719999999999916e-04
4.669510000000000089e-04 4.297949999999999736e-05
-3.515680000000000194e-04 9.901470000000000323e-04
-1.109919999999999917e-03 1.865099999999999961e-03
-1.681079999999999944e-03 2.438870000000000100e-03
-1.981319999999999956e-03 2.516109999999999788e-03
-1.969670000000000188e-03 2.019969999999999839e-03
-1.639709999999999952e-03 1.066200000000000004e-03
-1.022439999999999894e-03 -5.360910000000000143e-05
-1.971259999999999961e-04 -1.026870000000000040e-03
7.097600000000000350e-04 -1.701500000000000104e-03
1.542629999999999913e-03 -2.080709999999999938e-03
2.139359999999999873e-03 -2.184750000000000060e-03
2.358129999999999948e-03 -1.983369999999999925e-03
2.120990000000000115e-03 -1.465130000000000035e-03
1.459030000000000049e-03 -6.825460000000000207e-04
5.150460000000000151e-04 2.683459999999999817e-04
-5.101630000000000010e-04 1.240149999999999976e-03
-1.425580000000000076e-03 2.032780000000000090e-03
-2.084040000000000111e-03 2.413039999999999977e-03
-2.382899999999999862e-03 2.237010000000000214e-03
-2.266189999999999958e-03 1.566789999999999980e-03
-1.740819999999999911e-03 6.269179999999999631e-04
-8.866870000000000437e-04 -3.146220000000000245e-04
1.530090000000000118e-04 -1.068439999999999928e-03
1.193220000000000044e-03 -1.559760000000000096e-03
2.031020000000000134e-03 -1.767380000000000036e-03
2.481010000000000073e-03 -1.709500000000000082e-03
2.430159999999999786e-03 -1.439090000000000074e-03
1.884119999999999979e-03 -9.550770000000000310e-04
9.670300000000000163e-04 -2.362599999999999911e-04
-1.200200000000000062e-04 6.178579999999999923e-04
-1.150439999999999970e-03 1.347880000000000085e-03
-1.920389999999999901e-03 1.699430000000000038e-03
-2.294360000000000063e-03 1.614999999999999899e-03
-2.229510000000000085e-03 1.200050000000000032e-03
-1.761479999999999947e-03 6.212979999999999458e-04
-9.752880000000000446e-04 2.253919999999999928e-05
2.526439999999999904e-06 -4.898440000000000216e-04
9.923399999999999756e-04 -8.115019999999999699e-04
1.776760000000000058e-03 -9.313820000000000215e-04
2.167849999999999812e-03 -9.332739999999999959e-04
2.080240000000000127e-03 -8.516290000000000145e-04
1.554639999999999928e-03 -6.731130000000000316e-04
7.347540000000000061e-04 -4.340099999999999731e-04
-1.768050000000000123e-04 -1.701820000000000047e-04
-9.743990000000000333e-04 1.192100000000000055e-04
-1.501020000000000045e-03 3.897069999999999874e-04
-1.676659999999999956e-03 5.849129999999999477e-04
-1.502429999999999911e-03 6.742430000000000428e-04
-1.047280000000000042e-03 6.430669999999999876e-04
-4.277290000000000107e-04 5.547380000000000410e-04
2.133840000000000021e-04 4.947870000000000046e-04
7.387480000000000088e-04 4.118580000000000266e-04
1.053099999999999956e-03 1.974880000000000038e-04
1.118429999999999902e-03 -1.730690000000000060e-04
9.479990000000000422e-04 -6.195729999999999987e-04
6.024850000000000431e-04 -1.022539999999999951e-03
1.894759999999999999e-04 -1.295359999999999958e-03
-1.640979999999999999e-04 -1.303729999999999906e-03
-3.692629999999999914e-04 -9.565049999999999638e-04
-4.117699999999999963e-04 -3.367099999999999932e-04
-3.392240000000000034e-04 3.636830000000000076e-04
-2.249110000000000020e-04 9.579789999999999703e-04
-1.378770000000000082e-04 1.319370000000000048e-03
-1.199630000000000032e-04 1.366880000000000005e-03
-1.707900000000000097e-04 1.137599999999999896e-03
-2.500399999999999845e-04 7.057640000000000007e-04
-2.945420000000000134e-04 1.045509999999999956e-04
-2.486069999999999730e-04 -5.448399999999999944e-04
-9.718009999999999474e-05 -1.049349999999999892e-03
1.273000000000000043e-04 -1.265660000000000049e-03
3.715400000000000104e-04 -1.201440000000000017e-03
5.852709999999999467e-04 -9.043159999999999523e-04
7.145289999999999888e-04 -3.842690000000000168e-04
7.001390000000000131e-04 1.961420000000000069e-04
5.117480000000000206e-04 6.083180000000000531e-04
1.774529999999999966e-04 7.520200000000000539e-04
-2.255860000000000048e-04 6.522869999999999840e-04
-5.999399999999999785e-04 4.129289999999999762e-04
-8.508510000000000162e-04 1.576380000000000110e-04
-9.067520000000000354e-04 -1.207590000000000029e-06
-7.452370000000000478e-04 -1.513770000000000077e-05
-4.093240000000000268e-04 6.338400000000000165e-05
4.244679999999999652e-06 1.425010000000000100e-04
3.818830000000000163e-04 1.339590000000000095e-04
6.361649999999999510e-04 -2.516030000000000032e-05
7.294040000000000116e-04 -2.798780000000000061e-04
6.678569999999999993e-04 -4.794919999999999825e-04
4.871829999999999737e-04 -5.427690000000000205e-04
2.436089999999999913e-04 -4.795290000000000229e-04
-2.906589999999999983e-06 -2.956130000000000172e-04
-2.126209999999999960e-04 -1.440159999999999947e-05
-3.706089999999999884e-04 2.825440000000000243e-04
-4.689779999999999947e-04 5.038090000000000276e-04
-4.946590000000000492e-04 5.926209999999999898e-04
-4.378060000000000025e-04 5.362540000000000058e-04
-3.063340000000000117e-04 3.625529999999999964e-04
-1.277360000000000116e-04 1.264609999999999942e-04
6.228980000000000118e-05 -1.083920000000000017e-04
2.314949999999999918e-04 -2.884709999999999965e-04
3.552289999999999831e-04 -3.865990000000000030e-04
4.164440000000000264e-04 -4.049209999999999810e-04
4.070489999999999851e-04 -3.651950000000000161e-04
3.303579999999999971e-04 -2.904769999999999770e-04
2.011070000000000110e-04 -1.909170000000000019e-04
4.238770000000000076e-05 -6.726629999999999665e-05
-1.181489999999999965e-04 7.533120000000000137e-05
-2.521360000000000268e-04 2.186260000000000037e-04
-3.358249999999999907e-04 3.325019999999999820e-04
-3.562740000000000113e-04 3.843709999999999965e-04
-3.146730000000000143e-04 3.536009999999999913e-04
-2.242310000000000017e-04 2.447039999999999936e-04
-1.043740000000000005e-04 8.972870000000000032e-05
2.463840000000000114e-05 -6.538840000000000570e-05
1.443439999999999990e-04 -1.831430000000000048e-04
2.386359999999999968e-04 -2.506370000000000061e-04
2.940579999999999822e-04 -2.760509999999999765e-04
3.009199999999999852e-04 -2.698819999999999887e-04
2.557300000000000198e-04 -2.337820000000000056e-04
1.646089999999999956e-04 -1.645010000000000027e-04
4.503960000000000157e-05 -6.373829999999999925e-05
-7.739749999999999885e-05 5.476200000000000187e-05
-1.772350000000000065e-04 1.663240000000000020e-04
-2.375470000000000077e-04 2.441829999999999760e-04
-2.533340000000000244e-04 2.705949999999999935e-04
-2.288330000000000095e-04 2.434340000000000006e-04
-1.723790000000000109e-04 1.747940000000000073e-04
-9.317799999999999455e-05 8.367199999999999443e-05
-1.405469999999999945e-06 -1.173190000000000028e-05
9.030390000000000118e-05 -9.771940000000000498e-05
1.668650000000000092e-04 -1.645580000000000057e-04
2.135799999999999981e-04 -2.046179999999999982e-04
2.207300000000000093e-04 -2.120640000000000079e-04
1.873619999999999995e-04 -1.846790000000000118e-04
1.219609999999999932e-04 -1.261520000000000078e-04
3.951309999999999951e-05 -4.678409999999999817e-05
-4.340569999999999677e-05 3.836170000000000237e-05
-1.129490000000000057e-04 1.131880000000000012e-04
-1.599670000000000085e-04 1.645530000000000083e-04
-1.797500000000000053e-04 1.849529999999999892e-04
-1.710059999999999955e-04 1.732410000000000037e-04
-1.355100000000000087e-04 1.337320000000000132e-04
-7.857080000000000336e-05 7.458560000000000634e-05
-9.379899999999999759e-06 6.188370000000000349e-06
5.989210000000000210e-05 -6.028510000000000325e-05
1.165289999999999951e-04 -1.142900000000000052e-04
1.503990000000000079e-04 -1.474190000000000060e-04
1.564260000000000097e-04 -1.548010000000000109e-04
1.353949999999999869e-04 -1.360049999999999963e-04
9.301130000000000172e-05 -9.511439999999999858e-05
3.793589999999999706e-05 -3.990410000000000306e-05
-2.021310000000000134e-05 1.967550000000000161e-05
-7.231609999999999698e-05 7.335429999999999663e-05
-1.106649999999999984e-04 1.123480000000000024e-04
-1.296840000000000004e-04 1.307880000000000088e-04
-1.266890000000000063e-04 1.265639999999999897e-04
-1.025499999999999990e-04 1.014669999999999960e-04
