-2.304350000000000051e-08 8.134989999999999975e-07
-1.530660000000000023e-07 2.959050000000000070e-06
-5.028719999999999517e-07 5.183939999999999871e-06
-1.196599999999999902e-06 9.077620000000000681e-06
-2.585530000000000045e-06 2.110829999999999914e-05
-5.600190000000000333e-06 4.815979999999999925e-05
-1.175820000000000035e-05 8.877970000000000653e-05
-2.235600000000000076e-05 1.261040000000000110e-04
-3.710920000000000039e-05 1.393210000000000032e-04
-5.306639999999999730e-05 1.128589999999999981e-04
-6.427329999999999328e-05 3.971210000000000218e-05
-6.277289999999999660e-05 -6.348989999999999669e-05
-4.152940000000000255e-05 -1.596919999999999883e-04
1.711849999999999966e-06 -2.198179999999999882e-04
6.200219999999999397e-05 -2.456760000000000107e-04
1.279329999999999964e-04 -2.652290000000000181e-04
1.853939999999999939e-04 -3.066550000000000244e-04
2.226429999999999891e-04 -3.734960000000000168e-04
2.342430000000000000e-04 -4.338880000000000037e-04
2.214919999999999996e-04 -4.297349999999999911e-04
1.888890000000000003e-04 -3.181050000000000045e-04
1.394549999999999989e-04 -1.165190000000000003e-04
7.260290000000000244e-05 1.108189999999999973e-04
-1.409489999999999951e-05 3.068920000000000155e-04
-1.201459999999999979e-04 4.474130000000000208e-04
-2.366450000000000086e-04 5.328279999999999475e-04
-3.440989999999999999e-04 5.799460000000000205e-04
-4.173280000000000132e-04 6.103210000000000406e-04
-4.363929999999999806e-04 6.337680000000000483e-04
-3.970059999999999865e-04 6.417079999999999486e-04
-3.128890000000000057e-04 6.050479999999999574e-04
-2.073830000000000031e-04 4.761960000000000194e-04
-9.966930000000000472e-05 2.303739999999999868e-04
4.124500000000000067e-06 -9.377739999999999427e-05
1.092359999999999956e-04 -4.264170000000000070e-04
2.230540000000000094e-04 -7.079950000000000002e-04
3.451179999999999981e-04 -8.982039999999999946e-04
4.619369999999999921e-04 -9.830789999999999841e-04
5.495600000000000441e-04 -9.764799999999999479e-04
5.828159999999999981e-04 -9.054409999999999932e-04
5.464520000000000054e-04 -7.942039999999999603e-04
4.421879999999999886e-04 -6.495379999999999600e-04
2.879350000000000138e-04 -4.603690000000000234e-04
1.101559999999999936e-04 -2.194610000000000050e-04
-6.594139999999999854e-05 6.898420000000000268e-05
-2.233840000000000012e-04 3.838949999999999828e-04
-3.544089999999999741e-04 6.774520000000000455e-04
-4.559230000000000053e-04 8.910510000000000175e-04
-5.238620000000000472e-04 9.921220000000000126e-04
-5.514769999999999785e-04 9.976880000000000470e-04
-5.326550000000000425e-04 9.487020000000000522e-04
-4.667180000000000265e-04 8.617930000000000208e-04
-3.605050000000000051e-04 7.157720000000000445e-04
-2.265289999999999990e-04 4.763570000000000066e-04
-7.906529999999999667e-05 1.493730000000000079e-04
6.920209999999999936e-05 -2.061979999999999933e-04
2.096380000000000010e-04 -5.431200000000000177e-04
3.389500000000000260e-04 -8.428570000000000246e-04
4.564249999999999948e-04 -1.074800000000000104e-03
5.570840000000000080e-04 -1.203099999999999916e-03
6.265539999999999781e-04 -1.196210000000000068e-03
6.431609999999999498e-04 -1.042879999999999936e-03
5.877529999999999951e-04 -7.895600000000000231e-04
4.554149999999999756e-04 -5.095250000000000386e-04
2.604530000000000083e-04 -2.416089999999999969e-04
3.117380000000000297e-05 3.356959999999999789e-05
-2.008599999999999980e-04 3.584349999999999928e-04
-4.093039999999999829e-04 7.302199999999999577e-04
-5.756760000000000089e-04 1.084639999999999996e-03
-6.886060000000000271e-04 1.337370000000000052e-03
-7.427929999999999472e-04 1.430870000000000102e-03
-7.374700000000000526e-04 1.352059999999999981e-03
-6.731649999999999830e-04 1.120209999999999956e-03
-5.485600000000000198e-04 7.661089999999999524e-04
-3.612309999999999978e-04 3.144819999999999885e-04
-1.135730000000000051e-04 -2.076349999999999865e-04
1.793119999999999935e-04 -7.383539999999999852e-04
4.857700000000000060e-04 -1.188199999999999933e-03
7.623929999999999900e-04 -1.489649999999999915e-03
9.655230000000000323e-04 -1.615040000000000095e-03
1.062000000000000010e-03 -1.567559999999999960e-03
1.033899999999999923e-03 -1.368990000000000051e-03
8.787800000000000125e-04 -1.051760000000000108e-03
6.089630000000000173e-04 -6.176480000000000468e-04
2.507869999999999826e-04 -5.721330000000000328e-05
-1.559370000000000081e-04 5.623769999999999724e-04
-5.605900000000000249e-04 1.140629999999999899e-03
-9.097789999999999913e-04 1.590269999999999965e-03
-1.157990000000000018e-03 1.849409999999999899e-03
-1.274849999999999898e-03 1.901160000000000046e-03
-1.246359999999999959e-03 1.749829999999999962e-03
-1.072370000000000007e-03 1.391469999999999903e-03
-7.646699999999999548e-04 8.249969999999999483e-04
-3.477290000000000177e-04 6.705009999999999692e-05
1.400360000000000125e-04 -8.016479999999999656e-04
6.459729999999999899e-04 -1.580840000000000023e-03
1.105620000000000084e-03 -2.073660000000000173e-03
1.450630000000000062e-03 -2.204760000000000053e-03
1.620499999999999979e-03 -2.021900000000000086e-03
1.574059999999999956e-03 -1.640799999999999984e-03
1.298389999999999961e-03 -1.128019999999999978e-03
8.152790000000000254e-04 -4.931659999999999603e-04
1.851909999999999960e-04 2.318870000000000111e-04
-4.970530000000000130e-04 1.004029999999999940e-03
-1.121859999999999915e-03 1.759259999999999904e-03
-1.593039999999999994e-03 2.349430000000000008e-03
-1.848409999999999984e-03 2.603509999999999852e-03
-1.862790000000000019e-03 2.395689999999999799e-03
-1.636660000000000068e-03 1.719779999999999963e-03
-1.185669999999999997e-03 7.383160000000000374e-04
-5.414769999999999523e-04 -3.496439999999999748e-04
2.375479999999999964e-04 -1.350290000000000084e-03
1.054840000000000031e-03 -2.089049999999999848e-03
1.777680000000000015e-03 -2.484779999999999801e-03
2.262539999999999950e-03 -2.552239999999999891e-03
2.397369999999999796e-03 -2.365499999999999981e-03
2.140270000000000106e-03 -1.958940000000000160e-03
1.532850000000000098e-03 -1.277659999999999907e-03
6.829689999999999589e-04 -2.869540000000000176e-04
-2.686890000000000155e-04 8.984740000000000174e-04
-1.180700000000000022e-03 2.045420000000000051e-03
-1.932230000000000059e-03 2.896960000000000073e-03
-2.430659999999999852e-03 3.243300000000000176e-03
-2.608699999999999821e-03 2.977259999999999802e-03
-2.421079999999999934e-03 2.136630000000000040e-03
-1.853150000000000023e-03 9.316110000000000493e-04
-9.435249999999999627e-04 -3.369129999999999911e-04
1.947379999999999912e-04 -1.425849999999999991e-03
1.376190000000000009e-03 -2.222879999999999995e-03
2.377479999999999958e-03 -2.705050000000000076e-03
2.994049999999999837e-03 -2.872050000000000124e-03
3.096989999999999986e-03 -2.712079999999999960e-03
2.666570000000000051e-03 -2.170989999999999812e-03
1.789589999999999974e-03 -1.201040000000000007e-03
6.267560000000000145e-04 1.084550000000000043e-04
-6.298970000000000307e-04 1.510440000000000046e-03
-1.792399999999999983e-03 2.688340000000000000e-03
-2.696229999999999981e-03 3.340379999999999999e-03
-3.206370000000000053e-03 3.286890000000000211e-03
-3.223450000000000100e-03 2.565379999999999917e-03
-2.702809999999999935e-03 1.432670000000000037e-03
-1.684640000000000052e-03 2.162760000000000008e-04
-3.144029999999999915e-04 -8.829229999999999761e-04
1.168379999999999896e-03 -1.808979999999999963e-03
2.477190000000000208e-03 -2.517010000000000081e-03
3.346899999999999875e-03 -2.893109999999999953e-03
3.601529999999999922e-03 -2.825799999999999840e-03
3.198879999999999866e-03 -2.279980000000000027e-03
2.234330000000000083e-03 -1.304610000000000101e-03
9.036369999999999949e-04 -4.627250000000000124e-05
-5.534739999999999799e-04 1.254340000000000056e-03
-1.900030000000000035e-03 2.281539999999999870e-03
-2.925810000000000043e-03 2.772290000000000171e-03
-3.460570000000000052e-03 2.662939999999999925e-03
-3.395050000000000151e-03 2.086699999999999926e-03
-2.712860000000000098e-03 1.272120000000000065e-03
-1.517139999999999938e-03 4.071929999999999755e-04
-2.916169999999999898e-05 -4.152030000000000022e-04
1.451639999999999918e-03 -1.134770000000000006e-03
2.618860000000000198e-03 -1.697759999999999981e-03
3.239730000000000127e-03 -2.057320000000000069e-03
3.214419999999999951e-03 -2.105539999999999929e-03
2.589709999999999842e-03 -1.726029999999999925e-03
1.528099999999999901e-03 -9.522279999999999503e-04
2.555880000000000066e-04 -2.987569999999999926e-05
-9.884839999999999773e-04 7.370299999999999551e-04
-1.990280000000000087e-03 1.200499999999999961e-03
-2.588290000000000035e-03 1.371409999999999990e-03
-2.690319999999999951e-03 1.333800000000000003e-03
-2.285870000000000176e-03 1.156370000000000097e-03
-1.456169999999999904e-03 8.807739999999999667e-04
-3.749770000000000251e-04 5.766039999999999837e-04
7.164409999999999529e-04 2.620629999999999878e-04
1.570089999999999897e-03 -1.111810000000000050e-04
2.007660000000000087e-03 -5.274350000000000349e-04
1.973939999999999983e-03 -9.021009999999999879e-04
1.543179999999999899e-03 -1.178089999999999910e-03
8.796089999999999465e-04 -1.299259999999999998e-03
1.729070000000000032e-04 -1.201349999999999901e-03
-4.200799999999999760e-04 -9.064319999999999843e-04
-8.053760000000000085e-04 -4.879549999999999860e-04
-9.541690000000000458e-04 -2.185739999999999846e-05
-8.898509999999999883e-04 4.156790000000000159e-04
-6.726710000000000111e-04 8.203180000000000020e-04
-3.871839999999999982e-04 1.212860000000000067e-03
-1.251819999999999951e-04 1.480339999999999911e-03
4.029789999999999918e-05 1.453300000000000035e-03
7.945070000000000149e-05 1.062070000000000028e-03
1.579289999999999918e-05 3.838989999999999916e-04
-8.187209999999999833e-05 -4.173499999999999801e-04
-1.225429999999999955e-04 -1.184909999999999956e-03
-2.912990000000000040e-05 -1.706669999999999975e-03
2.203639999999999928e-04 -1.806370000000000068e-03
5.693329999999999919e-04 -1.484539999999999905e-03
8.958129999999999695e-04 -8.815070000000000154e-04
1.059030000000000084e-03 -1.792449999999999957e-04
9.574419999999999719e-04 4.648030000000000152e-04
5.728530000000000124e-04 9.212460000000000223e-04
-1.856659999999999940e-05 1.167520000000000016e-03
-6.715970000000000143e-04 1.207280000000000028e-03
-1.217100000000000039e-03 9.937349999999999309e-04
-1.509630000000000086e-03 5.738959999999999548e-04
-1.466899999999999931e-03 1.004789999999999980e-04
-1.090720000000000101e-03 -2.766180000000000136e-04
-4.623140000000000192e-04 -5.273079999999999868e-04
2.810450000000000036e-04 -6.482519999999999862e-04
9.739279999999999899e-04 -5.808109999999999792e-04
1.454669999999999921e-03 -4.035500000000000241e-04
1.606409999999999956e-03 -2.767660000000000129e-04
1.394599999999999963e-03 -2.701310000000000061e-04
8.813780000000000442e-04 -3.541829999999999935e-04
2.083780000000000029e-04 -4.297939999999999985e-04
-4.470769999999999887e-04 -3.905889999999999970e-04
-9.275110000000000039e-04 -1.660060000000000095e-04
-1.142409999999999953e-03 2.287520000000000081e-04
-1.088509999999999998e-03 6.715490000000000174e-04
-8.366639999999999841e-04 1.010229999999999982e-03
-4.939960000000000184e-04 1.114809999999999933e-03
-1.586319999999999950e-04 9.032330000000000306e-04
1.118800000000000062e-04 4.394220000000000222e-04
3.043179999999999822e-04 -8.287949999999999820e-05
4.317149999999999959e-04 -5.153249999999999628e-04
5.112819999999999475e-04 -8.031989999999999920e-04
5.493159999999999970e-04 -9.050799999999999471e-04
5.370789999999999852e-04 -8.082049999999999911e-04
4.594490000000000119e-04 -5.667330000000000371e-04
3.108699999999999831e-04 -2.646069999999999824e-04
1.067050000000000024e-04 2.225469999999999887e-05
-1.179139999999999962e-04 2.435349999999999917e-04
-3.199839999999999911e-04 3.832409999999999853e-04
-4.628860000000000266e-04 4.510410000000000070e-04
-5.251529999999999913e-04 4.645270000000000063e-04
-5.017739999999999700e-04 4.362750000000000200e-04
-4.013560000000000109e-04 3.686219999999999818e-04
-2.430389999999999883e-04 2.579570000000000105e-04
-5.395369999999999810e-05 1.024330000000000000e-04
1.344410000000000093e-04 -8.697239999999999420e-05
2.920379999999999981e-04 -2.781220000000000046e-04
3.961759999999999826e-04 -4.251239999999999772e-04
4.354329999999999898e-04 -4.882509999999999845e-04
4.096269999999999729e-04 -4.519389999999999974e-04
3.269440000000000193e-04 -3.314869999999999926e-04
2.007629999999999886e-04 -1.658660000000000006e-04
4.819309999999999772e-05 1.892369999999999891e-07
-1.099149999999999937e-04 1.356480000000000131e-04
-2.496069999999999973e-04 2.323399999999999879e-04
-3.471260000000000101e-04 2.975580000000000130e-04
-3.846799999999999829e-04 3.367539999999999813e-04
-3.561239999999999805e-04 3.407129999999999751e-04
-2.693829999999999922e-04 2.913519999999999847e-04
-1.440970000000000131e-04 1.826130000000000082e-04
-5.534339999999999938e-06 3.268070000000000035e-05
1.225119999999999953e-04 -1.224309999999999938e-04
2.227569999999999952e-04 -2.453560000000000138e-04
2.855930000000000014e-04 -3.126580000000000006e-04
3.070260000000000111e-04 -3.203750000000000217e-04
2.860849999999999960e-04 -2.791229999999999905e-04
2.243749999999999922e-04 -2.045840000000000050e-04
1.282210000000000045e-04 -1.103530000000000054e-04
1.108179999999999951e-05 -6.605719999999999835e-06
-1.069160000000000043e-04 9.688199999999999839e-05
-2.035410000000000084e-04 1.876360000000000040e-04
-2.612150000000000257e-04 2.508400000000000039e-04
-2.722089999999999818e-04 2.735400000000000136e-04
-2.395320000000000099e-04 2.500460000000000248e-04
-1.736730000000000023e-04 1.850119999999999966e-04
-8.785960000000000156e-05 9.228759999999999373e-05
5.204679999999999777e-06 -9.650849999999999257e-06
9.403779999999999605e-05 -1.030549999999999950e-04
1.676799999999999938e-04 -1.745360000000000108e-04
2.156650000000000028e-04 -2.161080000000000119e-04
2.297610000000000114e-04 -2.244880000000000096e-04
2.067910000000000061e-04 -2.002019999999999917e-04
1.506629999999999905e-04 -1.473360000000000002e-04
7.208609999999999410e-05 -7.371039999999999819e-05
-1.415659999999999927e-05 9.431359999999999771e-06
-9.308820000000000094e-05 8.886169999999999659e-05
-1.528199999999999904e-04 1.517970000000000105e-04
-1.861429999999999964e-04 1.885009999999999897e-04
-1.904649999999999865e-04 1.941369999999999880e-04
-1.669899999999999987e-04 1.693619999999999956e-04
-1.199919999999999991e-04 1.196989999999999936e-04
-5.650210000000000237e-05 5.413249999999999713e-05
1.402660000000000052e-05 -1.660249999999999901e-05
8.064669999999999478e-05 -8.169680000000000019e-05
1.326839999999999921e-04 -1.317360000000000005e-04
1.619170000000000017e-04 -1.598910000000000045e-04
1.643650000000000026e-04 -1.627629999999999865e-04
1.409650000000000031e-04 -1.407889999999999966e-04
9.697239999999999333e-05 -9.813070000000000560e-05
