-3.791659999999999953e-08 7.832029999999999491e-07
-2.233770000000000024e-07 2.786929999999999929e-06
-6.274679999999999909e-07 4.729790000000000162e-06
-1.292090000000000025e-06 8.216990000000000418e-06
-2.667579999999999962e-06 1.941100000000000101e-05
-5.941849999999999701e-06 4.434790000000000276e-05
-1.245900000000000048e-05 8.078440000000000534e-05
-2.231000000000000154e-05 1.123319999999999945e-04
-3.352099999999999974e-05 1.203280000000000040e-04
-4.266980000000000268e-05 9.187390000000000140e-05
-4.562279999999999965e-05 2.184869999999999971e-05
-3.806349999999999903e-05 -7.271160000000000362e-05
-1.707630000000000115e-05 -1.563559999999999917e-04
1.695919999999999849e-05 -2.031880000000000068e-04
6.010170000000000090e-05 -2.174929999999999995e-04
1.059359999999999967e-04 -2.268380000000000125e-04
1.464969999999999901e-04 -2.568410000000000029e-04
1.733419999999999948e-04 -3.095859999999999866e-04
1.799410000000000039e-04 -3.554969999999999745e-04
1.641529999999999986e-04 -3.424939999999999907e-04
1.284819999999999940e-04 -2.347050000000000102e-04
7.831829999999999857e-05 -5.329209999999999752e-05
1.924759999999999847e-05 1.404809999999999989e-04
-4.603860000000000336e-05 2.971580000000000033e-04
-1.179879999999999959e-04 3.992239999999999981e-04
-1.944500000000000102e-04 4.504099999999999922e-04
-2.639429999999999901e-04 4.689089999999999925e-04
-3.073899999999999961e-04 4.774860000000000020e-04
-3.092510000000000246e-04 4.867779999999999937e-04
-2.682629999999999759e-04 4.886880000000000347e-04
-1.980580000000000068e-04 4.559879999999999988e-04
-1.171359999999999979e-04 3.459220000000000263e-04
-3.749600000000000150e-05 1.393560000000000122e-04
3.807809999999999716e-05 -1.250310000000000028e-04
1.114479999999999941e-04 -3.867240000000000196e-04
1.851110000000000103e-04 -5.999109999999999556e-04
2.594849999999999999e-04 -7.343020000000000450e-04
3.287499999999999949e-04 -7.798500000000000093e-04
3.787889999999999812e-04 -7.514279999999999484e-04
3.922549999999999908e-04 -6.768059999999999571e-04
3.585610000000000251e-04 -5.802840000000000298e-04
2.805710000000000213e-04 -4.672470000000000074e-04
1.726189999999999951e-04 -3.248330000000000119e-04
5.299480000000000293e-05 -1.443709999999999904e-04
-6.278139999999999491e-05 7.255879999999999383e-05
-1.650680000000000127e-04 3.106739999999999871e-04
-2.493080000000000057e-04 5.313819999999999481e-04
-3.126960000000000026e-04 6.869279999999999527e-04
-3.518530000000000073e-04 7.535460000000000118e-04
-3.638760000000000106e-04 7.509669999999999540e-04
-3.484890000000000036e-04 7.159010000000000156e-04
-3.075059999999999794e-04 6.583039999999999638e-04
-2.427700000000000084e-04 5.538290000000000400e-04
-1.567329999999999917e-04 3.694349999999999891e-04
-5.596150000000000283e-05 1.112399999999999988e-04
4.762680000000000282e-05 -1.680420000000000015e-04
1.431740000000000085e-04 -4.320109999999999944e-04
2.295529999999999890e-04 -6.698229999999999462e-04
3.124029999999999971e-04 -8.534460000000000006e-04
3.902129999999999856e-04 -9.500900000000000057e-04
4.466970000000000229e-04 -9.346229999999999859e-04
4.587659999999999915e-04 -8.007160000000000362e-04
4.124190000000000234e-04 -5.920110000000000346e-04
3.117719999999999823e-04 -3.712200000000000135e-04
1.736730000000000023e-04 -1.668119999999999878e-04
1.586519999999999847e-05 4.318200000000000093e-05
-1.479039999999999988e-04 2.975569999999999973e-04
-3.031229999999999775e-04 5.929660000000000009e-04
-4.304469999999999802e-04 8.739260000000000214e-04
-5.115700000000000369e-04 1.070229999999999923e-03
-5.395349999999999495e-04 1.134339999999999958e-03
-5.201189999999999850e-04 1.055249999999999981e-03
-4.614970000000000031e-04 8.504759999999999664e-04
-3.640839999999999788e-04 5.497650000000000193e-04
-2.220049999999999996e-04 1.768050000000000123e-04
-3.436069999999999782e-05 -2.459340000000000072e-04
1.843039999999999891e-04 -6.662799999999999973e-04
4.032419999999999993e-04 -1.007979999999999900e-03
5.860559999999999468e-04 -1.216269999999999981e-03
7.041579999999999758e-04 -1.272789999999999989e-03
7.420989999999999705e-04 -1.187310000000000015e-03
6.941300000000000508e-04 -9.875420000000001072e-04
5.610600000000000526e-04 -7.101440000000000096e-04
3.515449999999999825e-04 -3.565749999999999801e-04
8.428169999999999640e-05 8.742559999999999860e-05
-2.095269999999999880e-04 5.643830000000000071e-04
-4.873979999999999979e-04 9.899830000000000522e-04
-7.067389999999999567e-04 1.296840000000000059e-03
-8.385909999999999675e-04 1.441199999999999903e-03
-8.718909999999999638e-04 1.419719999999999966e-03
-8.073670000000000239e-04 1.246310000000000039e-03
-6.497469999999999982e-04 9.236070000000000087e-04
-4.070939999999999889e-04 4.529749999999999922e-04
-9.672599999999999514e-05 -1.534870000000000028e-04
2.500800000000000180e-04 -8.283599999999999904e-04
5.877089999999999528e-04 -1.395570000000000057e-03
8.629290000000000181e-04 -1.692209999999999982e-03
1.030410000000000050e-03 -1.676100000000000029e-03
1.065219999999999969e-03 -1.415009999999999966e-03
9.613100000000000507e-04 -1.029109999999999964e-03
7.224420000000000060e-04 -5.822579999999999943e-04
3.617660000000000190e-04 -8.130690000000000584e-05
-8.359629999999999784e-05 4.489820000000000052e-04
-5.433229999999999614e-04 9.846029999999999106e-04
-9.321890000000000428e-04 1.489910000000000106e-03
-1.182270000000000022e-03 1.847750000000000000e-03
-1.260540000000000098e-03 1.920459999999999919e-03
-1.164850000000000043e-03 1.618139999999999900e-03
-9.110389999999999894e-04 9.637310000000000060e-04
-5.264510000000000457e-04 1.258239999999999934e-04
-4.938430000000000082e-05 -7.202950000000000281e-04
4.708760000000000094e-04 -1.422670000000000011e-03
9.693949999999999572e-04 -1.851690000000000020e-03
1.362909999999999946e-03 -1.967219999999999993e-03
1.564569999999999936e-03 -1.818100000000000011e-03
1.514939999999999993e-03 -1.502630000000000025e-03
1.208110000000000087e-03 -1.070210000000000041e-03
6.930420000000000504e-04 -4.772970000000000077e-04
5.578780000000000143e-05 3.031679999999999813e-04
-5.987380000000000263e-04 1.166869999999999973e-03
-1.163460000000000058e-03 1.923119999999999951e-03
-1.551599999999999984e-03 2.382759999999999826e-03
-1.714210000000000083e-03 2.406269999999999850e-03
-1.636819999999999985e-03 1.941540000000000063e-03
-1.322720000000000102e-03 1.060680000000000043e-03
-7.895219999999999669e-04 -1.658660000000000142e-05
-8.708189999999999713e-05 -1.010800000000000066e-03
6.870710000000000359e-04 -1.727369999999999991e-03
1.398160000000000071e-03 -2.111619999999999817e-03
1.905730000000000011e-03 -2.191849999999999962e-03
2.098109999999999819e-03 -2.012799999999999919e-03
1.920969999999999926e-03 -1.608990000000000030e-03
1.394810000000000017e-03 -9.728840000000000317e-04
6.126400000000000162e-04 -9.150649999999999539e-05
-2.826249999999999986e-04 9.399729999999999804e-04
-1.132119999999999915e-03 1.909469999999999917e-03
-1.795790000000000016e-03 2.572560000000000211e-03
-2.174629999999999879e-03 2.719130000000000158e-03
-2.213080000000000082e-03 2.259989999999999916e-03
-1.893809999999999895e-03 1.303239999999999997e-03
-1.242569999999999916e-03 1.403610000000000068e-04
-3.413420000000000126e-04 -9.081949999999999875e-04
6.704080000000000499e-04 -1.677859999999999985e-03
1.615729999999999901e-03 -2.158349999999999852e-03
2.310490000000000113e-03 -2.355089999999999788e-03
2.597669999999999840e-03 -2.220740000000000127e-03
2.391120000000000051e-03 -1.728750000000000035e-03
1.716939999999999916e-03 -9.256520000000000069e-04
7.165150000000000338e-04 8.767199999999999679e-05
-4.023550000000000195e-04 1.152559999999999956e-03
-1.432200000000000010e-03 2.054569999999999921e-03
-2.205410000000000096e-03 2.542379999999999900e-03
-2.600340000000000030e-03 2.451130000000000149e-03
-2.544160000000000171e-03 1.826060000000000010e-03
-2.029620000000000209e-03 8.854730000000000109e-04
-1.130909999999999945e-03 -9.916250000000000476e-05
9.345789999999999674e-08 -9.304590000000000170e-04
1.157210000000000096e-03 -1.523030000000000087e-03
2.113310000000000188e-03 -1.839989999999999898e-03
2.663249999999999819e-03 -1.878839999999999894e-03
2.679430000000000006e-03 -1.673439999999999997e-03
2.156910000000000164e-03 -1.211620000000000058e-03
1.215839999999999933e-03 -4.695799999999999866e-04
6.209739999999999943e-05 4.490459999999999829e-04
-1.066179999999999906e-03 1.272850000000000066e-03
-1.949320000000000046e-03 1.727929999999999917e-03
-2.431469999999999812e-03 1.736169999999999988e-03
-2.446750000000000140e-03 1.388389999999999980e-03
-2.013370000000000003e-03 8.432259999999999799e-04
-1.212119999999999908e-03 2.400659999999999882e-04
-1.778879999999999882e-04 -3.144730000000000095e-04
8.958780000000000172e-04 -7.075500000000000409e-04
1.776470000000000046e-03 -9.124639999999999834e-04
2.258340000000000174e-03 -9.971970000000000139e-04
2.238430000000000020e-03 -9.842510000000000061e-04
1.746649999999999982e-03 -8.501570000000000394e-04
9.256919999999999862e-04 -6.231049999999999913e-04
-1.691670000000000017e-05 -3.378209999999999763e-04
-8.682170000000000122e-04 -9.633480000000000048e-07
-1.461440000000000048e-03 3.311070000000000267e-04
-1.704449999999999932e-03 5.905630000000000037e-04
-1.586340000000000102e-03 7.378299999999999746e-04
-1.167669999999999993e-03 7.513360000000000177e-04
-5.618010000000000104e-04 6.895729999999999655e-04
8.712950000000000664e-05 6.365319999999999832e-04
6.366100000000000187e-04 5.418309999999999967e-04
9.832980000000000713e-04 2.983069999999999884e-04
1.082470000000000090e-03 -1.161300000000000011e-04
9.457299999999999865e-04 -6.147410000000000287e-04
6.349559999999999970e-04 -1.069330000000000063e-03
2.564050000000000227e-04 -1.386869999999999900e-03
-6.756010000000000390e-05 -1.429160000000000066e-03
-2.520609999999999843e-04 -1.099939999999999989e-03
-2.860529999999999800e-04 -4.765859999999999801e-04
-2.220179999999999875e-04 2.499450000000000066e-04
-1.379440000000000061e-04 8.883129999999999499e-04
-1.016140000000000066e-04 1.305420000000000061e-03
-1.459699999999999865e-04 1.414010000000000050e-03
-2.583570000000000202e-04 1.242789999999999910e-03
-3.872740000000000058e-04 8.547319999999999744e-04
-4.609339999999999748e-04 2.717269999999999820e-04
-4.167059999999999775e-04 -3.913359999999999951e-04
-2.344980000000000035e-04 -9.388950000000000290e-04
5.208649999999999673e-05 -1.218010000000000056e-03
3.780160000000000074e-04 -1.225050000000000097e-03
6.736859999999999463e-04 -9.968159999999999781e-04
8.674540000000000332e-04 -5.302380000000000418e-04
8.886620000000000240e-04 2.523200000000000169e-05
6.993999999999999783e-04 4.459180000000000088e-04
3.252940000000000063e-04 6.261590000000000471e-04
-1.481889999999999867e-04 5.819039999999999499e-04
-6.049200000000000020e-04 4.086030000000000044e-04
-9.301280000000000095e-04 2.199900000000000130e-04
-1.039060000000000070e-03 1.154839999999999941e-04
-9.033970000000000108e-04 1.322949999999999929e-04
-5.646040000000000173e-04 2.136670000000000127e-04
-1.218370000000000060e-04 2.704009999999999747e-04
3.039639999999999920e-04 2.203370000000000014e-04
6.144199999999999618e-04 7.622390000000000216e-06
7.614870000000000362e-04 -3.043820000000000141e-04
7.449579999999999917e-04 -5.545980000000000050e-04
5.964819999999999584e-04 -6.524680000000000150e-04
3.677339999999999862e-04 -6.040280000000000519e-04
1.153020000000000016e-04 -4.161319999999999928e-04
-1.191300000000000063e-04 -1.135860000000000065e-04
-3.141899999999999988e-04 2.204490000000000030e-04
-4.557350000000000268e-04 4.892310000000000192e-04
-5.261000000000000485e-04 6.267249999999999601e-04
-5.099030000000000272e-04 6.111989999999999871e-04
-4.076209999999999925e-04 4.647920000000000046e-04
-2.404940000000000051e-04 2.393239999999999875e-04
-4.241689999999999702e-05 -3.356989999999999939e-06
1.518690000000000057e-04 -2.090489999999999970e-04
3.130639999999999964e-04 -3.458590000000000102e-04
4.182689999999999759e-04 -4.081460000000000188e-04
4.520479999999999789e-04 -4.098269999999999778e-04
4.097339999999999771e-04 -3.680229999999999830e-04
2.999570000000000014e-04 -2.886079999999999852e-04
1.434899999999999967e-04 -1.691589999999999977e-04
-3.091360000000000164e-05 -1.362839999999999982e-05
-1.919330000000000070e-04 1.575840000000000010e-04
-3.117269999999999785e-04 3.089880000000000035e-04
-3.718729999999999952e-04 4.010749999999999775e-04
-3.669179999999999859e-04 4.064679999999999986e-04
-3.036469999999999881e-04 3.239900000000000202e-04
-1.969030000000000086e-04 1.815920000000000056e-04
-6.505889999999999471e-05 2.343509999999999861e-05
7.252129999999999970e-05 -1.119400000000000023e-04
1.962560000000000129e-04 -2.081429999999999890e-04
2.872090000000000211e-04 -2.683869999999999767e-04
3.293759999999999852e-04 -2.975470000000000025e-04
3.135349999999999856e-04 -2.915519999999999896e-04
2.415299999999999999e-04 -2.421079999999999934e-04
1.282319999999999879e-04 -1.476399999999999891e-04
-1.614139999999999973e-06 -2.117919999999999875e-05
-1.212839999999999996e-04 1.107540000000000038e-04
-2.103949999999999939e-04 2.175629999999999903e-04
-2.588390000000000200e-04 2.764350000000000054e-04
-2.651749999999999810e-04 2.797569999999999983e-04
-2.325879999999999896e-04 2.346480000000000072e-04
-1.665030000000000015e-04 1.565150000000000016e-04
-7.524210000000000251e-05 6.184480000000000120e-05
2.820649999999999837e-05 -3.542739999999999897e-05
1.263439999999999952e-04 -1.235259999999999960e-04
2.005639999999999994e-04 -1.912019999999999898e-04
2.365140000000000059e-04 -2.278860000000000065e-04
2.285900000000000052e-04 -2.263119999999999975e-04
1.812279999999999935e-04 -1.858309999999999899e-04
1.065700000000000046e-04 -1.139490000000000029e-04
2.007009999999999949e-05 -2.489470000000000070e-05
-6.355929999999999978e-05 6.413699999999999935e-05
-1.324960000000000135e-04 1.372970000000000104e-04
-1.780990000000000036e-04 1.832760000000000118e-04
-1.946449999999999906e-04 1.966579999999999999e-04
-1.797269999999999955e-04 1.776899999999999877e-04
-1.354030000000000045e-04 1.312990000000000045e-04
-6.904370000000000440e-05 6.594860000000000078e-05
7.328330000000000189e-06 -7.488079999999999803e-06
7.951100000000000496e-05 -7.708020000000000106e-05
1.345639999999999944e-04 -1.315710000000000046e-04
1.637689999999999968e-04 -1.623039999999999965e-04
1.640400000000000083e-04 -1.648479999999999911e-04
1.376030000000000037e-04 -1.397960000000000012e-04
9.061129999999999760e-05 -9.251309999999999352e-05
3.155590000000000055e-05 -3.193809999999999835e-05
-3.002650000000000127e-05 3.119110000000000025e-05
-8.458469999999999672e-05 8.628320000000000087e-05
-1.236320000000000116e-04 1.246449999999999967e-04
-1.410360000000000097e-04 1.407869999999999922e-04
-1.342720000000000046e-04 1.331179999999999950e-04
