-3.728879999999999969e-08 7.843769999999999568e-07
-2.207789999999999946e-07 2.793240000000000043e-06
-6.244099999999999644e-07 4.745319999999999825e-06
-1.293870000000000031e-06 8.245189999999999572e-06
-2.674159999999999906e-06 1.946879999999999900e-05
-5.944740000000000278e-06 4.448290000000000062e-05
-1.246799999999999989e-05 8.106430000000000244e-05
-2.239519999999999863e-05 1.127990000000000020e-04
-3.380950000000000215e-05 1.209580000000000030e-04
-4.326349999999999667e-05 9.258679999999999926e-05
-4.650049999999999973e-05 2.252460000000000115e-05
-3.904219999999999696e-05 -7.223080000000000646e-05
-1.783849999999999870e-05 -1.562439999999999901e-04
1.677010000000000059e-05 -2.035809999999999877e-04
6.071839999999999789e-05 -2.184830000000000019e-04
1.073319999999999949e-04 -2.284839999999999896e-04
1.484160000000000102e-04 -2.591560000000000239e-04
1.754849999999999910e-04 -3.124569999999999800e-04
1.821450000000000120e-04 -3.586490000000000012e-04
1.664070000000000078e-04 -3.455350000000000045e-04
1.307779999999999869e-04 -2.372160000000000002e-04
8.045560000000000266e-05 -5.493109999999999996e-05
2.075250000000000163e-05 1.399159999999999933e-04
-4.574309999999999916e-05 2.977669999999999970e-04
-1.192539999999999936e-04 4.011040000000000005e-04
-1.972189999999999967e-04 4.536380000000000230e-04
-2.678320000000000201e-04 4.733730000000000229e-04
-3.118880000000000198e-04 4.827820000000000136e-04
-3.138209999999999893e-04 4.923240000000000385e-04
-2.724040000000000163e-04 4.939130000000000126e-04
-2.014069999999999912e-04 4.604139999999999730e-04
-1.195589999999999983e-04 3.491239999999999730e-04
-3.901809999999999832e-05 1.409430000000000090e-04
3.752269999999999906e-05 -1.252880000000000107e-04
1.121669999999999986e-04 -3.887799999999999741e-04
1.874559999999999887e-04 -6.035720000000000278e-04
2.634989999999999923e-04 -7.394199999999999644e-04
3.340729999999999980e-04 -7.862830000000000340e-04
3.848559999999999893e-04 -7.587950000000000424e-04
3.984759999999999843e-04 -6.843930000000000456e-04
3.643300000000000032e-04 -5.872359999999999863e-04
2.852649999999999869e-04 -4.728329999999999773e-04
1.757250000000000023e-04 -3.285289999999999847e-04
5.426249999999999758e-05 -1.458340000000000135e-04
-6.335509999999999926e-05 7.346020000000000522e-05
-1.673610000000000126e-04 3.137990000000000224e-04
-2.531389999999999899e-04 5.363450000000000292e-04
-3.177939999999999867e-04 6.932000000000000444e-04
-3.577890000000000128e-04 7.605599999999999687e-04
-3.700339999999999879e-04 7.581849999999999788e-04
-3.541619999999999881e-04 7.228430000000000315e-04
-3.121150000000000161e-04 6.644910000000000183e-04
-2.460729999999999732e-04 5.587189999999999475e-04
-1.588030000000000041e-04 3.724819999999999889e-04
-5.690280000000000007e-05 1.120979999999999964e-04
4.794249999999999711e-05 -1.693499999999999964e-04
1.450280000000000080e-04 -4.351930000000000056e-04
2.330250000000000127e-04 -6.746420000000000368e-04
3.172270000000000038e-04 -8.598069999999999758e-04
3.960069999999999779e-04 -9.577459999999999880e-04
4.531700000000000268e-04 -9.429240000000000408e-04
4.655670000000000099e-04 -8.087539999999999616e-04
4.188579999999999799e-04 -5.989609999999999596e-04
3.168590000000000100e-04 -3.765050000000000146e-04
1.765500000000000088e-04 -1.699799999999999955e-04
1.622770000000000050e-05 4.260359999999999983e-05
-1.498129999999999970e-04 2.999410000000000205e-04
-3.069090000000000121e-04 5.982729999999999689e-04
-4.358839999999999893e-04 8.815719999999999546e-04
-5.184989999999999565e-04 1.079319999999999932e-03
-5.475449999999999762e-04 1.144059999999999912e-03
-5.284429999999999683e-04 1.064929999999999957e-03
-4.692349999999999755e-04 8.593859999999999607e-04
-3.704590000000000118e-04 5.569670000000000089e-04
-2.263929999999999990e-04 1.812829999999999921e-04
-3.619659999999999832e-05 -2.449770000000000094e-04
1.855199999999999991e-04 -6.692309999999999492e-04
4.078110000000000025e-04 -1.014759999999999968e-03
5.938929999999999600e-04 -1.226359999999999907e-03
7.146470000000000036e-04 -1.285270000000000032e-03
7.541079999999999702e-04 -1.200880000000000090e-03
7.061809999999999529e-04 -1.000669999999999945e-03
5.715660000000000228e-04 -7.212110000000000309e-04
3.590700000000000163e-04 -3.641510000000000038e-04
8.780790000000000340e-05 8.445009999999999973e-05
-2.104899999999999989e-04 5.666580000000000488e-04
-4.929109999999999568e-04 9.974709999999999913e-04
-7.164520000000000177e-04 1.308759999999999958e-03
-8.515999999999999915e-04 1.456229999999999981e-03
-8.866839999999999965e-04 1.436250000000000027e-03
-8.220740000000000035e-04 1.262499999999999950e-03
-6.625399999999999822e-04 9.375190000000000476e-04
-4.164770000000000039e-04 4.626780000000000042e-04
-1.015830000000000064e-04 -1.495550000000000004e-04
2.505310000000000176e-04 -8.311069999999999829e-04
5.939440000000000041e-04 -1.405009999999999940e-03
8.749779999999999971e-04 -1.707280000000000039e-03
1.047409999999999921e-03 -1.694940000000000032e-03
1.085030000000000066e-03 -1.435319999999999912e-03
9.807500000000000679e-04 -1.048459999999999974e-03
7.382670000000000248e-04 -5.980960000000000009e-04
3.716030000000000266e-04 -9.107409999999999594e-05
-8.098020000000000099e-05 4.472289999999999968e-04
-5.482720000000000388e-04 9.914710000000000623e-04
-9.442440000000000078e-04 1.504569999999999996e-03
-1.200069999999999913e-03 1.868359999999999899e-03
-1.281980000000000055e-03 1.944449999999999911e-03
-1.187439999999999893e-03 1.642240000000000106e-03
-9.320329999999999717e-04 9.843350000000000277e-04
-5.427329999999999958e-04 1.397349999999999894e-04
-5.773939999999999813e-05 -7.152130000000000249e-04
4.727590000000000047e-04 -1.427419999999999991e-03
9.819500000000000971e-04 -1.866180000000000052e-03
1.384510000000000038e-03 -1.990040000000000212e-03
1.591940000000000022e-03 -1.846299999999999938e-03
1.543840000000000099e-03 -1.532120000000000096e-03
1.234000000000000071e-03 -1.096559999999999896e-03
7.120380000000000155e-04 -4.964050000000000016e-04
6.536980000000000557e-05 2.946429999999999774e-04
-5.997479999999999912e-04 1.170800000000000052e-03
-1.175339999999999979e-03 1.939200000000000082e-03
-1.573650000000000005e-03 2.408550000000000187e-03
-1.744139999999999927e-03 2.437969999999999807e-03
-1.670470000000000071e-03 1.974780000000000198e-03
-1.354759999999999992e-03 1.090690000000000062e-03
-8.145350000000000203e-04 5.367919999999999590e-06
-1.003900000000000061e-04 -1.000840000000000020e-03
6.885409999999999794e-04 -1.731459999999999987e-03
1.414880000000000087e-03 -2.129590000000000215e-03
1.935059999999999948e-03 -2.221480000000000069e-03
2.134959999999999983e-03 -2.049940000000000095e-03
1.959269999999999935e-03 -1.647809999999999987e-03
1.428720000000000077e-03 -1.006729999999999951e-03
6.372139999999999879e-04 -1.143649999999999935e-04
-2.712409999999999734e-04 9.321590000000000041e-04
-1.136319999999999908e-03 1.918060000000000077e-03
-1.815910000000000007e-03 2.596220000000000212e-03
-2.208369999999999864e-03 2.754239999999999813e-03
-2.255510000000000067e-03 2.301169999999999952e-03
-1.937979999999999954e-03 1.343919999999999967e-03
-1.280550000000000091e-03 1.738040000000000049e-04
-3.657380000000000006e-04 -8.876469999999999803e-04
6.646129999999999876e-04 -1.673900000000000084e-03
1.629650000000000066e-03 -2.172289999999999898e-03
2.341209999999999819e-03 -2.385449999999999897e-03
2.639600000000000193e-03 -2.262810000000000082e-03
2.437529999999999818e-03 -1.774980000000000004e-03
1.760630000000000007e-03 -9.675009999999999513e-04
7.502340000000000137e-04 5.753060000000000107e-05
-3.847780000000000080e-04 1.139009999999999979e-03
-1.434319999999999996e-03 2.059800000000000086e-03
-2.227279999999999885e-03 2.565630000000000167e-03
-2.638619999999999941e-03 2.488450000000000124e-03
-2.592520000000000067e-03 1.870780000000000056e-03
-2.079310000000000012e-03 9.297679999999999790e-04
-1.172199999999999978e-03 -6.262890000000000611e-05
-2.465830000000000073e-05 -9.076649999999999909e-04
1.153200000000000058e-03 -1.518070000000000053e-03
2.129659999999999800e-03 -1.854160000000000096e-03
2.696039999999999808e-03 -1.909679999999999971e-03
2.722510000000000034e-03 -1.714929999999999927e-03
2.202860000000000061e-03 -1.255760000000000079e-03
1.256900000000000031e-03 -5.083060000000000356e-04
9.134919999999999607e-05 4.224650000000000150e-04
-1.053749999999999999e-03 1.262670000000000025e-03
-1.956110000000000054e-03 1.735070000000000015e-03
-2.456410000000000017e-03 1.758330000000000006e-03
-2.484800000000000116e-03 1.421100000000000011e-03
-2.056409999999999835e-03 8.807739999999999667e-04
-1.251329999999999934e-03 2.760600000000000098e-04
-2.061909999999999915e-04 -2.864279999999999756e-04
8.826770000000000059e-04 -6.923660000000000318e-04
1.779559999999999909e-03 -9.121389999999999620e-04
2.275909999999999912e-03 -1.010669999999999971e-03
2.266010000000000160e-03 -1.008259999999999972e-03
1.778339999999999999e-03 -8.799990000000000156e-04
9.558010000000000464e-04 -6.532400000000000272e-04
7.087009999999999931e-06 -3.630160000000000223e-04
-8.534480000000000321e-04 -1.755889999999999887e-05
-1.457460000000000049e-03 3.246120000000000017e-04
-1.710949999999999927e-03 5.937800000000000239e-04
-1.601119999999999930e-03 7.491390000000000115e-04
-1.187190000000000077e-03 7.684140000000000328e-04
-5.821580000000000461e-04 7.097069999999999594e-04
6.925230000000000101e-05 6.569879999999999514e-04
6.232409999999999643e-04 5.601150000000000269e-04
9.748540000000000417e-04 3.121600000000000199e-04
1.078289999999999978e-03 -1.085389999999999988e-04
9.452329999999999673e-04 -6.142769999999999871e-04
6.383650000000000045e-04 -1.075669999999999925e-03
2.642950000000000030e-04 -1.399059999999999930e-03
-5.509169999999999974e-05 -1.446079999999999978e-03
-2.356469999999999886e-04 -1.119999999999999902e-03
-2.670950000000000169e-04 -4.972680000000000372e-04
-2.030149999999999934e-04 2.317630000000000102e-04
-1.224999999999999960e-04 8.755549999999999748e-04
-9.346029999999999692e-05 1.300450000000000087e-03
-1.475690000000000096e-04 1.418470000000000017e-03
-2.701369999999999921e-04 1.257029999999999910e-03
-4.077260000000000194e-04 8.771340000000000083e-04
-4.870739999999999922e-04 2.984460000000000086e-04
-4.443389999999999753e-04 -3.656159999999999770e-04
-2.583509999999999800e-04 -9.193330000000000425e-04
3.753620000000000155e-05 -1.208209999999999926e-03
3.767029999999999879e-04 -1.226740000000000035e-03
6.863260000000000150e-04 -1.010009999999999988e-03
8.915019999999999629e-04 -5.528790000000000440e-04
9.193569999999999867e-04 -2.477539999999999830e-06
7.305919999999999602e-04 4.187129999999999737e-04
3.503569999999999796e-04 6.044410000000000494e-04
-1.345820000000000067e-04 5.691739999999999820e-04
-6.049560000000000267e-04 4.068440000000000099e-04
-9.424659999999999852e-04 2.294340000000000127e-04
-1.060009999999999902e-03 1.341410000000000020e-04
-9.283889999999999504e-04 1.561640000000000044e-04
-5.891149999999999729e-04 2.379290000000000051e-04
-1.418919999999999893e-04 2.908060000000000072e-04
2.912449999999999805e-04 2.339630000000000095e-04
6.103229999999999636e-04 1.291230000000000002e-05
7.657099999999999584e-04 -3.077269999999999897e-04
7.561869999999999616e-04 -5.655089999999999553e-04
6.128420000000000525e-04 -6.686349999999999976e-04
3.866949999999999966e-04 -6.226439999999999969e-04
1.337389999999999879e-04 -4.345700000000000084e-04
-1.041749999999999979e-04 -1.293660000000000079e-04
-3.047050000000000041e-04 2.097749999999999897e-04
-4.526819999999999867e-04 4.855519999999999888e-04
-5.297509999999999632e-04 6.306039999999999953e-04
-5.198320000000000198e-04 6.216970000000000482e-04
-4.223830000000000249e-04 4.799310000000000099e-04
-2.576190000000000012e-04 2.565840000000000221e-04
-5.895399999999999832e-05 1.322749999999999999e-05
1.386579999999999996e-04 -1.959030000000000114e-04
3.052770000000000115e-04 -3.383269999999999745e-04
4.171360000000000259e-04 -4.072910000000000007e-04
4.576930000000000104e-04 -4.154739999999999866e-04
4.210279999999999947e-04 -3.790169999999999932e-04
3.147229999999999884e-04 -3.031110000000000054e-04
1.590899999999999964e-04 -1.848320000000000084e-04
-1.698089999999999864e-05 -2.787540000000000081e-05
-1.817079999999999889e-04 1.471540000000000077e-04
-3.066780000000000070e-04 3.040329999999999942e-04
-3.727609999999999908e-04 4.022170000000000151e-04
-3.735909999999999947e-04 4.132960000000000084e-04
-3.149450000000000144e-04 3.352280000000000234e-04
-2.108300000000000126e-04 1.953170000000000004e-04
-7.917109999999999827e-05 3.735380000000000140e-05
6.063839999999999866e-05 -1.001199999999999969e-04
1.885389999999999918e-04 -2.003239999999999882e-04
2.847799999999999941e-04 -2.657630000000000235e-04
3.323949999999999778e-04 -3.004349999999999924e-04
3.212770000000000209e-04 -2.993429999999999832e-04
2.525989999999999984e-04 -2.533650000000000247e-04
1.408039999999999888e-04 -1.603780000000000017e-04
1.043919999999999993e-05 -3.324249999999999894e-05
-1.116980000000000002e-04 1.013050000000000067e-04
-2.048329999999999953e-04 2.121659999999999876e-04
-2.581680000000000259e-04 2.758389999999999996e-04
-2.694029999999999819e-04 2.839300000000000005e-04
-2.408710000000000050e-04 2.427909999999999866e-04
-1.773180000000000123e-04 1.672020000000000027e-04
-8.669140000000000147e-05 7.326590000000000609e-05
1.803890000000000105e-05 -2.516719999999999851e-05
1.190610000000000041e-04 -1.160979999999999987e-04
1.972230000000000055e-04 -1.877740000000000084e-04
2.375129999999999874e-04 -2.289220000000000014e-04
2.336530000000000074e-04 -2.315010000000000050e-04
1.894540000000000059e-04 -1.941710000000000083e-04
1.165590000000000067e-04 -1.239550000000000016e-04
3.013480000000000157e-05 -3.487800000000000047e-05
-5.510639999999999809e-05 5.579329999999999994e-05
-1.270359999999999946e-04 1.318930000000000059e-04
-1.764570000000000082e-04 1.816079999999999865e-04
-1.969670000000000134e-04 1.988980000000000056e-04
-1.854849999999999902e-04 1.833729999999999941e-04
-1.435259999999999943e-04 1.394009999999999889e-04
-7.812089999999999941e-05 7.506959999999999696e-05
-1.200020000000000074e-06 1.113150000000000091e-06
7.289200000000000616e-05 -7.041169999999999536e-05
1.308690000000000103e-04 -1.278840000000000109e-04
1.635239999999999882e-04 -1.621129999999999978e-04
1.672009999999999870e-04 -1.680669999999999885e-04
1.435660000000000007e-04 -1.457800000000000035e-04
9.831479999999999592e-05 -1.001889999999999991e-04
3.966920000000000298e-05 -4.000059999999999781e-05
-2.286709999999999999e-05 2.406759999999999976e-05
-7.953659999999999333e-05 8.123329999999999353e-05
-1.214569999999999994e-04 1.224370000000000070e-04
-1.419910000000000031e-04 1.417040000000000107e-04
-1.380929999999999940e-04 1.369219999999999877e-04
