-4.777440000000000327e-08 7.492579999999999717e-07
-2.562010000000000056e-07 2.602939999999999934e-06
-6.327879999999999883e-07 4.269230000000000120e-06
-1.166780000000000076e-06 7.367910000000000071e-06
-2.419710000000000165e-06 1.770160000000000006e-05
-5.628510000000000258e-06 4.046610000000000208e-05
-1.162339999999999954e-05 7.279940000000000640e-05
-1.946650000000000073e-05 9.896550000000000648e-05
-2.669940000000000055e-05 1.023619999999999934e-04
-3.095040000000000101e-05 7.256059999999999778e-05
-3.014909999999999904e-05 6.475919999999999824e-06
-2.192350000000000109e-05 -7.814039999999999474e-05
-4.818609999999999762e-06 -1.479110000000000006e-04
2.032240000000000045e-05 -1.814060000000000043e-04
5.107359999999999835e-05 -1.863049999999999993e-04
8.400659999999999627e-05 -1.895370000000000117e-04
1.133459999999999953e-04 -2.131260000000000055e-04
1.309399999999999898e-04 -2.563190000000000238e-04
1.301720000000000134e-04 -2.904210000000000168e-04
1.101110000000000034e-04 -2.689079999999999943e-04
7.552659999999999615e-05 -1.643059999999999952e-04
3.400090000000000171e-05 -3.455579999999999871e-06
-8.036190000000000388e-06 1.549339999999999908e-04
-4.984860000000000246e-05 2.711349999999999850e-04
-9.606120000000000110e-05 3.378480000000000220e-04
-1.475899999999999879e-04 3.644039999999999758e-04
-1.935329999999999917e-04 3.690349999999999794e-04
-2.162569999999999998e-04 3.702620000000000000e-04
-2.053020000000000073e-04 3.737799999999999890e-04
-1.651579999999999932e-04 3.710259999999999947e-04
-1.105279999999999962e-04 3.408010000000000054e-04
-5.505170000000000012e-05 2.490990000000000218e-04
-4.252599999999999738e-06 8.146480000000000648e-05
4.208250000000000239e-05 -1.277469999999999951e-04
8.541539999999999539e-05 -3.295740000000000128e-04
1.285869999999999938e-04 -4.896759999999999785e-04
1.743050000000000057e-04 -5.846879999999999829e-04
2.187219999999999974e-04 -6.081119999999999538e-04
2.496460000000000150e-04 -5.757299999999999918e-04
2.543280000000000085e-04 -5.122360000000000064e-04
2.283040000000000015e-04 -4.362939999999999939e-04
1.764410000000000002e-04 -3.499530000000000154e-04
1.078430000000000041e-04 -2.417169999999999898e-04
3.199749999999999985e-05 -1.053100000000000065e-04
-4.231599999999999939e-05 5.925119999999999947e-05
-1.086530000000000048e-04 2.424480000000000070e-04
-1.637250000000000088e-04 4.130199999999999995e-04
-2.052090000000000066e-04 5.307460000000000172e-04
-2.303109999999999977e-04 5.781230000000000483e-04
-2.379749999999999975e-04 5.764119999999999964e-04
-2.301129999999999972e-04 5.574760000000000002e-04
-2.078430000000000089e-04 5.241080000000000174e-04
-1.685959999999999965e-04 4.484290000000000259e-04
-1.105169999999999991e-04 2.988709999999999783e-04
-3.948829999999999935e-05 8.407350000000000066e-05
3.145060000000000005e-05 -1.444290000000000092e-04
9.371900000000000174e-05 -3.552939999999999766e-04
1.522650000000000067e-04 -5.435299999999999680e-04
2.155740000000000065e-04 -6.875919999999999992e-04
2.781460000000000030e-04 -7.618769999999999969e-04
3.200270000000000176e-04 -7.447279999999999482e-04
3.224300000000000148e-04 -6.270759999999999572e-04
2.809350000000000063e-04 -4.471990000000000123e-04
2.052070000000000023e-04 -2.639860000000000166e-04
1.082200000000000040e-04 -1.041600000000000056e-04
-2.081129999999999843e-06 5.546090000000000292e-05
-1.198520000000000038e-04 2.550990000000000050e-04
-2.325519999999999920e-04 4.931799999999999639e-04
-3.199750000000000120e-04 7.174059999999999682e-04
-3.659350000000000124e-04 8.636299999999999966e-04
-3.696969999999999944e-04 8.936330000000000141e-04
-3.425969999999999862e-04 8.067719999999999796e-04
-2.936799999999999936e-04 6.267959999999999938e-04
-2.211869999999999949e-04 3.808129999999999740e-04
-1.179590000000000001e-04 8.227619999999999671e-05
1.666149999999999963e-05 -2.567900000000000130e-04
1.688310000000000104e-04 -5.901829999999999837e-04
3.120970000000000038e-04 -8.463789999999999682e-04
4.196879999999999838e-04 -9.789160000000000309e-04
4.768719999999999838e-04 -9.809459999999999014e-04
4.809039999999999886e-04 -8.729900000000000290e-04
4.321449999999999901e-04 -6.884880000000000123e-04
3.306499999999999869e-04 -4.618949999999999814e-04
1.803870000000000061e-04 -1.869100000000000112e-04
-6.498389999999999627e-06 1.574450000000000079e-04
-2.051459999999999905e-04 5.192540000000000263e-04
-3.796660000000000204e-04 8.247000000000000424e-04
-4.991940000000000049e-04 1.022420000000000013e-03
-5.523299999999999651e-04 1.085610000000000091e-03
-5.435050000000000081e-04 1.024930000000000068e-03
-4.791999999999999927e-04 8.620179999999999856e-04
-3.607120000000000118e-04 5.990179999999999897e-04
-1.897679999999999896e-04 2.299790000000000016e-04
2.160010000000000009e-05 -2.425720000000000079e-04
2.477119999999999756e-04 -7.609900000000000171e-04
4.515429999999999965e-04 -1.165550000000000006e-03
5.947310000000000357e-04 -1.321469999999999936e-03
6.557590000000000077e-04 -1.216899999999999926e-03
6.357560000000000164e-04 -9.366129999999999855e-04
5.424120000000000373e-04 -5.992519999999999878e-04
3.740740000000000102e-04 -2.546800000000000214e-04
1.284020000000000083e-04 1.074619999999999954e-04
-1.698299999999999918e-04 4.784810000000000018e-04
-4.604219999999999906e-04 8.470020000000000196e-04
-6.778189999999999693e-04 1.185679999999999937e-03
-7.835140000000000203e-04 1.391199999999999989e-03
-7.699690000000000136e-04 1.356900000000000077e-03
-6.485980000000000131e-04 1.032319999999999982e-03
-4.402410000000000156e-04 4.625830000000000263e-04
-1.715660000000000037e-04 -1.964240000000000018e-04
1.305420000000000115e-04 -8.089980000000000088e-04
4.416670000000000253e-04 -1.267450000000000044e-03
7.259379999999999739e-04 -1.480009999999999919e-03
9.257230000000000406e-04 -1.436369999999999965e-03
9.813310000000000002e-04 -1.201950000000000024e-03
8.651600000000000176e-04 -8.758340000000000309e-04
5.948410000000000329e-04 -5.023649999999999513e-04
2.177969999999999884e-04 -4.012439999999999822e-05
-2.053110000000000135e-04 5.329059999999999830e-04
-6.024020000000000373e-04 1.125480000000000100e-03
-8.992610000000000490e-04 1.588369999999999973e-03
-1.047519999999999918e-03 1.788529999999999981e-03
-1.039470000000000021e-03 1.638649999999999959e-03
-8.889110000000000414e-04 1.126379999999999959e-03
-6.073250000000000306e-04 3.426640000000000111e-04
-2.104960000000000121e-04 -5.082860000000000459e-04
2.570299999999999972e-04 -1.198049999999999983e-03
7.185829999999999605e-04 -1.594909999999999948e-03
1.087789999999999938e-03 -1.691149999999999988e-03
1.289119999999999936e-03 -1.541980000000000087e-03
1.268280000000000102e-03 -1.213429999999999934e-03
1.008299999999999952e-03 -7.621219999999999514e-04
5.470219999999999813e-04 -1.973970000000000076e-04
-2.754689999999999879e-05 4.875020000000000091e-04
-6.032809999999999995e-04 1.207650000000000000e-03
-1.072730000000000038e-03 1.788579999999999901e-03
-1.356720000000000061e-03 2.054260000000000027e-03
-1.415950000000000021e-03 1.879150000000000004e-03
-1.245369999999999984e-03 1.248640000000000080e-03
-8.642940000000000431e-04 3.097040000000000014e-04
-3.184010000000000030e-04 -6.571850000000000174e-04
3.140589999999999962e-04 -1.384550000000000017e-03
9.301819999999999923e-04 -1.774210000000000023e-03
1.420199999999999935e-03 -1.869849999999999941e-03
1.678910000000000038e-03 -1.717900000000000069e-03
1.621810000000000005e-03 -1.313759999999999971e-03
1.224980000000000079e-03 -6.774949999999999636e-04
5.619480000000000482e-04 1.076200000000000030e-04
-2.139560000000000095e-04 9.253580000000000399e-04
-9.359569999999999565e-04 1.629969999999999900e-03
-1.477220000000000009e-03 2.058819999999999834e-03
-1.756860000000000062e-03 2.054489999999999962e-03
-1.727449999999999949e-03 1.563479999999999905e-03
-1.382079999999999941e-03 7.142890000000000046e-04
-7.707449999999999805e-04 -2.475229999999999813e-04
3.529349999999999929e-06 -1.068869999999999976e-03
8.056660000000000210e-04 -1.591030000000000005e-03
1.486890000000000043e-03 -1.775450000000000032e-03
1.900290000000000009e-03 -1.642299999999999966e-03
1.933119999999999977e-03 -1.255040000000000018e-03
1.556069999999999892e-03 -7.115589999999999546e-04
8.472049999999999633e-04 -5.624780000000000041e-05
-3.630040000000000230e-05 6.854260000000000474e-04
-9.072239999999999862e-04 1.384379999999999942e-03
-1.584689999999999927e-03 1.798550000000000105e-03
-1.928599999999999932e-03 1.744069999999999909e-03
-1.880160000000000078e-03 1.256420000000000063e-03
-1.473179999999999932e-03 5.194400000000000276e-04
-7.983849999999999801e-04 -2.507019999999999995e-04
3.333419999999999672e-05 -8.887640000000000037e-04
8.880249999999999689e-04 -1.292790000000000042e-03
1.593210000000000069e-03 -1.384199999999999927e-03
1.969299999999999783e-03 -1.187289999999999917e-03
1.908420000000000082e-03 -8.222389999999999994e-04
1.425519999999999999e-03 -3.706580000000000009e-04
6.417680000000000259e-04 1.119460000000000019e-04
-2.584330000000000242e-04 5.174430000000000262e-04
-1.068670000000000080e-03 7.697739999999999791e-04
-1.612289999999999947e-03 8.732269999999999659e-04
-1.788290000000000105e-03 8.203999999999999921e-04
-1.583149999999999965e-03 6.159419999999999652e-04
-1.058439999999999902e-03 3.053719999999999894e-04
-3.330669999999999876e-04 -5.028450000000000281e-05
4.349290000000000231e-04 -3.317080000000000028e-04
1.074080000000000043e-03 -4.291329999999999993e-04
1.445509999999999894e-03 -3.960890000000000222e-04
1.486209999999999962e-03 -3.584940000000000002e-04
1.211770000000000035e-03 -3.756380000000000244e-04
6.943599999999999859e-04 -4.246930000000000214e-04
5.355449999999999691e-05 -4.580119999999999916e-04
-5.498290000000000512e-04 -4.571450000000000014e-04
-9.587979999999999637e-04 -3.420429999999999911e-04
-1.089130000000000003e-03 -5.559749999999999751e-05
-9.525620000000000051e-04 3.234450000000000042e-04
-6.245870000000000154e-04 6.580330000000000337e-04
-2.095909999999999928e-04 8.477349999999999599e-04
1.791539999999999994e-04 8.480640000000000444e-04
4.486019999999999851e-04 6.384729999999999702e-04
5.565960000000000222e-04 2.928629999999999775e-04
5.165190000000000059e-04 -1.039469999999999994e-04
3.812010000000000116e-04 -5.335000000000000115e-04
2.151630000000000133e-04 -9.084549999999999613e-04
6.492830000000000649e-05 -1.084459999999999981e-03
-4.699119999999999827e-05 -9.759799999999999899e-04
-1.046879999999999979e-04 -6.460990000000000223e-04
-9.796230000000000226e-05 -1.866620000000000096e-04
-5.006889999999999762e-05 3.618720000000000075e-04
-1.601300000000000068e-05 8.313910000000000093e-04
-3.358589999999999975e-05 1.026309999999999896e-03
-9.741410000000000639e-05 9.036509999999999985e-04
-1.796649999999999951e-04 5.391009999999999466e-04
-2.481110000000000238e-04 7.034270000000000670e-05
-2.646430000000000071e-04 -3.525119999999999751e-04
-1.955570000000000116e-04 -5.964699999999999863e-04
-4.026750000000000029e-05 -6.061900000000000491e-04
1.570689999999999966e-04 -4.396550000000000046e-04
3.291069999999999781e-04 -1.978480000000000071e-04
4.178739999999999907e-04 1.699550000000000016e-05
3.975970000000000220e-04 1.137190000000000000e-04
2.783500000000000167e-04 1.016949999999999945e-04
9.314890000000000528e-05 7.791540000000000282e-05
-1.114220000000000049e-04 8.175090000000000362e-05
-2.795739999999999901e-04 9.103689999999999569e-05
-3.674150000000000050e-04 1.165299999999999973e-04
-3.676479999999999874e-04 1.686769999999999979e-04
-3.018569999999999934e-04 2.109710000000000101e-04
-1.923759999999999891e-04 2.028239999999999947e-04
-5.408750000000000011e-05 1.295249999999999906e-04
9.279619999999999763e-05 -3.764929999999999819e-07
2.181650000000000093e-04 -1.558730000000000033e-04
2.945860000000000015e-04 -2.887829999999999759e-04
3.100180000000000123e-04 -3.520120000000000172e-04
2.682990000000000006e-04 -3.223470000000000090e-04
1.827900000000000033e-04 -2.125999999999999906e-04
7.168580000000000405e-05 -6.226540000000000189e-05
-4.472339999999999942e-05 8.155540000000000185e-05
-1.473719999999999978e-04 1.834390000000000033e-04
-2.213480000000000092e-04 2.315460000000000088e-04
-2.563749999999999840e-04 2.340929999999999964e-04
-2.462450000000000251e-04 2.063909999999999963e-04
-1.905359999999999931e-04 1.597769999999999985e-04
-9.823049999999999404e-05 9.723850000000000082e-05
1.141990000000000056e-05 1.695159999999999877e-05
1.138649999999999949e-04 -7.819190000000000602e-05
1.874789999999999985e-04 -1.722010000000000001e-04
2.198649999999999964e-04 -2.374649999999999905e-04
2.095920000000000085e-04 -2.481669999999999840e-04
1.641280000000000115e-04 -1.968379999999999880e-04
9.590089999999999520e-05 -1.020599999999999952e-04
1.814909999999999874e-05 1.779100000000000042e-06
-5.797590000000000171e-05 8.611919999999999363e-05
-1.235590000000000006e-04 1.397020000000000119e-04
-1.697310000000000051e-04 1.646610000000000012e-04
-1.867860000000000104e-04 1.669619999999999915e-04
-1.677170000000000071e-04 1.490460000000000092e-04
-1.140180000000000051e-04 1.094930000000000035e-04
-3.803440000000000298e-05 4.873359999999999704e-05
4.107369999999999945e-05 -2.507410000000000105e-05
1.050769999999999970e-04 -9.583590000000000175e-05
1.428740000000000012e-04 -1.456920000000000003e-04
1.519659999999999880e-04 -1.629000000000000023e-04
1.358180000000000064e-04 -1.460260000000000009e-04
1.000810000000000062e-04 -1.026659999999999959e-04
5.049050000000000050e-05 -4.486040000000000166e-05
-6.681719999999999615e-06 1.538140000000000151e-05
-6.313849999999999866e-05 6.840750000000000530e-05
-1.084709999999999987e-04 1.071640000000000060e-04
-1.326610000000000094e-04 1.266969999999999967e-04
-1.299560000000000006e-04 1.242179999999999955e-04
-1.015349999999999960e-04 9.998220000000000642e-05
-5.513870000000000116e-05 5.818489999999999920e-05
-1.988350000000000199e-06 6.789349999999999633e-06
4.703209999999999986e-05 -4.407890000000000245e-05
8.394849999999999762e-05 -8.459379999999999634e-05
1.042919999999999969e-04 -1.075239999999999958e-04
1.064210000000000031e-04 -1.095990000000000056e-04
9.081830000000000425e-05 -9.174720000000000141e-05
6.006299999999999736e-05 -5.844709999999999814e-05
1.919539999999999921e-05 -1.655240000000000097e-05
-2.441550000000000027e-05 2.608940000000000130e-05
-6.230889999999999563e-05 6.200279999999999529e-05
-8.703630000000000557e-05 8.527359999999999617e-05
-9.419750000000000063e-05 9.243030000000000170e-05
-8.345539999999999382e-05 8.290980000000000366e-05
-5.818850000000000031e-05 5.905060000000000007e-05
-2.416870000000000121e-05 2.562009999999999887e-05
1.199620000000000044e-05 -1.105389999999999932e-05
4.408669999999999923e-05 -4.422730000000000259e-05
6.702810000000000289e-05 -6.798499999999999368e-05
7.737339999999999344e-05 -7.835509999999999795e-05
