-3.547549999999999894e-08 7.874579999999999829e-07
-2.130529999999999954e-07 2.809789999999999910e-06
-6.142919999999999793e-07 4.785979999999999873e-06
-1.295799999999999943e-06 8.318899999999999244e-06
-2.687739999999999952e-06 1.962009999999999872e-05
-5.943289999999999640e-06 4.483759999999999910e-05
-1.247050000000000029e-05 8.180099999999999828e-05
-2.259039999999999974e-05 1.140269999999999977e-04
-3.455970000000000049e-05 1.226169999999999951e-04
-4.487950000000000289e-05 9.447610000000000166e-05
-4.895309999999999722e-05 2.435380000000000051e-05
-4.182739999999999868e-05 -7.085100000000000317e-05
-2.004379999999999942e-05 -1.557730000000000009e-04
1.618369999999999889e-05 -2.044480000000000049e-04
6.243459999999999342e-05 -2.210280000000000122e-04
1.112730000000000034e-04 -2.329599999999999922e-04
1.538079999999999883e-04 -2.656040000000000137e-04
1.814110000000000017e-04 -3.204859999999999805e-04
1.881060000000000045e-04 -3.673600000000000064e-04
1.724100000000000112e-04 -3.537419999999999887e-04
1.369169999999999903e-04 -2.437969999999999970e-04
8.628039999999999473e-05 -5.910680000000000133e-05
2.495980000000000114e-05 1.385000000000000055e-04
-4.484520000000000222e-05 2.992930000000000091e-04
-1.227570000000000039e-04 4.059320000000000159e-04
-2.049809999999999946e-04 4.621970000000000202e-04
-2.786940000000000120e-04 4.855339999999999765e-04
-3.242799999999999784e-04 4.974289999999999701e-04
-3.261860000000000107e-04 5.076520000000000381e-04
-2.834040000000000127e-04 5.081169999999999871e-04
-2.101630000000000002e-04 4.721080000000000003e-04
-1.258329999999999995e-04 3.572760000000000128e-04
-4.298140000000000153e-05 1.447400000000000000e-04
3.599990000000000069e-05 -1.262509999999999945e-04
1.139670000000000017e-04 -3.942880000000000169e-04
1.936650000000000101e-04 -6.131290000000000177e-04
2.743450000000000034e-04 -7.527770000000000468e-04
3.485639999999999919e-04 -8.032749999999999960e-04
4.013290000000000195e-04 -7.785690000000000058e-04
4.152340000000000024e-04 -7.050230000000000429e-04
3.797690000000000158e-04 -6.062399999999999690e-04
2.978079999999999920e-04 -4.880150000000000091e-04
1.840599999999999962e-04 -3.383899999999999907e-04
5.769780000000000178e-05 -1.495389999999999925e-04
-6.486729999999999471e-05 7.610989999999999444e-05
-1.735060000000000020e-04 3.223170000000000245e-04
-2.634359999999999762e-04 5.496550000000000220e-04
-3.315330000000000121e-04 7.099019999999999940e-04
-3.738290000000000016e-04 7.791960000000000119e-04
-3.867030000000000142e-04 7.774260000000000068e-04
-3.694869999999999947e-04 7.414849999999999523e-04
-3.244769999999999903e-04 6.812440000000000119e-04
-2.548410000000000085e-04 5.720140000000000294e-04
-1.642840000000000012e-04 3.807139999999999873e-04
-5.950590000000000230e-05 1.143010000000000022e-04
4.854060000000000075e-05 -1.729830000000000072e-04
1.497149999999999989e-04 -4.436980000000000199e-04
2.422020000000000097e-04 -6.873130000000000515e-04
3.302530000000000244e-04 -8.765329999999999780e-04
4.117920000000000174e-04 -9.781209999999999818e-04
4.708289999999999741e-04 -9.653560000000000049e-04
4.841290000000000263e-04 -8.307279999999999786e-04
4.364969999999999918e-04 -6.180670000000000304e-04
3.308660000000000268e-04 -3.910599999999999862e-04
1.844700000000000007e-04 -1.787349999999999887e-04
1.713429999999999958e-05 4.095790000000000303e-05
-1.552120000000000040e-04 3.064930000000000215e-04
-3.173809999999999891e-04 6.129490000000000025e-04
-4.507000000000000047e-04 9.026379999999999864e-04
-5.372800000000000058e-04 1.104100000000000003e-03
-5.693010000000000301e-04 1.170159999999999950e-03
-5.511210000000000111e-04 1.090690000000000062e-03
-4.903019999999999688e-04 8.831590000000000057e-04
-3.877099999999999861e-04 5.764140000000000279e-04
-2.381410000000000091e-04 1.935759999999999911e-04
-4.099839999999999697e-05 -2.422330000000000099e-04
1.889609999999999955e-04 -6.772329999999999583e-04
4.203240000000000231e-04 -1.033250000000000097e-03
6.152819999999999817e-04 -1.253779999999999912e-03
7.432489999999999713e-04 -1.319049999999999997e-03
7.868099999999999834e-04 -1.237610000000000099e-03
7.389259999999999926e-04 -1.036210000000000082e-03
6.000050000000000262e-04 -7.511749999999999764e-04
3.792630000000000176e-04 -3.845529999999999890e-04
9.698479999999999341e-05 7.668759999999999401e-05
-2.135899999999999930e-04 5.732489999999999591e-04
-5.083099999999999901e-04 1.018170000000000099e-03
-7.430810000000000366e-04 1.341299999999999914e-03
-8.869750000000000247e-04 1.496930000000000049e-03
-9.267449999999999776e-04 1.480729999999999980e-03
-8.617600000000000433e-04 1.305970000000000047e-03
-6.968729999999999803e-04 9.747760000000000062e-04
-4.413989999999999797e-04 4.885409999999999970e-04
-1.141720000000000040e-04 -1.393450000000000016e-04
2.522299999999999889e-04 -8.389689999999999561e-04
6.111110000000000110e-04 -1.430800000000000084e-03
9.077230000000000368e-04 -1.748049999999999908e-03
1.093540000000000050e-03 -1.745610000000000087e-03
1.138820000000000023e-03 -1.489899999999999948e-03
1.033489999999999973e-03 -1.100649999999999892e-03
7.808869999999999657e-04 -6.409929999999999664e-04
3.975100000000000074e-04 -1.174910000000000039e-04
-7.498740000000000646e-05 4.429349999999999867e-04
-5.627450000000000204e-04 1.011050000000000100e-03
-9.775910000000000936e-04 1.545399999999999942e-03
-1.248460000000000064e-03 1.924820000000000047e-03
-1.339780000000000051e-03 2.009149999999999912e-03
-1.248079999999999936e-03 1.706489999999999960e-03
-9.882750000000000475e-04 1.038859999999999957e-03
-5.862579999999999831e-04 1.763799999999999884e-04
-7.979099999999999550e-05 -7.020109999999999979e-04
4.786589999999999855e-04 -1.440450000000000020e-03
1.017090000000000008e-03 -1.905500000000000076e-03
1.444219999999999966e-03 -2.052109999999999785e-03
1.666879999999999924e-03 -1.923210000000000067e-03
1.622020000000000059e-03 -1.612479999999999903e-03
1.303040000000000101e-03 -1.167850000000000008e-03
7.616949999999999502e-04 -5.470740000000000412e-04
8.932009999999999885e-05 2.735339999999999733e-04
-6.041840000000000144e-04 1.183739999999999966e-03
-1.208599999999999995e-03 1.984570000000000171e-03
-1.633850000000000059e-03 2.479120000000000022e-03
-1.825269999999999931e-03 2.523370000000000040e-03
-1.761430000000000027e-03 2.063469999999999974e-03
-1.441000000000000007e-03 1.170390000000000102e-03
-8.810400000000000349e-04 6.352749999999999782e-05
-1.344150000000000065e-04 -9.748829999999999562e-04
6.950720000000000292e-04 -1.743610000000000038e-03
1.462750000000000074e-03 -2.179690000000000186e-03
2.016480000000000182e-03 -2.303390000000000212e-03
2.235550000000000211e-03 -2.151880000000000112e-03
2.062190000000000203e-03 -1.753290000000000013e-03
1.518330000000000027e-03 -1.097220000000000096e-03
7.006599999999999764e-04 -1.734829999999999922e-04
-2.436200000000000019e-04 9.148399999999999891e-04
-1.150460000000000068e-03 1.945139999999999933e-03
-1.872519999999999914e-03 2.662920000000000044e-03
-2.301220000000000088e-03 2.850200000000000216e-03
-2.371049999999999981e-03 2.411959999999999885e-03
-2.056999999999999801e-03 1.452399999999999958e-03
-1.381300000000000019e-03 2.622619999999999769e-04
-4.281870000000000120e-04 -8.344609999999999918e-04
6.536410000000000527e-04 -1.666160000000000080e-03
1.672300000000000045e-03 -2.213590000000000089e-03
2.428379999999999948e-03 -2.471360000000000137e-03
2.754969999999999815e-03 -2.379580000000000063e-03
2.562319999999999875e-03 -1.901020000000000010e-03
1.875699999999999893e-03 -1.078860000000000062e-03
8.368790000000000083e-04 -1.939329999999999947e-05
-3.423990000000000128e-04 1.108590000000000009e-03
-1.445220000000000098e-03 2.080090000000000151e-03
-2.291099999999999907e-03 2.633219999999999918e-03
-2.745619999999999832e-03 2.592010000000000060e-03
-2.724779999999999997e-03 1.992240000000000157e-03
-2.212529999999999879e-03 1.048069999999999904e-03
-1.279849999999999911e-03 3.271160000000000034e-05
-8.504390000000000072e-05 -8.512930000000000367e-04
1.150420000000000088e-03 -1.511250000000000007e-03
2.181690000000000018e-03 -1.899499999999999930e-03
2.790229999999999880e-03 -1.999200000000000022e-03
2.840839999999999858e-03 -1.830720000000000090e-03
2.324999999999999810e-03 -1.374840000000000003e-03
1.362619999999999934e-03 -6.083840000000000081e-04
1.631690000000000093e-04 3.586449999999999924e-04
-1.028229999999999986e-03 1.244579999999999905e-03
-1.982269999999999952e-03 1.763019999999999908e-03
-2.530259999999999888e-03 1.824480000000000069e-03
-2.591550000000000190e-03 1.512509999999999896e-03
-2.172990000000000078e-03 9.818529999999999792e-04
-1.353239999999999912e-03 3.695910000000000059e-04
-2.745790000000000015e-04 -2.174520000000000044e-04
8.575699999999999903e-04 -6.605540000000000456e-04
1.798499999999999968e-03 -9.215140000000000137e-04
2.331580000000000197e-03 -1.056220000000000075e-03
2.344580000000000188e-03 -1.078830000000000023e-03
1.863159999999999990e-03 -9.612349999999999541e-04
1.031849999999999955e-03 -7.299029999999999537e-04
6.331430000000000467e-05 -4.220380000000000138e-04
-8.237620000000000185e-04 -5.104660000000000013e-05
-1.456639999999999931e-03 3.183090000000000181e-04
-1.736480000000000098e-03 6.112749999999999911e-04
-1.645680000000000059e-03 7.843080000000000537e-04
-1.240219999999999994e-03 8.142149999999999692e-04
-6.327950000000000155e-04 7.591180000000000323e-04
2.935679999999999987e-05 7.037400000000000079e-04
5.978760000000000064e-04 5.990630000000000477e-04
9.627350000000000447e-04 3.390770000000000199e-04
1.075149999999999977e-03 -9.661709999999999353e-05
9.477539999999999793e-04 -6.178849999999999837e-04
6.465919999999999784e-04 -1.092780000000000010e-03
2.804850000000000225e-04 -1.426949999999999963e-03
-2.916059999999999995e-05 -1.482969999999999905e-03
-1.999679999999999936e-04 -1.163860000000000068e-03
-2.238750000000000072e-04 -5.437950000000000205e-04
-1.576930000000000096e-04 1.890179999999999985e-04
-8.393489999999999491e-05 8.435880000000000418e-04
-7.144059999999999495e-05 1.285750000000000001e-03
-1.490410000000000118e-04 1.426259999999999941e-03
-2.969460000000000263e-04 1.289530000000000103e-03
-4.566940000000000019e-04 9.313039999999999860e-04
-5.512439999999999962e-04 3.649719999999999744e-04
-5.136259999999999914e-04 -3.004500000000000118e-04
-3.195359999999999845e-04 -8.691530000000000046e-04
-9.609960000000000907e-07 -1.182560000000000035e-03
3.719610000000000256e-04 -1.230210000000000027e-03
7.180090000000000300e-04 -1.042909999999999974e-03
9.532349999999999764e-04 -6.103400000000000145e-04
9.984830000000000962e-04 -7.349430000000000546e-05
8.107309999999999734e-04 3.487100000000000139e-04
4.140330000000000117e-04 5.488539999999999868e-04
-1.012590000000000007e-04 5.374629999999999599e-04
-6.074070000000000207e-04 4.041059999999999965e-04
-9.765180000000000041e-04 2.558549999999999822e-04
-1.115160000000000023e-03 1.839330000000000023e-04
-9.922170000000000989e-04 2.182390000000000089e-04
-6.500180000000000367e-04 2.992210000000000139e-04
-1.903270000000000092e-04 3.402720000000000245e-04
2.618389999999999845e-04 2.648190000000000136e-04
6.025730000000000192e-04 2.251670000000000077e-05
7.783360000000000235e-04 -3.188399999999999763e-04
7.854570000000000388e-04 -5.939229999999999987e-04
6.538470000000000436e-04 -7.085019999999999599e-04
4.331769999999999761e-04 -6.673820000000000013e-04
1.781139999999999959e-04 -4.783139999999999744e-04
-6.898199999999999785e-05 -1.666249999999999979e-04
-2.832140000000000026e-04 1.846750000000000030e-04
-4.467149999999999810e-04 4.772430000000000248e-04
-5.395050000000000193e-04 6.405890000000000022e-04
-5.441419999999999547e-04 6.476760000000000243e-04
-4.579610000000000018e-04 5.169179999999999999e-04
-2.987689999999999985e-04 2.983390000000000044e-04
-9.866710000000000270e-05 5.303609999999999862e-05
1.070309999999999990e-04 -1.645779999999999953e-04
2.868489999999999907e-04 -3.206470000000000218e-04
4.148530000000000208e-04 -4.057700000000000131e-04
4.717850000000000103e-04 -4.295980000000000024e-04
4.486550000000000065e-04 -4.058520000000000031e-04
3.504909999999999753e-04 -3.381270000000000239e-04
1.965299999999999903e-04 -2.224170000000000086e-04
1.615569999999999848e-05 -6.188280000000000321e-05
-1.575559999999999938e-04 1.223750000000000066e-04
-2.947870000000000221e-04 2.923910000000000267e-04
-3.748730000000000139e-04 4.051239999999999789e-04
-3.894680000000000190e-04 4.296910000000000031e-04
-3.419939999999999786e-04 3.620610000000000018e-04
-2.443249999999999892e-04 2.280890000000000044e-04
-1.131580000000000032e-04 7.069430000000000516e-05
3.208359999999999890e-05 -7.168199999999999572e-05
1.701080000000000051e-04 -1.814270000000000097e-04
2.790840000000000269e-04 -2.593860000000000133e-04
3.396799999999999733e-04 -3.073649999999999820e-04
3.397079999999999805e-04 -3.180449999999999814e-04
2.788549999999999991e-04 -2.803009999999999985e-04
1.706470000000000079e-04 -1.907500000000000016e-04
3.919000000000000256e-05 -6.196309999999999633e-05
-8.861899999999999975e-05 7.875080000000000502e-05
-1.911910000000000063e-04 1.991139999999999913e-04
-2.561740000000000176e-04 2.740759999999999963e-04
-2.792070000000000120e-04 2.934799999999999887e-04
-2.605039999999999981e-04 2.618939999999999831e-04
-2.031079999999999941e-04 1.925580000000000087e-04
-1.140430000000000057e-04 1.005769999999999960e-04
-6.280490000000000409e-06 -4.710969999999999997e-07
1.015520000000000062e-04 -9.807240000000000651e-05
1.889759999999999877e-04 -1.792549999999999905e-04
2.394599999999999875e-04 -2.310389999999999948e-04
2.452110000000000075e-04 -2.435249999999999969e-04
2.086330000000000064e-04 -2.137410000000000124e-04
1.401689999999999924e-04 -1.475980000000000055e-04
5.421480000000000141e-05 -5.864429999999999686e-05
-3.462560000000000269e-05 3.570710000000000241e-05
-1.135540000000000041e-04 1.185980000000000053e-04
-1.720500000000000078e-04 1.770750000000000080e-04
-2.020380000000000060e-04 2.036589999999999961e-04
-1.988050000000000049e-04 1.964289999999999992e-04
-1.625660000000000017e-04 1.583959999999999925e-04
-9.957719999999999929e-05 9.670629999999999938e-05
-2.155809999999999947e-05 2.173429999999999958e-05
5.682980000000000263e-05 -5.419070000000000278e-05
1.215429999999999983e-04 -1.186040000000000049e-04
1.622790000000000094e-04 -1.610700000000000011e-04
1.740749999999999893e-04 -1.751430000000000001e-04
1.572610000000000110e-04 -1.595350000000000099e-04
1.163960000000000016e-04 -1.181599999999999936e-04
5.899129999999999879e-05 -5.913780000000000154e-05
-5.576660000000000068e-06 6.897910000000000335e-06
-6.708370000000000283e-05 6.876049999999999328e-05
-1.157129999999999948e-04 1.165630000000000019e-04
-1.436359999999999915e-04 1.432120000000000105e-04
-1.465820000000000003e-04 1.453620000000000086e-04
