-4.194190000000000051e-08 7.669540000000000264e-07
-2.383200000000000059e-07 2.696099999999999902e-06
-6.380189999999999641e-07 4.494449999999999803e-06
-1.260719999999999976e-06 7.776769999999999405e-06
-2.597640000000000171e-06 1.854519999999999991e-05
-5.870169999999999737e-06 4.241119999999999808e-05
-1.224900000000000080e-05 7.676330000000000414e-05
-2.141530000000000145e-05 1.055010000000000051e-04
-3.112300000000000000e-05 1.111029999999999966e-04
-3.823740000000000087e-05 8.213870000000000015e-05
-3.934609999999999925e-05 1.460130000000000028e-05
-3.087179999999999807e-05 -7.432549999999999845e-05
-1.053619999999999917e-05 -1.506489999999999869e-04
2.083900000000000157e-05 -1.911659999999999922e-04
5.942800000000000090e-05 -2.021480000000000032e-04
9.955909999999999348e-05 -2.105619999999999942e-04
1.341000000000000070e-04 -2.391679999999999978e-04
1.551450000000000062e-04 -2.873320000000000062e-04
1.567480000000000110e-04 -3.254150000000000141e-04
1.377630000000000022e-04 -3.049010000000000001e-04
1.017970000000000013e-04 -1.957270000000000049e-04
5.489339999999999861e-05 -2.334640000000000063e-05
2.548469999999999844e-06 1.518810000000000049e-04
-5.343159999999999848e-05 2.864349999999999774e-04
-1.146220000000000013e-04 3.696579999999999766e-04
-1.792099999999999867e-04 4.089790000000000157e-04
-2.353970000000000097e-04 4.218359999999999775e-04
-2.650609999999999750e-04 4.271550000000000260e-04
-2.561950000000000230e-04 4.317810000000000051e-04
-2.119090000000000069e-04 4.272980000000000007e-04
-1.476700000000000007e-04 3.908079999999999757e-04
-7.976659999999999621e-05 2.861979999999999863e-04
-1.594680000000000121e-05 9.878640000000000001e-05
4.389240000000000009e-05 -1.343030000000000048e-04
1.019760000000000008e-04 -3.598930000000000184e-04
1.603440000000000084e-04 -5.408099999999999670e-04
2.196189999999999991e-04 -6.524719999999999695e-04
2.747100000000000041e-04 -6.868269999999999887e-04
3.128440000000000019e-04 -6.578989999999999838e-04
3.195119999999999861e-04 -5.904410000000000344e-04
2.878940000000000188e-04 -5.049409999999999619e-04
2.227060000000000053e-04 -4.047310000000000252e-04
1.359750000000000119e-04 -2.781470000000000188e-04
4.071880000000000052e-05 -1.191809999999999961e-04
-5.234490000000000090e-05 6.994920000000000445e-05
-1.358379999999999961e-04 2.768310000000000063e-04
-2.053749999999999912e-04 4.680199999999999812e-04
-2.576699999999999911e-04 6.012590000000000382e-04
-2.893509999999999745e-04 6.568669999999999978e-04
-2.984829999999999949e-04 6.554339999999999862e-04
-2.861389999999999789e-04 6.306359999999999570e-04
-2.544240000000000021e-04 5.876339999999999645e-04
-2.037060000000000043e-04 4.991810000000000171e-04
-1.342260000000000122e-04 3.329459999999999798e-04
-5.102580000000000196e-05 9.745099999999999921e-05
3.487739999999999916e-05 -1.541849999999999883e-04
1.143310000000000002e-04 -3.885749999999999990e-04
1.887500000000000072e-04 -5.994550000000000399e-04
2.644759999999999798e-04 -7.632440000000000535e-04
3.374110000000000260e-04 -8.506780000000000027e-04
3.885739999999999832e-04 -8.376250000000000449e-04
3.961330000000000103e-04 -7.154489999999999461e-04
3.508329999999999934e-04 -5.238140000000000504e-04
2.604139999999999905e-04 -3.221979999999999940e-04
1.406090000000000085e-04 -1.378370000000000018e-04
4.482650000000000187e-06 5.077570000000000244e-05
-1.382130000000000131e-04 2.812639999999999823e-04
-2.737729999999999960e-04 5.495279999999999740e-04
-3.820739999999999878e-04 8.009980000000000312e-04
-4.456299999999999736e-04 9.689889999999999615e-04
-4.605260000000000018e-04 1.012010000000000036e-03
-4.352779999999999887e-04 9.258120000000000325e-04
-3.784209999999999874e-04 7.319800000000000221e-04
-2.893999999999999871e-04 4.588230000000000216e-04
-1.623750000000000031e-04 1.238579999999999922e-04
2.229270000000000003e-06 -2.568189999999999818e-04
1.892379999999999930e-04 -6.342070000000000216e-04
3.699589999999999997e-04 -9.333549999999999703e-04
5.132570000000000361e-04 -1.102410000000000065e-03
5.976760000000000015e-04 -1.128539999999999925e-03
6.140269999999999539e-04 -1.027609999999999982e-03
5.597659999999999528e-04 -8.310099999999999735e-04
4.359979999999999954e-04 -5.747390000000000007e-04
2.501849999999999907e-04 -2.567299999999999899e-04
1.916950000000000002e-05 1.400220000000000089e-04
-2.279969999999999924e-04 5.596489999999999538e-04
-4.519470000000000150e-04 9.218489999999999757e-04
-6.161889999999999512e-04 1.167209999999999906e-03
-7.009650000000000082e-04 1.261970000000000062e-03
-7.039389999999999970e-04 1.211739999999999996e-03
-6.302550000000000296e-04 1.035689999999999918e-03
-4.844129999999999985e-04 7.371510000000000172e-04
-2.723800000000000179e-04 3.145590000000000083e-04
-9.630550000000000484e-06 -2.241649999999999925e-04
2.748830000000000175e-04 -8.161839999999999633e-04
5.401909999999999785e-04 -1.293679999999999960e-03
7.414430000000000499e-04 -1.508809999999999969e-03
8.456600000000000315e-04 -1.437090000000000025e-03
8.409210000000000079e-04 -1.157470000000000070e-03
7.290559999999999532e-04 -7.899909999999999788e-04
5.137479999999999608e-04 -3.899560000000000049e-04
2.034279999999999910e-04 4.556589999999999686e-05
-1.690320000000000039e-04 4.984460000000000453e-04
-5.377339999999999984e-04 9.478579999999999905e-04
-8.277239999999999511e-04 1.360040000000000077e-03
-9.880670000000000251e-04 1.624699999999999972e-03
-1.002480000000000038e-03 1.622139999999999997e-03
-8.787530000000000211e-04 1.287490000000000075e-03
-6.356750000000000421e-04 6.614910000000000538e-04
-2.995520000000000214e-04 -8.954040000000000079e-05
9.581270000000000509e-05 -8.116659999999999500e-04
5.102639999999999650e-04 -1.380300000000000103e-03
8.909410000000000203e-04 -1.688470000000000075e-03
1.167599999999999975e-03 -1.710799999999999951e-03
1.269120000000000100e-03 -1.502759999999999903e-03
1.155870000000000031e-03 -1.162580000000000080e-03
8.400340000000000281e-04 -7.384029999999999977e-04
3.771669999999999754e-04 -1.911019999999999874e-04
-1.552930000000000055e-04 4.975550000000000025e-04
-6.703959999999999694e-04 1.222269999999999910e-03
-1.081810000000000107e-03 1.809859999999999941e-03
-1.324749999999999973e-03 2.104169999999999825e-03
-1.372060000000000033e-03 2.001979999999999992e-03
-1.225640000000000063e-03 1.480049999999999899e-03
-8.968410000000000010e-04 6.246350000000000123e-04
-4.066370000000000032e-04 -3.506539999999999939e-04
1.930839999999999965e-04 -1.192209999999999971e-03
8.092569999999999668e-04 -1.739139999999999913e-03
1.326520000000000086e-03 -1.962390000000000054e-03
1.638310000000000027e-03 -1.902779999999999966e-03
1.670559999999999970e-03 -1.612860000000000031e-03
1.399389999999999922e-03 -1.139330000000000030e-03
8.635319999999999715e-04 -4.916350000000000321e-04
1.597500000000000070e-04 3.271999999999999843e-04
-5.808989999999999553e-04 1.215989999999999909e-03
-1.224779999999999966e-03 1.976059999999999969e-03
-1.664710000000000018e-03 2.399119999999999812e-03
-1.835309999999999936e-03 2.326280000000000014e-03
-1.710579999999999956e-03 1.718619999999999913e-03
-1.297559999999999903e-03 7.157809999999999694e-04
-6.413179999999999879e-04 -3.888610000000000027e-04
1.655849999999999943e-04 -1.298969999999999986e-03
9.897129999999999209e-04 -1.883020000000000006e-03
1.680939999999999908e-03 -2.155999999999999930e-03
2.097519999999999853e-03 -2.139879999999999820e-03
2.130700000000000129e-03 -1.806859999999999977e-03
1.741499999999999992e-03 -1.160369999999999978e-03
9.950460000000000815e-04 -2.816990000000000010e-04
5.163080000000000040e-05 7.004039999999999572e-04
-8.920780000000000333e-04 1.617380000000000076e-03
-1.665079999999999989e-03 2.272290000000000160e-03
-2.145049999999999908e-03 2.461710000000000200e-03
-2.252590000000000061e-03 2.087129999999999975e-03
-1.955070000000000158e-03 1.252910000000000091e-03
-1.286309999999999927e-03 2.084529999999999912e-04
-3.548159999999999856e-04 -7.717950000000000331e-04
6.730889999999999790e-04 -1.501409999999999897e-03
1.603400000000000051e-03 -1.909279999999999962e-03
2.244869999999999938e-03 -1.977379999999999936e-03
2.446320000000000092e-03 -1.732480000000000001e-03
2.145839999999999987e-03 -1.248500000000000044e-03
1.402639999999999920e-03 -5.607859999999999668e-04
3.800820000000000110e-04 3.042620000000000220e-04
-7.054169999999999581e-04 1.203429999999999908e-03
-1.633930000000000018e-03 1.857970000000000021e-03
-2.222679999999999882e-03 2.030039999999999883e-03
-2.365270000000000046e-03 1.706489999999999960e-03
-2.052480000000000190e-03 1.044390000000000075e-03
-1.356400000000000010e-03 2.525180000000000241e-04
-4.003500000000000006e-04 -4.975350000000000128e-04
6.520820000000000088e-04 -1.081820000000000047e-03
1.594970000000000025e-03 -1.384430000000000079e-03
2.209469999999999837e-03 -1.389070000000000062e-03
2.339340000000000083e-03 -1.185719999999999916e-03
1.956770000000000037e-03 -8.343229999999999874e-04
1.166149999999999912e-03 -3.701810000000000257e-04
1.620340000000000007e-04 1.081440000000000000e-04
-8.243770000000000524e-04 5.091019999999999920e-04
-1.581699999999999903e-03 8.017960000000000191e-04
-1.965759999999999990e-03 9.409730000000000047e-04
-1.922300000000000050e-03 8.985450000000000511e-04
-1.486960000000000061e-03 6.932270000000000359e-04
-7.701420000000000271e-04 3.688599999999999887e-04
6.587020000000000505e-05 4.342410000000000323e-05
8.351230000000000068e-04 -1.576439999999999970e-04
1.371389999999999892e-03 -2.645409999999999732e-04
1.575070000000000029e-03 -3.817590000000000154e-04
1.431090000000000096e-03 -5.472209999999999705e-04
9.970890000000000482e-04 -7.136840000000000198e-04
3.884469999999999893e-04 -8.135360000000000117e-04
-2.356589999999999878e-04 -8.216890000000000131e-04
-7.125939999999999878e-04 -6.606780000000000465e-04
-9.399739999999999962e-04 -2.772440000000000039e-04
-9.093779999999999659e-04 2.388229999999999867e-04
-6.860710000000000116e-04 7.243199999999999769e-04
-3.685679999999999989e-04 1.047380000000000099e-03
-5.793979999999999709e-05 1.142650000000000046e-03
1.674219999999999973e-04 9.798240000000000161e-04
2.724210000000000130e-04 6.269749999999999933e-04
2.696940000000000101e-04 1.682259999999999984e-04
2.083940000000000109e-04 -3.698400000000000233e-04
1.477069999999999870e-04 -8.832059999999999867e-04
1.242709999999999898e-04 -1.203960000000000013e-03
1.414019999999999990e-04 -1.220579999999999972e-03
1.867930000000000122e-04 -9.748460000000000241e-04
2.448250000000000014e-04 -5.442379999999999484e-04
2.820449999999999737e-04 4.067060000000000326e-05
2.465120000000000007e-04 6.104800000000000504e-04
1.072260000000000064e-04 9.468849999999999576e-04
-1.146910000000000036e-04 9.723909999999999672e-04
-3.579440000000000139e-04 7.359460000000000177e-04
-5.502249999999999979e-04 3.589579999999999876e-04
-6.271970000000000192e-04 -2.280959999999999927e-05
-5.478250000000000480e-04 -2.862920000000000026e-04
-3.153149999999999855e-04 -3.712850000000000070e-04
1.279740000000000050e-05 -3.171609999999999946e-04
3.420399999999999981e-04 -2.036170000000000124e-04
5.783539999999999992e-04 -1.138149999999999936e-04
6.645660000000000065e-04 -1.197950000000000008e-04
5.943090000000000048e-04 -1.929380000000000016e-04
3.993040000000000109e-04 -2.218420000000000082e-04
1.330199999999999970e-04 -1.654109999999999923e-04
-1.376530000000000050e-04 -5.988850000000000098e-05
-3.498919999999999765e-04 8.368619999999999846e-05
-4.698239999999999795e-04 2.556409999999999737e-04
-4.962039999999999810e-04 4.003240000000000249e-04
-4.410320000000000017e-04 4.573420000000000133e-04
-3.164730000000000039e-04 3.991239999999999957e-04
-1.407000000000000048e-04 2.352990000000000116e-04
5.427179999999999765e-05 7.815789999999999923e-06
2.288269999999999963e-04 -2.220020000000000066e-04
3.508310000000000161e-04 -3.923770000000000144e-04
4.044650000000000111e-04 -4.612139999999999925e-04
3.882299999999999879e-04 -4.215649999999999931e-04
3.095600000000000109e-04 -3.002769999999999983e-04
1.827429999999999951e-04 -1.426560000000000111e-04
2.899070000000000011e-05 9.828799999999999814e-06
-1.255370000000000010e-04 1.355120000000000131e-04
-2.541989999999999831e-04 2.299350000000000135e-04
-3.343910000000000176e-04 2.929219999999999849e-04
-3.514470000000000116e-04 3.198979999999999923e-04
-3.026330000000000144e-04 3.013229999999999880e-04
-1.996289999999999957e-04 2.284979999999999932e-04
-6.617539999999999664e-05 1.034490000000000051e-04
6.936880000000000574e-05 -5.251780000000000055e-05
1.824069999999999902e-04 -2.001750000000000003e-04
2.568620000000000083e-04 -2.975140000000000250e-04
2.854479999999999951e-04 -3.203980000000000044e-04
2.677730000000000127e-04 -2.746040000000000156e-04
2.086210000000000072e-04 -1.877589999999999891e-04
1.170419999999999951e-04 -8.754489999999999592e-05
6.272690000000000247e-06 1.075610000000000024e-05
-1.058660000000000059e-04 1.010680000000000020e-04
-1.980960000000000088e-04 1.779250000000000016e-04
-2.505569999999999933e-04 2.309199999999999914e-04
-2.521169999999999987e-04 2.465270000000000200e-04
-2.052230000000000102e-04 2.156600000000000053e-04
-1.243720000000000079e-04 1.412189999999999908e-04
-2.933570000000000104e-05 3.977259999999999932e-05
6.191610000000000169e-05 -6.423280000000000612e-05
1.365329999999999886e-04 -1.479329999999999946e-04
1.861579999999999886e-04 -1.972269999999999872e-04
2.051479999999999949e-04 -2.083010000000000102e-04
1.903150000000000100e-04 -1.847010000000000058e-04
1.426839999999999912e-04 -1.335750000000000077e-04
6.957880000000000542e-05 -6.375640000000000506e-05
-1.522780000000000013e-05 1.429300000000000020e-05
-9.438910000000000063e-05 8.837260000000000156e-05
-1.519469999999999870e-04 1.457599999999999868e-04
-1.779329999999999920e-04 1.758800000000000033e-04
-1.703780000000000008e-04 1.732589999999999890e-04
-1.341989999999999936e-04 1.392610000000000072e-04
-7.832759999999999864e-05 8.171809999999999946e-05
-1.304789999999999920e-05 1.267380000000000053e-05
5.139859999999999947e-05 -5.468430000000000090e-05
1.052869999999999967e-04 -1.087500000000000006e-04
1.400299999999999993e-04 -1.412519999999999954e-04
1.495690000000000040e-04 -1.480630000000000086e-04
1.321340000000000058e-04 -1.293680000000000123e-04
9.132439999999999590e-05 -8.940080000000000639e-05
3.561579999999999873e-05 -3.572850000000000190e-05
-2.372490000000000048e-05 2.196919999999999966e-05
-7.548560000000000111e-05 7.355280000000000498e-05
-1.109710000000000053e-04 1.102239999999999936e-04
-1.253290000000000057e-04 1.261009999999999909e-04
-1.176979999999999970e-04 1.192200000000000003e-04
-9.066310000000000276e-05 9.176459999999999890e-05
-4.951480000000000237e-05 4.949989999999999680e-05
-1.498920000000000084e-06 5.526719999999999874e-07
4.510120000000000112e-05 -4.617899999999999951e-05
