-3.740740000000000050e-08 7.765149999999999888e-07
-2.208340000000000040e-07 2.746880000000000202e-06
-6.228419999999999864e-07 4.617790000000000218e-06
-1.289500000000000105e-06 7.999609999999999460e-06
-2.668189999999999860e-06 1.900460000000000097e-05
-5.930869999999999850e-06 4.348399999999999905e-05
-1.241500000000000057e-05 7.897149999999999428e-05
-2.225080000000000048e-05 1.091520000000000012e-04
-3.353009999999999937e-05 1.160000000000000007e-04
-4.280830000000000144e-05 8.762560000000000346e-05
-4.573409999999999975e-05 1.966140000000000118e-05
-3.764629999999999902e-05 -7.104800000000000145e-05
-1.543439999999999913e-05 -1.505309999999999992e-04
2.024459999999999926e-05 -1.951040000000000077e-04
6.460240000000000340e-05 -2.104940000000000077e-04
1.101370000000000062e-04 -2.234550000000000078e-04
1.482479999999999941e-04 -2.565329999999999781e-04
1.709290000000000028e-04 -3.083830000000000186e-04
1.731570000000000093e-04 -3.483310000000000095e-04
1.545429999999999872e-04 -3.270139999999999831e-04
1.184089999999999974e-04 -2.139560000000000095e-04
6.942719999999999827e-05 -3.483860000000000217e-05
1.151350000000000081e-05 1.490209999999999950e-04
-5.371070000000000060e-05 2.930389999999999840e-04
-1.258850000000000051e-04 3.860220000000000253e-04
-2.004440000000000074e-04 4.348420000000000085e-04
-2.638240000000000138e-04 4.555730000000000239e-04
-2.973210000000000219e-04 4.655290000000000079e-04
-2.886780000000000032e-04 4.709010000000000236e-04
-2.409939999999999901e-04 4.636280000000000002e-04
-1.705979999999999953e-04 4.212460000000000119e-04
-9.545230000000000088e-05 3.076390000000000136e-04
-2.449519999999999885e-05 1.083010000000000054e-04
4.287020000000000164e-05 -1.383099999999999954e-04
1.101920000000000048e-04 -3.769530000000000211e-04
1.793700000000000123e-04 -5.694019999999999941e-04
2.489330000000000102e-04 -6.912840000000000174e-04
3.117190000000000152e-04 -7.341700000000000266e-04
3.542470000000000254e-04 -7.102389999999999875e-04
3.617930000000000104e-04 -6.424799999999999608e-04
3.268330000000000063e-04 -5.513319999999999723e-04
2.536770000000000040e-04 -4.413339999999999863e-04
1.554659999999999918e-04 -3.018750000000000057e-04
4.740289999999999977e-05 -1.277329999999999915e-04
-5.810759999999999911e-05 7.747069999999999673e-05
-1.529950000000000082e-04 2.993599999999999798e-04
-2.324410000000000061e-04 5.029239999999999709e-04
-2.924749999999999941e-04 6.450709999999999908e-04
-3.288850000000000063e-04 7.056719999999999616e-04
-3.389140000000000013e-04 7.052350000000000198e-04
-3.232360000000000203e-04 6.778780000000000309e-04
-2.847600000000000044e-04 6.292339999999999999e-04
-2.259130000000000036e-04 5.320120000000000014e-04
-1.487450000000000133e-04 3.538179999999999928e-04
-5.819780000000000038e-05 1.041270000000000010e-04
3.637500000000000325e-05 -1.619079999999999955e-04
1.265379999999999869e-04 -4.094340000000000241e-04
2.119459999999999931e-04 -6.325410000000000277e-04
2.967159999999999828e-04 -8.080980000000000411e-04
3.765670000000000150e-04 -9.051159999999999718e-04
4.333009999999999770e-04 -8.965919999999999836e-04
4.440909999999999736e-04 -7.725460000000000400e-04
3.967500000000000215e-04 -5.734740000000000323e-04
2.969579999999999984e-04 -3.602740000000000001e-04
1.617239999999999986e-04 -1.607070000000000048e-04
8.004499999999999341e-06 4.665719999999999774e-05
-1.510030000000000042e-04 2.982559999999999985e-04
-3.006870000000000029e-04 5.871379999999999611e-04
-4.216339999999999953e-04 8.555120000000000042e-04
-4.961940000000000404e-04 1.034900000000000056e-03
-5.184950000000000019e-04 1.083669999999999902e-03
-4.949110000000000054e-04 9.974999999999999058e-04
-4.334100000000000127e-04 7.970230000000000023e-04
-3.342099999999999867e-04 5.096459999999999923e-04
-1.922810000000000112e-04 1.535010000000000064e-04
-8.565630000000000184e-06 -2.532619999999999750e-04
2.008970000000000113e-04 -6.590349999999999811e-04
4.057539999999999780e-04 -9.858670000000000801e-04
5.721380000000000302e-04 -1.178460000000000098e-03
6.747749999999999625e-04 -1.220680000000000029e-03
7.005689999999999531e-04 -1.125799999999999934e-03
6.444960000000000445e-04 -9.236780000000000424e-04
5.073340000000000185e-04 -6.503900000000000393e-04
2.983309999999999868e-04 -3.055660000000000082e-04
3.783900000000000143e-05 1.253539999999999928e-04
-2.413770000000000032e-04 5.831019999999999476e-04
-4.972270000000000422e-04 9.822500000000000502e-04
-6.902860000000000246e-04 1.257950000000000084e-03
-7.964180000000000174e-04 1.372680000000000037e-03
-8.088769999999999467e-04 1.330030000000000058e-03
-7.308720000000000321e-04 1.147980000000000051e-03
-5.681479999999999820e-04 8.293629999999999535e-04
-3.295759999999999901e-04 3.738190000000000067e-04
-3.347530000000000118e-05 -2.075090000000000083e-04
2.887750000000000126e-04 -8.471180000000000029e-04
5.939120000000000423e-04 -1.371009999999999980e-03
8.337309999999999903e-04 -1.623810000000000054e-03
9.687530000000000403e-04 -1.574709999999999999e-03
9.782090000000000663e-04 -1.299900000000000101e-03
8.578019999999999569e-04 -9.192399999999999877e-04
6.123479999999999722e-04 -4.884919999999999844e-04
2.575270000000000163e-04 -6.285459999999999957e-06
-1.659440000000000090e-04 5.037719999999999872e-04
-5.865479999999999956e-04 1.011500000000000029e-03
-9.237079999999999727e-04 1.474389999999999902e-03
-1.119839999999999985e-03 1.776239999999999894e-03
-1.153699999999999908e-03 1.792060000000000050e-03
-1.031159999999999933e-03 1.451500000000000099e-03
-7.697729999999999633e-04 7.932889999999999733e-04
-3.939920000000000184e-04 -1.155570000000000017e-05
6.123509999999999923e-05 -7.998700000000000514e-04
5.472549999999999637e-04 -1.438330000000000034e-03
9.975649999999999535e-04 -1.811920000000000067e-03
1.329270000000000018e-03 -1.885409999999999907e-03
1.462229999999999910e-03 -1.704149999999999979e-03
1.350789999999999933e-03 -1.360880000000000076e-03
1.005400000000000044e-03 -9.043369999999999577e-04
4.869469999999999983e-04 -2.990509999999999935e-04
-1.161920000000000016e-04 4.676789999999999788e-04
-7.069389999999999615e-04 1.280069999999999906e-03
-1.192249999999999950e-03 1.949119999999999932e-03
-1.499619999999999903e-03 2.303850000000000082e-03
-1.590080000000000009e-03 2.232650000000000086e-03
-1.454269999999999912e-03 1.708649999999999926e-03
-1.099099999999999990e-03 8.160319999999999553e-04
-5.482430000000000159e-04 -2.298160000000000101e-04
1.396439999999999932e-04 -1.165220000000000014e-03
8.598720000000000235e-04 -1.812779999999999947e-03
1.478439999999999919e-03 -2.127260000000000175e-03
1.867280000000000025e-03 -2.136579999999999903e-03
1.937109999999999917e-03 -1.881810000000000037e-03
1.659600000000000007e-03 -1.400289999999999998e-03
1.076839999999999915e-03 -6.993260000000000058e-04
2.927280000000000203e-04 2.102980000000000116e-04
-5.515469999999999965e-04 1.211990000000000029e-03
-1.308659999999999901e-03 2.088109999999999793e-03
-1.854369999999999933e-03 2.611340000000000189e-03
-2.105039999999999863e-03 2.606129999999999905e-03
-2.018840000000000044e-03 2.020849999999999817e-03
-1.592639999999999985e-03 9.889980000000000472e-04
-8.691369999999999695e-04 -1.925259999999999927e-04
5.131590000000000110e-05 -1.214129999999999897e-03
1.015110000000000057e-03 -1.925840000000000060e-03
1.843070000000000038e-03 -2.323669999999999902e-03
2.366120000000000202e-03 -2.409759999999999940e-03
2.459139999999999850e-03 -2.135429999999999794e-03
2.076849999999999877e-03 -1.488540000000000002e-03
1.282439999999999925e-03 -5.490459999999999742e-04
2.392170000000000104e-04 5.412670000000000068e-04
-8.421060000000000177e-04 1.594139999999999967e-03
-1.765429999999999907e-03 2.391349999999999986e-03
-2.380660000000000154e-03 2.705579999999999964e-03
-2.585290000000000071e-03 2.413259999999999971e-03
-2.328530000000000096e-03 1.601200000000000106e-03
-1.631580000000000096e-03 5.163799999999999857e-04
-6.030319999999999821e-04 -5.565360000000000532e-04
5.718589999999999741e-04 -1.415419999999999916e-03
1.666139999999999982e-03 -1.970099999999999803e-03
2.455119999999999872e-03 -2.177660000000000099e-03
2.763100000000000105e-03 -2.036360000000000080e-03
2.512369999999999881e-03 -1.598189999999999984e-03
1.753669999999999925e-03 -8.910920000000000125e-04
6.524849999999999574e-04 5.313239999999999971e-05
-5.602229999999999927e-04 1.077100000000000106e-03
-1.642189999999999969e-03 1.879009999999999968e-03
-2.385099999999999807e-03 2.190870000000000144e-03
-2.653819999999999877e-03 1.972020000000000110e-03
-2.410390000000000102e-03 1.363520000000000010e-03
-1.709720000000000076e-03 5.687770000000000195e-04
-6.788599999999999886e-04 -2.398389999999999919e-04
4.974610000000000403e-04 -9.300380000000000019e-04
1.586560000000000097e-03 -1.365569999999999978e-03
2.343549999999999800e-03 -1.501420000000000055e-03
2.586090000000000090e-03 -1.402150000000000011e-03
2.263900000000000114e-03 -1.112139999999999960e-03
1.471859999999999965e-03 -6.581459999999999698e-04
4.108459999999999760e-04 -1.368709999999999979e-04
-6.725039999999999837e-04 3.504240000000000046e-04
-1.547800000000000000e-03 7.522400000000000484e-04
-2.049259999999999797e-03 1.000019999999999902e-03
-2.100509999999999877e-03 1.046849999999999994e-03
-1.719880000000000020e-03 8.991500000000000360e-04
-1.010409999999999997e-03 5.942719999999999643e-04
-1.378209999999999939e-04 2.497760000000000019e-04
7.006440000000000497e-04 -1.907619999999999872e-06
1.321820000000000026e-03 -1.792309999999999921e-04
1.606439999999999995e-03 -3.751730000000000212e-04
1.524289999999999977e-03 -6.167310000000000283e-04
1.128380000000000008e-03 -8.445230000000000185e-04
5.370200000000000320e-04 -9.808939999999999500e-04
-8.784920000000000586e-05 -9.986129999999999746e-04
-5.822029999999999957e-04 -8.244450000000000389e-04
-8.394970000000000297e-04 -4.083900000000000117e-04
-8.456909999999999775e-04 1.581150000000000133e-04
-6.643760000000000507e-04 7.060810000000000046e-04
-3.950700000000000240e-04 1.093449999999999934e-03
-1.355809999999999882e-04 1.246170000000000003e-03
4.474159999999999867e-05 1.128480000000000065e-03
1.202119999999999936e-04 8.025470000000000260e-04
1.090360000000000043e-04 3.451910000000000091e-04
6.236000000000000603e-05 -2.225440000000000024e-04
4.037580000000000059e-05 -7.953980000000000035e-04
8.002790000000000673e-05 -1.194729999999999967e-03
1.791490000000000020e-04 -1.292830000000000021e-03
3.093069999999999847e-04 -1.117380000000000066e-03
4.328579999999999949e-04 -7.357750000000000358e-04
5.002999999999999635e-04 -1.680589999999999981e-04
4.538909999999999950e-04 4.250939999999999927e-04
2.622270000000000221e-04 8.224460000000000061e-04
-4.806729999999999971e-05 9.311000000000000266e-04
-3.979829999999999739e-04 7.825389999999999560e-04
-6.877860000000000180e-04 4.845909999999999823e-04
-8.291649999999999802e-04 1.601940000000000048e-04
-7.702030000000000117e-04 -8.060270000000000672e-05
-5.147129999999999761e-04 -1.840500000000000014e-04
-1.272620000000000023e-04 -1.840710000000000067e-04
2.853229999999999785e-04 -1.461380000000000025e-04
6.112959999999999965e-04 -1.374349999999999877e-04
7.742650000000000010e-04 -2.164359999999999993e-04
7.539340000000000494e-04 -3.432169999999999904e-04
5.774229999999999771e-04 -3.966989999999999774e-04
2.998650000000000165e-04 -3.313340000000000230e-04
-8.856869999999999449e-06 -1.882809999999999952e-04
-2.802770000000000001e-04 1.053130000000000029e-05
-4.686150000000000254e-04 2.458399999999999908e-04
-5.579699999999999721e-04 4.543470000000000191e-04
-5.504600000000000118e-04 5.658250000000000519e-04
-4.545390000000000064e-04 5.415850000000000265e-04
-2.863310000000000204e-04 3.848389999999999927e-04
-7.562409999999999987e-05 1.385529999999999997e-04
1.369970000000000031e-04 -1.305599999999999968e-04
3.125660000000000157e-04 -3.541850000000000250e-04
4.248009999999999872e-04 -4.821700000000000270e-04
4.620989999999999950e-04 -4.971090000000000274e-04
4.236399999999999758e-04 -4.153359999999999821e-04
3.169739999999999776e-04 -2.755500000000000028e-04
1.591399999999999976e-04 -1.179420000000000034e-04
-2.288300000000000097e-05 3.344549999999999682e-05
-1.960329999999999983e-04 1.698090000000000135e-04
-3.282690000000000109e-04 2.844619999999999744e-04
-3.958079999999999888e-04 3.638520000000000122e-04
-3.884800000000000210e-04 3.886699999999999769e-04
-3.119759999999999959e-04 3.425279999999999840e-04
-1.857650000000000078e-04 2.235869999999999991e-04
-3.687840000000000253e-05 5.306900000000000300e-05
1.076279999999999934e-04 -1.267030000000000098e-04
2.259080000000000062e-04 -2.678350000000000132e-04
3.028239999999999860e-04 -3.382689999999999829e-04
3.293389999999999989e-04 -3.354240000000000194e-04
3.022459999999999925e-04 -2.799149999999999924e-04
2.250769999999999865e-04 -1.947119999999999884e-04
1.093969999999999963e-04 -9.293119999999999549e-05
-2.486279999999999851e-05 1.865810000000000014e-05
-1.517819999999999911e-04 1.306930000000000038e-04
-2.455129999999999921e-04 2.261390000000000112e-04
-2.882119999999999843e-04 2.836259999999999845e-04
-2.754850000000000094e-04 2.867799999999999885e-04
-2.159800000000000023e-04 2.330099999999999934e-04
-1.259049999999999948e-04 1.358610000000000058e-04
-2.270680000000000086e-05 1.960299999999999849e-05
7.823669999999999583e-05 -9.022339999999999408e-05
1.635390000000000075e-04 -1.745709999999999927e-04
2.209609999999999873e-04 -2.234460000000000016e-04
2.404399999999999951e-04 -2.340390000000000135e-04
2.172169999999999906e-04 -2.078489999999999949e-04
1.549359999999999952e-04 -1.495789999999999989e-04
6.617829999999999622e-05 -6.787289999999999860e-05
-3.052730000000000162e-05 2.409179999999999861e-05
-1.159640000000000031e-04 1.099779999999999963e-04
-1.752679999999999896e-04 1.737900000000000013e-04
-2.006429999999999965e-04 2.039979999999999940e-04
-1.912689999999999876e-04 1.963909999999999972e-04
-1.515250000000000104e-04 1.545859999999999867e-04
-8.917970000000000270e-05 8.836060000000000236e-05
-1.439399999999999974e-05 1.086069999999999920e-05
6.084199999999999786e-05 -6.420339999999999587e-05
1.238400000000000069e-04 -1.247099999999999901e-04
1.634189999999999883e-04 -1.615809999999999968e-04
1.726099999999999889e-04 -1.697740000000000046e-04
1.506230000000000112e-04 -1.489220000000000084e-04
1.030189999999999974e-04 -1.034540000000000026e-04
4.002470000000000322e-05 -4.195379999999999802e-05
-2.619600000000000127e-05 2.434829999999999861e-05
-8.418440000000000666e-05 8.368619999999999846e-05
-1.249900000000000078e-04 1.259739999999999970e-04
-1.430530000000000007e-04 1.446039999999999999e-04
-1.365120000000000103e-04 1.374649999999999993e-04
-1.072649999999999971e-04 1.070510000000000022e-04
-6.078780000000000099e-05 5.973700000000000082e-05
-5.464909999999999825e-06 4.438219999999999835e-06
