-3.395130000000000041e-08 7.817569999999999506e-07
-2.060279999999999970e-07 2.774699999999999878e-06
-6.029489999999999551e-07 4.685029999999999594e-06
-1.290910000000000063e-06 8.120259999999999737e-06
-2.688270000000000182e-06 1.925500000000000115e-05
-5.915199999999999710e-06 4.407689999999999807e-05
-1.239160000000000008e-05 8.019970000000000397e-05
-2.256249999999999955e-05 1.111829999999999958e-04
-3.484080000000000022e-05 1.187320000000000010e-04
-4.568109999999999874e-05 9.076159999999999512e-05
-5.009349999999999735e-05 2.278590000000000151e-05
-4.253729999999999675e-05 -6.855510000000000369e-05
-1.916469999999999966e-05 -1.495120000000000010e-04
1.955480000000000122e-05 -1.964509999999999933e-04
6.810720000000000413e-05 -2.149820000000000095e-04
1.175280000000000037e-04 -2.315929999999999898e-04
1.579390000000000069e-04 -2.682319999999999757e-04
1.811530000000000052e-04 -3.225810000000000071e-04
1.830380000000000049e-04 -3.630749999999999754e-04
1.642240000000000052e-04 -3.401179999999999850e-04
1.281990000000000104e-04 -2.237429999999999888e-04
7.857660000000000252e-05 -4.049630000000000054e-05
1.767580000000000109e-05 1.476469999999999909e-04
-5.352359999999999692e-05 2.961800000000000001e-04
-1.333829999999999933e-04 3.945959999999999876e-04
-2.149350000000000013e-04 4.499139999999999888e-04
-2.827929999999999875e-04 4.768770000000000083e-04
-3.177960000000000181e-04 4.906449999999999484e-04
-3.080889999999999974e-04 4.961009999999999856e-04
-2.574410000000000175e-04 4.855409999999999783e-04
-1.830110000000000135e-04 4.378270000000000078e-04
-1.037359999999999975e-04 3.179289999999999981e-04
-2.911020000000000125e-05 1.118069999999999953e-04
4.202539999999999916e-05 -1.416450000000000033e-04
1.144440000000000041e-04 -3.865809999999999906e-04
1.902849999999999984e-04 -5.847209999999999604e-04
2.666109999999999856e-04 -7.123150000000000402e-04
3.343849999999999774e-04 -7.609809999999999838e-04
3.793499999999999780e-04 -7.414620000000000238e-04
3.869930000000000266e-04 -6.747609999999999589e-04
3.499420000000000048e-04 -5.804649999999999524e-04
2.723390000000000229e-04 -4.638649999999999913e-04
1.675579999999999973e-04 -3.157489999999999884e-04
5.178689999999999710e-05 -1.320519999999999886e-04
-6.142270000000000401e-05 8.266479999999999499e-05
-1.632960000000000032e-04 3.131100000000000159e-04
-2.487190000000000017e-04 5.235459999999999506e-04
-3.134810000000000027e-04 6.705390000000000525e-04
-3.529200000000000024e-04 7.339490000000000163e-04
-3.636269999999999932e-04 7.344549999999999603e-04
-3.458359999999999733e-04 7.062880000000000113e-04
-3.029530000000000113e-04 6.548300000000000171e-04
-2.389290000000000023e-04 5.522870000000000470e-04
-1.572769999999999919e-04 3.662800000000000235e-04
-6.296360000000000140e-05 1.074939999999999978e-04
3.610459999999999988e-05 -1.670010000000000092e-04
1.326060000000000108e-04 -4.213910000000000182e-04
2.253540000000000111e-04 -6.507320000000000031e-04
3.165719999999999906e-04 -8.331989999999999622e-04
4.011630000000000079e-04 -9.370990000000000483e-04
4.613490000000000039e-04 -9.329050000000000406e-04
4.741939999999999935e-04 -8.086849999999999594e-04
4.259339999999999914e-04 -6.050860000000000136e-04
3.204969999999999911e-04 -3.844079999999999828e-04
1.751260000000000035e-04 -1.752339999999999963e-04
9.409799999999999252e-06 4.402709999999999729e-05
-1.604259999999999985e-04 3.094649999999999788e-04
-3.186139999999999957e-04 6.119930000000000205e-04
-4.465289999999999798e-04 8.907770000000000401e-04
-5.272540000000000039e-04 1.075709999999999904e-03
-5.540739999999999945e-04 1.125920000000000089e-03
-5.316509999999999552e-04 1.038679999999999942e-03
-4.671020000000000011e-04 8.347790000000000115e-04
-3.611430000000000217e-04 5.402579999999999492e-04
-2.096669999999999968e-04 1.721639999999999868e-04
-1.420469999999999971e-05 -2.506869999999999802e-04
2.088020000000000110e-04 -6.744340000000000144e-04
4.282310000000000001e-04 -1.018349999999999898e-03
6.086550000000000467e-04 -1.224870000000000082e-03
7.224450000000000533e-04 -1.276379999999999919e-03
7.540100000000000535e-04 -1.185129999999999951e-03
6.966439999999999525e-04 -9.799730000000000853e-04
5.507370000000000364e-04 -6.964719999999999548e-04
3.266209999999999752e-04 -3.348329999999999839e-04
4.716389999999999748e-05 1.178449999999999940e-04
-2.519959999999999908e-04 5.995430000000000160e-04
-5.268189999999999852e-04 1.021070000000000007e-03
-7.364700000000000283e-04 1.314129999999999942e-03
-8.548040000000000239e-04 1.439420000000000066e-03
-8.725929999999999581e-04 1.400180000000000001e-03
-7.914830000000000520e-04 1.214159999999999935e-03
-6.176660000000000050e-04 8.836259999999999861e-04
-3.620750000000000053e-04 4.082129999999999895e-04
-4.542210000000000003e-05 -1.992100000000000121e-04
2.991180000000000184e-04 -8.676940000000000174e-04
6.273090000000000480e-04 -1.418779999999999911e-03
8.898130000000000405e-04 -1.692719999999999989e-03
1.043799999999999893e-03 -1.656059999999999997e-03
1.062669999999999934e-03 -1.384400000000000040e-03
9.370889999999999992e-04 -9.973519999999999608e-04
6.716569999999999832e-04 -5.494090000000000518e-04
2.871230000000000223e-04 -3.838270000000000099e-05
-1.691829999999999961e-04 5.090649999999999516e-04
-6.210449999999999738e-04 1.055160000000000082e-03
-9.848319999999999384e-04 1.549320000000000081e-03
-1.200239999999999987e-03 1.870789999999999996e-03
-1.244099999999999937e-03 1.893149999999999911e-03
-1.121480000000000003e-03 1.545759999999999973e-03
-8.491160000000000201e-04 8.676849999999999841e-04
-4.497260000000000103e-04 3.214169999999999755e-05
4.218939999999999962e-05 -7.939019999999999758e-04
5.734050000000000301e-04 -1.473319999999999968e-03
1.068060000000000016e-03 -1.886939999999999928e-03
1.433479999999999997e-03 -1.993200000000000093e-03
1.582950000000000069e-03 -1.829799999999999916e-03
1.468160000000000038e-03 -1.484110000000000073e-03
1.100520000000000014e-03 -1.004399999999999911e-03
5.456280000000000418e-04 -3.588900000000000011e-04
-1.009620000000000000e-04 4.590749999999999779e-04
-7.361250000000000172e-04 1.325329999999999998e-03
-1.263610000000000080e-03 2.040950000000000143e-03
-1.607680000000000003e-03 2.427110000000000118e-03
-1.722999999999999922e-03 2.369239999999999888e-03
-1.592569999999999967e-03 1.840669999999999980e-03
-1.219189999999999987e-03 9.254120000000000228e-04
-6.279429999999999474e-04 -1.613429999999999899e-04
1.169520000000000011e-04 -1.152470000000000057e-03
9.021349999999999812e-04 -1.862050000000000077e-03
1.581600000000000063e-03 -2.234009999999999815e-03
2.014090000000000064e-03 -2.286090000000000171e-03
2.101159999999999920e-03 -2.050670000000000097e-03
1.812770000000000006e-03 -1.559119999999999994e-03
1.195209999999999936e-03 -8.184190000000000258e-04
3.589560000000000103e-04 1.535820000000000078e-04
-5.481449999999999908e-04 1.227720000000000070e-03
-1.371700000000000003e-03 2.172569999999999970e-03
-1.978590000000000123e-03 2.749789999999999787e-03
-2.274340000000000129e-03 2.777030000000000210e-03
-2.206860000000000158e-03 2.198659999999999851e-03
-1.766559999999999919e-03 1.145870000000000005e-03
-9.953430000000000957e-04 -8.358690000000000434e-05
2.657009999999999782e-07 -1.174279999999999985e-03
1.052710000000000104e-03 -1.965919999999999907e-03
1.963209999999999955e-03 -2.441710000000000148e-03
2.544670000000000178e-03 -2.589279999999999794e-03
2.662669999999999794e-03 -2.345069999999999880e-03
2.271689999999999821e-03 -1.687059999999999992e-03
1.438140000000000078e-03 -6.968459999999999889e-04
3.292400000000000122e-04 4.707409999999999980e-04
-8.367379999999999566e-04 1.610509999999999893e-03
-1.849869999999999987e-03 2.489980000000000145e-03
-2.543000000000000121e-03 2.870399999999999948e-03
-2.798549999999999909e-03 2.617249999999999785e-03
-2.554990000000000039e-03 1.808850000000000085e-03
-1.827719999999999909e-03 6.903989999999999606e-04
-7.276010000000000290e-04 -4.474680000000000194e-04
5.460830000000000501e-04 -1.391920000000000050e-03
1.743100000000000031e-03 -2.039340000000000163e-03
2.615500000000000203e-03 -2.329980000000000159e-03
2.972869999999999853e-03 -2.243310000000000096e-03
2.732420000000000161e-03 -1.817400000000000048e-03
1.945789999999999976e-03 -1.077870000000000087e-03
7.838199999999999595e-04 -6.571890000000000533e-05
-5.125909999999999581e-04 1.046040000000000034e-03
-1.687820000000000032e-03 1.937820000000000037e-03
-2.518299999999999792e-03 2.324559999999999821e-03
-2.851799999999999821e-03 2.153110000000000180e-03
-2.633679999999999789e-03 1.558970000000000017e-03
-1.909789999999999969e-03 7.450000000000000025e-04
-8.126049999999999897e-04 -1.145040000000000001e-04
4.547880000000000238e-04 -8.810810000000000300e-04
1.637479999999999969e-03 -1.404120000000000021e-03
2.472139999999999841e-03 -1.617780000000000086e-03
2.763160000000000182e-03 -1.568280000000000021e-03
2.452189999999999925e-03 -1.291440000000000036e-03
1.634059999999999896e-03 -8.148149999999999837e-04
5.181510000000000065e-04 -2.421540000000000129e-04
-6.357929999999999485e-04 3.130489999999999770e-04
-1.583650000000000032e-03 7.838730000000000350e-04
-2.146610000000000185e-03 1.087419999999999966e-03
-2.236839999999999922e-03 1.167379999999999980e-03
-1.865080000000000080e-03 1.027200000000000031e-03
-1.133630000000000054e-03 7.063819999999999735e-04
-2.153330000000000066e-04 3.280600000000000269e-04
6.798789999999999868e-04 3.282630000000000113e-05
1.354189999999999908e-03 -1.887339999999999992e-04
1.675320000000000108e-03 -4.221709999999999938e-04
1.606640000000000108e-03 -6.890200000000000404e-04
1.204200000000000105e-03 -9.258870000000000208e-04
5.955280000000000079e-04 -1.054559999999999959e-03
-4.909809999999999668e-05 -1.053410000000000067e-03
-5.613169999999999792e-04 -8.584439999999999822e-04
-8.320810000000000315e-04 -4.256600000000000140e-04
-8.459739999999999881e-04 1.534680000000000018e-04
-6.685880000000000165e-04 7.122829999999999700e-04
-4.043280000000000225e-04 1.110260000000000066e-03
-1.543019999999999873e-04 1.274530000000000064e-03
1.314139999999999924e-05 1.170089999999999932e-03
7.593319999999999324e-05 8.575349999999999813e-04
5.569329999999999751e-05 4.086879999999999875e-04
5.805690000000000313e-06 -1.618120000000000018e-04
-1.092889999999999967e-05 -7.522040000000000236e-04
4.656040000000000233e-05 -1.180980000000000094e-03
1.783079999999999876e-04 -1.313039999999999910e-03
3.504849999999999893e-04 -1.169649999999999943e-03
5.126650000000000391e-04 -8.143819999999999965e-04
6.030010000000000361e-04 -2.621340000000000215e-04
5.575909999999999677e-04 3.336260000000000072e-04
3.436630000000000197e-04 7.545520000000000222e-04
-9.764309999999999692e-06 9.025770000000000017e-04
-4.147250000000000112e-04 7.997759999999999809e-04
-7.562139999999999531e-04 5.449470000000000529e-04
-9.311750000000000149e-04 2.526240000000000126e-04
-8.806509999999999816e-04 2.473230000000000036e-05
-6.099709999999999507e-04 -8.956979999999999749e-05
-1.899380000000000100e-04 -1.213879999999999972e-04
2.648290000000000084e-04 -1.264760000000000135e-04
6.340309999999999609e-04 -1.602619999999999913e-04
8.324260000000000426e-04 -2.725199999999999997e-04
8.329260000000000006e-04 -4.190609999999999778e-04
6.607769999999999790e-04 -4.771679999999999824e-04
3.734550000000000218e-04 -4.017499999999999804e-04
4.391599999999999763e-05 -2.378459999999999993e-04
-2.562570000000000234e-04 -1.331859999999999984e-05
-4.759389999999999845e-04 2.483639999999999958e-04
-5.922289999999999976e-04 4.820180000000000189e-04
-6.025289999999999769e-04 6.148320000000000521e-04
-5.147370000000000287e-04 6.037259999999999589e-04
-3.462809999999999868e-04 4.484639999999999807e-04
-1.274430000000000061e-04 1.922070000000000115e-04
1.011550000000000031e-04 -9.514479999999999747e-05
2.989080000000000187e-04 -3.415749999999999949e-04
4.357270000000000110e-04 -4.937389999999999834e-04
4.954760000000000110e-04 -5.307979999999999686e-04
4.734960000000000080e-04 -4.651580000000000211e-04
3.745080000000000132e-04 -3.323760000000000039e-04
2.138949999999999977e-04 -1.716900000000000045e-04
1.901159999999999938e-05 -8.350640000000000401e-06
-1.740529999999999953e-04 1.464670000000000056e-04
-3.285539999999999988e-04 2.830779999999999755e-04
-4.163850000000000190e-04 3.842180000000000270e-04
-4.247259999999999989e-04 4.265200000000000024e-04
-3.579279999999999788e-04 3.904010000000000184e-04
-2.344880000000000087e-04 2.727599999999999838e-04
-8.066839999999999493e-05 9.546840000000000230e-05
7.630289999999999751e-05 -9.741060000000000549e-05
2.127770000000000128e-04 -2.558080000000000011e-04
3.102560000000000192e-04 -3.451449999999999896e-04
3.555799999999999803e-04 -3.599520000000000258e-04
3.417660000000000207e-04 -3.178820000000000170e-04
2.699959999999999947e-04 -2.394499999999999927e-04
1.515169999999999928e-04 -1.364129999999999965e-04
7.712819999999999789e-06 -1.573820000000000121e-05
-1.331880000000000130e-04 1.112920000000000044e-04
-2.430140000000000013e-04 2.244480000000000032e-04
-3.017699999999999788e-04 2.988719999999999940e-04
-3.028679999999999740e-04 3.153699999999999841e-04
-2.526990000000000009e-04 2.696040000000000025e-04
-1.656150000000000059e-04 1.743439999999999964e-04
-5.827870000000000158e-05 5.383180000000000186e-05
5.320180000000000281e-05 -6.569379999999999773e-05
1.532629999999999995e-04 -1.636759999999999962e-04
2.266149999999999979e-04 -2.278690000000000099e-04
2.601179999999999920e-04 -2.527909999999999858e-04
2.466939999999999932e-04 -2.373639999999999995e-04
1.888009999999999970e-04 -1.843709999999999869e-04
9.886499999999999618e-05 -1.016300000000000010e-04
-4.052379999999999816e-06 -2.781180000000000026e-06
-9.974089999999999909e-05 9.427640000000000423e-05
-1.718590000000000092e-04 1.713469999999999978e-04
-2.105890000000000127e-04 2.145869999999999971e-04
-2.127340000000000134e-04 2.177389999999999968e-04
-1.804800000000000067e-04 1.828409999999999931e-04
-1.202059999999999940e-04 1.186830000000000019e-04
-4.188410000000000104e-05 3.814480000000000111e-05
4.151700000000000247e-05 -4.450510000000000186e-05
1.155370000000000019e-04 -1.157869999999999944e-04
1.669270000000000096e-04 -1.646879999999999926e-04
1.867820000000000016e-04 -1.840190000000000011e-04
1.727339999999999898e-04 -1.714770000000000118e-04
1.292420000000000070e-04 -1.301379999999999931e-04
6.596399999999999389e-05 -6.803969999999999842e-05
-4.876930000000000247e-06 3.270349999999999952e-06
-7.105219999999999711e-05 7.096789999999999522e-05
-1.221630000000000025e-04 1.234159999999999988e-04
-1.507579999999999955e-04 1.522550000000000119e-04
-1.530459999999999980e-04 1.536999999999999955e-04
-1.293979999999999967e-04 1.288849999999999967e-04
-8.446849999999999942e-05 8.333390000000000524e-05
-2.661490000000000161e-05 2.575179999999999966e-05
