-3.236009999999999871e-08 7.835879999999999886e-07
-1.988639999999999998e-07 2.784349999999999862e-06
-5.917700000000000110e-07 4.708039999999999904e-06
-1.286339999999999910e-06 8.161209999999999743e-06
-2.688480000000000050e-06 1.934120000000000042e-05
-5.891320000000000373e-06 4.428429999999999883e-05
-1.234150000000000034e-05 8.063070000000000035e-05
-2.262020000000000071e-05 1.118939999999999963e-04
-3.530019999999999789e-05 1.196910000000000031e-04
-4.682330000000000281e-05 9.189520000000000067e-05
-5.192959999999999829e-05 2.400300000000000041e-05
-4.466469999999999945e-05 -6.743159999999999996e-05
-2.081710000000000098e-05 -1.488170000000000085e-04
1.924230000000000040e-05 -1.966500000000000095e-04
6.965800000000000290e-05 -2.165640000000000089e-04
1.207670000000000043e-04 -2.348859999999999869e-04
1.620640000000000123e-04 -2.731599999999999935e-04
1.852730000000000132e-04 -3.285000000000000159e-04
1.867249999999999986e-04 -3.689240000000000206e-04
1.676450000000000119e-04 -3.448750000000000209e-04
1.316970000000000098e-04 -2.268620000000000109e-04
8.201300000000000235e-05 -4.201499999999999669e-05
2.007850000000000097e-05 1.474249999999999920e-04
-5.354500000000000318e-05 2.972440000000000021e-04
-1.366709999999999930e-04 3.975410000000000076e-04
-2.211399999999999868e-04 4.555469999999999940e-04
-2.906140000000000199e-04 4.853030000000000256e-04
-3.257469999999999832e-04 5.007409999999999682e-04
-3.150820000000000031e-04 5.059560000000000056e-04
-2.629169999999999901e-04 4.934639999999999903e-04
-1.868469999999999951e-04 4.430339999999999734e-04
-1.061279999999999976e-04 3.204589999999999891e-04
-3.037289999999999849e-05 1.120140000000000019e-04
4.187939999999999751e-05 -1.434049999999999865e-04
1.159669999999999961e-04 -3.900129999999999808e-04
1.942029999999999972e-04 -5.897549999999999668e-04
2.730720000000000174e-04 -7.192700000000000439e-04
3.427009999999999974e-04 -7.702359999999999892e-04
3.884550000000000069e-04 -7.527459999999999924e-04
3.959829999999999795e-04 -6.867960000000000427e-04
3.581279999999999837e-04 -5.914139999999999588e-04
2.790119999999999775e-04 -4.721540000000000199e-04
1.719719999999999994e-04 -3.205460000000000037e-04
5.342740000000000282e-05 -1.332039999999999938e-04
-6.264130000000000620e-05 8.488700000000000228e-05
-1.670940000000000099e-04 3.182020000000000139e-04
-2.546480000000000054e-04 5.308819999999999902e-04
-3.210609999999999810e-04 6.794589999999999875e-04
-3.615940000000000213e-04 7.438460000000000471e-04
-3.725980000000000264e-04 7.448119999999999697e-04
-3.540600000000000084e-04 7.165840000000000360e-04
-3.095090000000000211e-04 6.643140000000000503e-04
-2.435340000000000031e-04 5.598660000000000095e-04
-1.603429999999999927e-04 3.708550000000000128e-04
-6.495919999999999971e-05 1.085989999999999948e-04
3.542930000000000314e-05 -1.688910000000000064e-04
1.341980000000000050e-04 -4.254230000000000229e-04
2.299369999999999908e-04 -6.566919999999999528e-04
3.239580000000000042e-04 -8.417210000000000273e-04
4.105879999999999795e-04 -9.486450000000000221e-04
4.721440000000000250e-04 -9.467009999999999878e-04
4.858139999999999941e-04 -8.228120000000000225e-04
4.373320000000000202e-04 -6.175199999999999830e-04
3.298120000000000196e-04 -3.938239999999999753e-04
1.803680000000000051e-04 -1.808219999999999977e-04
9.625159999999999508e-06 4.313779999999999888e-05
-1.647080000000000093e-04 3.141199999999999808e-04
-3.261180000000000242e-04 6.221420000000000075e-04
-4.563319999999999941e-04 9.048899999999999912e-04
-5.390450000000000406e-04 1.091420000000000064e-03
-5.674550000000000210e-04 1.141379999999999999e-03
-5.454849999999999586e-04 1.053200000000000013e-03
-4.796809999999999768e-04 8.480669999999999832e-04
-3.708769999999999797e-04 5.513080000000000281e-04
-2.154989999999999911e-04 1.790410000000000092e-04
-1.551009999999999910e-05 -2.499479999999999996e-04
2.124639999999999905e-04 -6.807360000000000364e-04
4.371649999999999928e-04 -1.031149999999999992e-03
6.227249999999999713e-04 -1.242599999999999955e-03
7.406230000000000408e-04 -1.297170000000000050e-03
7.742120000000000338e-04 -1.207009999999999897e-03
7.160450000000000061e-04 -1.000639999999999906e-03
5.663699999999999594e-04 -7.132080000000000060e-04
3.360440000000000237e-04 -3.449360000000000056e-04
4.908430000000000030e-05 1.163660000000000036e-04
-2.575869999999999852e-04 6.073079999999999798e-04
-5.391509999999999749e-04 1.036990000000000004e-03
-7.544119999999999862e-04 1.335819999999999933e-03
-8.766979999999999738e-04 1.464110000000000021e-03
-8.959499999999999582e-04 1.425349999999999924e-03
-8.131590000000000389e-04 1.237400000000000045e-03
-6.346299999999999598e-04 9.022410000000000239e-04
-3.722129999999999818e-04 4.192989999999999847e-04
-4.779179999999999870e-05 -1.979399999999999920e-04
3.046349999999999861e-04 -8.770229999999999953e-04
6.406460000000000323e-04 -1.437590000000000092e-03
9.109030000000000165e-04 -1.718380000000000038e-03
1.071609999999999967e-03 -1.685389999999999935e-03
1.093840000000000003e-03 -1.414469999999999920e-03
9.659070000000000069e-04 -1.025169999999999944e-03
6.920410000000000103e-04 -5.709969999999999542e-04
2.952540000000000026e-04 -4.887299999999999777e-05
-1.738859999999999950e-04 5.134230000000000477e-04
-6.369150000000000506e-04 1.074550000000000071e-03
-1.009249999999999948e-03 1.579979999999999926e-03
-1.230200000000000087e-03 1.906970000000000019e-03
-1.276439999999999996e-03 1.929319999999999993e-03
-1.152959999999999966e-03 1.577459999999999930e-03
-8.761300000000000294e-04 8.913620000000000354e-04
-4.677360000000000090e-04 4.488989999999999859e-05
3.813049999999999686e-05 -7.942640000000000377e-04
5.865350000000000077e-04 -1.488189999999999912e-03
1.097719999999999946e-03 -1.916359999999999982e-03
1.474800000000000069e-03 -2.034610000000000064e-03
1.628440000000000096e-03 -1.877280000000000051e-03
1.509810000000000102e-03 -1.529289999999999990e-03
1.131470000000000089e-03 -1.038789999999999939e-03
5.615369999999999737e-04 -3.759710000000000092e-04
-1.014369999999999980e-04 4.625529999999999876e-04
-7.521570000000000426e-04 1.348699999999999986e-03
-1.293620000000000100e-03 2.079699999999999865e-03
-1.649410000000000025e-03 2.474389999999999923e-03
-1.772130000000000016e-03 2.418149999999999987e-03
-1.641829999999999939e-03 1.885399999999999967e-03
-1.259609999999999983e-03 9.605370000000000227e-04
-6.512819999999999894e-04 -1.416110000000000101e-04
1.162649999999999990e-04 -1.153340000000000094e-03
9.258139999999999556e-04 -1.885930000000000072e-03
1.626590000000000024e-03 -2.278969999999999954e-03
2.072510000000000064e-03 -2.345690000000000101e-03
2.162079999999999818e-03 -2.114770000000000191e-03
1.865289999999999917e-03 -1.615520000000000064e-03
1.231029999999999928e-03 -8.556240000000000330e-04
3.731189999999999897e-04 1.431600000000000049e-04
-5.576339999999999943e-04 1.245699999999999976e-03
-1.404440000000000072e-03 2.214680000000000121e-03
-2.031409999999999987e-03 2.808010000000000107e-03
-2.340420000000000174e-03 2.842089999999999807e-03
-2.275709999999999799e-03 2.261360000000000019e-03
-1.825489999999999925e-03 1.197099999999999987e-03
-1.031999999999999931e-03 -5.266259999999999957e-05
-4.975969999999999895e-06 -1.170730000000000035e-03
1.081820000000000047e-03 -1.993079999999999938e-03
2.021530000000000115e-03 -2.497549999999999857e-03
2.620060000000000010e-03 -2.665480000000000019e-03
2.740269999999999945e-03 -2.427209999999999958e-03
2.338240000000000110e-03 -1.757569999999999966e-03
1.483570000000000028e-03 -7.404379999999999469e-04
3.461539999999999929e-04 4.620989999999999950e-04
-8.526970000000000252e-04 1.636529999999999973e-03
-1.898139999999999983e-03 2.544480000000000006e-03
-2.616680000000000134e-03 2.943970000000000180e-03
-2.885040000000000174e-03 2.698180000000000110e-03
-2.638179999999999952e-03 1.883560000000000052e-03
-1.890589999999999936e-03 7.453429999999999821e-04
-7.557370000000000320e-04 -4.231290000000000073e-04
5.600750000000000476e-04 -1.404110000000000080e-03
1.796379999999999982e-03 -2.087729999999999881e-03
2.695680000000000211e-03 -2.406950000000000148e-03
3.062580000000000077e-03 -2.333889999999999923e-03
2.814360000000000125e-03 -1.902049999999999965e-03
2.005789999999999917e-03 -1.138050000000000042e-03
8.120409999999999998e-04 -8.925820000000000542e-05
-5.208879999999999500e-04 1.062400000000000020e-03
-1.731899999999999976e-03 1.988760000000000007e-03
-2.591689999999999793e-03 2.398500000000000024e-03
-2.941889999999999956e-03 2.235459999999999878e-03
-2.722190000000000200e-03 1.635259999999999925e-03
-1.976429999999999940e-03 8.023890000000000319e-04
-8.415150000000000364e-04 -8.681299999999999705e-05
4.694109999999999819e-04 -8.902709999999999877e-04
1.690319999999999930e-03 -1.450349999999999990e-03
2.549909999999999850e-03 -1.691629999999999957e-03
2.848670000000000195e-03 -1.652569999999999907e-03
2.527800000000000186e-03 -1.366840000000000025e-03
1.685050000000000003e-03 -8.653649999999999927e-04
5.356869999999999687e-04 -2.586099999999999922e-04
-6.533949999999999741e-04 3.319430000000000167e-04
-1.631340000000000004e-03 8.317090000000000290e-04
-2.213800000000000143e-03 1.152079999999999988e-03
-2.309170000000000146e-03 1.234190000000000027e-03
-1.926949999999999974e-03 1.082389999999999915e-03
-1.171649999999999992e-03 7.398590000000000461e-04
-2.219119999999999990e-04 3.349280000000000161e-04
7.044889999999999833e-04 1.389719999999999969e-05
1.401930000000000016e-03 -2.275699999999999913e-04
1.732449999999999962e-03 -4.716300000000000093e-04
1.657980000000000087e-03 -7.382660000000000090e-04
1.238310000000000062e-03 -9.642360000000000427e-04
6.079450000000000348e-04 -1.073909999999999969e-03
-5.642530000000000337e-05 -1.051319999999999902e-03
-5.826460000000000319e-04 -8.393730000000000288e-04
-8.598949999999999519e-04 -3.984899999999999879e-04
-8.724209999999999604e-04 1.798059999999999925e-04
-6.875730000000000253e-04 7.317619999999999507e-04
-4.134349999999999744e-04 1.120509999999999909e-03
-1.548239999999999935e-04 1.276559999999999934e-03
1.784880000000000095e-05 1.167440000000000058e-03
8.215850000000000290e-05 8.544670000000000303e-04
6.026290000000000200e-05 4.080719999999999920e-04
6.422119999999999593e-06 -1.599609999999999953e-04
-1.488699999999999994e-05 -7.503100000000000177e-04
4.044150000000000235e-05 -1.181779999999999897e-03
1.754030000000000010e-04 -1.317900000000000104e-03
3.561050000000000066e-04 -1.178910000000000027e-03
5.282159999999999720e-04 -8.283189999999999954e-04
6.250780000000000485e-04 -2.799780000000000085e-04
5.800620000000000038e-04 3.154450000000000266e-04
3.597499999999999895e-04 7.417819999999999666e-04
-6.022929999999999948e-06 9.002930000000000351e-04
-4.263599999999999769e-04 8.101630000000000290e-04
-7.812300000000000537e-04 5.668259999999999835e-04
-9.627289999999999503e-04 2.816890000000000062e-04
-9.099550000000000520e-04 5.402429999999999705e-05
-6.297479999999999615e-04 -6.807660000000000480e-05
-1.962889999999999904e-04 -1.139039999999999991e-04
2.723250000000000193e-04 -1.347540000000000044e-04
6.529469999999999675e-04 -1.810199999999999982e-04
8.580509999999999743e-04 -2.993210000000000163e-04
8.591929999999999576e-04 -4.450829999999999804e-04
6.820370000000000295e-04 -4.969910000000000126e-04
3.860660000000000133e-04 -4.120950000000000177e-04
4.639099999999999680e-05 -2.380639999999999894e-04
-2.637450000000000168e-04 -5.211670000000000027e-06
-4.914010000000000340e-04 2.619340000000000166e-04
-6.117629999999999769e-04 4.985140000000000318e-04
-6.214919999999999646e-04 6.320759999999999703e-04
-5.295910000000000461e-04 6.191869999999999926e-04
-3.554450000000000231e-04 4.593309999999999971e-04
-1.307009999999999943e-04 1.964660000000000126e-04
1.035950000000000000e-04 -9.782500000000000613e-05
3.066370000000000120e-04 -3.500299999999999809e-04
4.477439999999999740e-04 -5.061339999999999893e-04
5.099460000000000538e-04 -5.451399999999999475e-04
4.879870000000000019e-04 -4.792779999999999740e-04
3.864480000000000107e-04 -3.439439999999999989e-04
2.210240000000000034e-04 -1.786559999999999917e-04
1.991120000000000005e-05 -9.524800000000000692e-06
-1.794069999999999985e-04 1.511290000000000094e-04
-3.386330000000000221e-04 2.925569999999999842e-04
-4.286860000000000085e-04 3.966409999999999858e-04
-4.367659999999999989e-04 4.394539999999999840e-04
-3.679479999999999947e-04 4.013600000000000197e-04
-2.414609999999999977e-04 2.798499999999999989e-04
-8.392030000000000355e-05 9.784280000000000451e-05
7.729559999999999903e-05 -9.958090000000000062e-05
2.181589999999999962e-04 -2.617200000000000082e-04
3.193760000000000132e-04 -3.537400000000000115e-04
3.667990000000000096e-04 -3.700229999999999774e-04
3.527490000000000204e-04 -3.280029999999999968e-04
2.784129999999999786e-04 -2.479700000000000263e-04
1.558110000000000029e-04 -1.416900000000000071e-04
7.519020000000000052e-06 -1.662150000000000002e-05
-1.372040000000000098e-04 1.149820000000000047e-04
-2.496789999999999925e-04 2.317590000000000015e-04
-3.098749999999999834e-04 3.080410000000000006e-04
-3.113130000000000194e-04 3.244599999999999936e-04
-2.603829999999999903e-04 2.770679999999999974e-04
-1.713519999999999952e-04 1.792379999999999939e-04
-6.096639999999999959e-05 5.572280000000000120e-05
5.421699999999999946e-05 -6.689319999999999847e-05
1.578430000000000132e-04 -1.677500000000000117e-04
2.337490000000000010e-04 -2.342239999999999990e-04
2.682019999999999912e-04 -2.604010000000000027e-04
2.540490000000000066e-04 -2.448719999999999825e-04
1.941640000000000065e-04 -1.903599999999999867e-04
1.016099999999999978e-04 -1.049820000000000055e-04
-4.002459999999999961e-06 -2.969680000000000000e-06
-1.021479999999999985e-04 9.708069999999999363e-05
-1.763169999999999993e-04 1.763950000000000077e-04
-2.164900000000000093e-04 2.208140000000000038e-04
-2.191840000000000075e-04 2.240350000000000056e-04
-1.863319999999999907e-04 1.882250000000000080e-04
-1.243080000000000031e-04 1.223840000000000127e-04
-4.343349999999999674e-05 3.964340000000000062e-05
4.271510000000000037e-05 -4.541010000000000082e-05
1.190470000000000005e-04 -1.189149999999999956e-04
1.718880000000000050e-04 -1.694599999999999937e-04
1.921969999999999896e-04 -1.895499999999999995e-04
1.777039999999999913e-04 -1.767480000000000093e-04
1.330670000000000052e-04 -1.342140000000000130e-04
6.815140000000000618e-05 -7.025499999999999736e-05
-4.616120000000000283e-06 3.199159999999999961e-06
-7.276040000000000220e-05 7.292319999999999326e-05
-1.255680000000000012e-04 1.269409999999999896e-04
-1.552509999999999947e-04 1.566689999999999869e-04
-1.577749999999999997e-04 1.582300000000000080e-04
-1.334600000000000131e-04 1.327859999999999989e-04
-8.713950000000000146e-05 8.599380000000000327e-05
-2.750829999999999885e-05 2.677350000000000040e-05
