-3.184860000000000105e-08 7.840969999999999570e-07
-1.965199999999999889e-07 2.787010000000000020e-06
-5.879329999999999747e-07 4.714330000000000313e-06
-1.284220000000000047e-06 8.172340000000000770e-06
-2.687390000000000032e-06 1.936499999999999840e-05
-5.881489999999999655e-06 4.434190000000000315e-05
-1.232039999999999981e-05 8.075059999999999899e-05
-2.262780000000000043e-05 1.120909999999999946e-04
-3.542910000000000270e-05 1.199580000000000058e-04
-4.716590000000000187e-05 9.221660000000000067e-05
-5.249459999999999711e-05 2.436340000000000123e-05
-4.532770000000000310e-05 -6.707489999999999709e-05
-2.133369999999999871e-05 -1.485649999999999981e-04
1.914899999999999911e-05 -1.966620000000000087e-04
7.015320000000000453e-05 -2.170119999999999883e-04
1.217870000000000047e-04 -2.358860000000000112e-04
1.633419999999999957e-04 -2.746800000000000196e-04
1.865100000000000015e-04 -3.303110000000000161e-04
1.877840000000000032e-04 -3.706620000000000097e-04
1.685930000000000035e-04 -3.462130000000000003e-04
1.326710000000000042e-04 -2.276599999999999989e-04
8.299529999999999462e-05 -4.234210000000000241e-05
2.077250000000000144e-05 1.474210000000000104e-04
-5.358470000000000214e-05 2.975450000000000252e-04
-1.377179999999999984e-04 3.983619999999999783e-04
-2.230719999999999947e-04 4.571840000000000192e-04
-2.929909999999999871e-04 4.878139999999999885e-04
-3.280779999999999851e-04 5.037620000000000466e-04
-3.170329999999999850e-04 5.088480000000000043e-04
-2.643580000000000192e-04 4.956729999999999687e-04
-1.877930000000000094e-04 4.443369999999999980e-04
-1.066789999999999996e-04 3.209390000000000116e-04
-3.064049999999999912e-05 1.118689999999999957e-04
4.188309999999999885e-05 -1.440090000000000098e-04
1.164069999999999986e-04 -3.909750000000000031e-04
1.953059999999999898e-04 -5.910849999999999828e-04
2.748939999999999739e-04 -7.211130000000000057e-04
3.450430000000000099e-04 -7.727590000000000327e-04
3.910009999999999788e-04 -7.559069999999999982e-04
3.984740000000000070e-04 -6.902250000000000399e-04
3.603890000000000218e-04 -5.945450000000000344e-04
2.808640000000000268e-04 -4.744950000000000166e-04
1.732100000000000035e-04 -3.218480000000000125e-04
5.389070000000000226e-05 -1.334519999999999955e-04
-6.299029999999999896e-05 8.557380000000000390e-05
-1.681730000000000041e-04 3.196510000000000063e-04
-2.563169999999999923e-04 5.329140000000000005e-04
-3.231770000000000129e-04 6.819060000000000269e-04
-3.640110000000000220e-04 7.465619999999999852e-04
-3.751079999999999736e-04 7.476779999999999928e-04
-3.563679999999999734e-04 7.194740000000000033e-04
-3.113419999999999881e-04 6.670099999999999987e-04
-2.448090000000000205e-04 5.620319999999999613e-04
-1.612039999999999968e-04 3.721519999999999971e-04
-6.557269999999999646e-05 1.088979999999999999e-04
3.512999999999999738e-05 -1.694169999999999942e-04
1.345290000000000125e-04 -4.264930000000000110e-04
2.311690000000000088e-04 -6.582530000000000282e-04
3.260660000000000186e-04 -8.440200000000000133e-04
4.133319999999999789e-04 -9.518940000000000040e-04
4.753010000000000221e-04 -9.507050000000000396e-04
4.892180000000000313e-04 -8.269790000000000387e-04
4.406890000000000221e-04 -6.212010000000000448e-04
3.325730000000000157e-04 -3.965959999999999820e-04
1.819109999999999868e-04 -1.824469999999999965e-04
9.628180000000000709e-06 4.291209999999999865e-05
-1.660800000000000091e-04 3.155519999999999766e-04
-3.284280000000000207e-04 6.252160000000000530e-04
-4.592490000000000070e-04 9.091099999999999745e-04
-5.424680000000000517e-04 1.096020000000000067e-03
-5.713060000000000490e-04 1.145769999999999948e-03
-5.494620000000000190e-04 1.057219999999999991e-03
-4.832770000000000013e-04 8.517270000000000396e-04
-3.735979999999999965e-04 5.543879999999999511e-04
-2.170309999999999893e-04 1.809679999999999926e-04
-1.571200000000000136e-05 -2.498029999999999934e-04
2.136700000000000058e-04 -6.826679999999999901e-04
4.398420000000000216e-04 -1.034959999999999916e-03
6.268419999999999591e-04 -1.247779999999999983e-03
7.458999999999999702e-04 -1.303130000000000000e-03
7.800399999999999652e-04 -1.213220000000000097e-03
7.215770000000000474e-04 -1.006479999999999918e-03
5.707140000000000520e-04 -7.178879999999999680e-04
3.384920000000000246e-04 -3.476439999999999804e-04
4.930589999999999832e-05 1.162240000000000040e-04
-2.595189999999999932e-04 6.098699999999999868e-04
-5.429400000000000025e-04 1.041849999999999981e-03
-7.596890000000000240e-04 1.342179999999999892e-03
-8.829859999999999922e-04 1.471139999999999904e-03
-9.025450000000000399e-04 1.432359999999999927e-03
-8.191579999999999522e-04 1.243769999999999945e-03
-6.391600000000000536e-04 9.072299999999999722e-04
-3.746959999999999917e-04 4.220979999999999828e-04
-4.803430000000000189e-05 -1.979700000000000036e-04
3.065629999999999853e-04 -8.800470000000000124e-04
6.446549999999999460e-04 -1.443190000000000011e-03
9.169830000000000125e-04 -1.725729999999999972e-03
1.079529999999999986e-03 -1.693599999999999967e-03
1.102670000000000039e-03 -1.422780000000000008e-03
9.739539999999999656e-04 -1.032829999999999989e-03
6.974789999999999809e-04 -5.768849999999999629e-04
2.969679999999999933e-04 -5.150599999999999780e-05
-1.759429999999999924e-04 5.151959999999999916e-04
-6.420590000000000542e-04 1.080720000000000075e-03
-1.016549999999999962e-03 1.589270000000000049e-03
-1.238759999999999991e-03 1.917480000000000052e-03
-1.285399999999999911e-03 1.939350000000000058e-03
-1.161509999999999930e-03 1.585849999999999977e-03
-8.833069999999999507e-04 8.973129999999999518e-04
-4.722759999999999892e-04 4.778750000000000283e-05
3.764889999999999795e-05 -7.949530000000000441e-04
5.910190000000000278e-04 -1.492889999999999972e-03
1.106879999999999973e-03 -1.925129999999999940e-03
1.487070000000000058e-03 -2.046720000000000136e-03
1.641490000000000006e-03 -1.890940000000000025e-03
1.521240000000000092e-03 -1.541969999999999929e-03
1.139379999999999950e-03 -1.047940000000000026e-03
5.648639999999999911e-04 -3.797420000000000244e-04
-1.028319999999999939e-04 4.649100000000000194e-04
-7.578049999999999587e-04 1.356690000000000023e-03
-1.302919999999999946e-03 2.091690000000000216e-03
-1.661649999999999976e-03 2.488189999999999933e-03
-1.786070000000000062e-03 2.431749999999999884e-03
-1.655390000000000073e-03 1.897290000000000044e-03
-1.270199999999999975e-03 9.694060000000000220e-04
-6.565819999999999556e-04 -1.372319999999999898e-04
1.176929999999999995e-04 -1.154850000000000017e-03
9.342009999999999550e-04 -1.893979999999999969e-03
1.640760000000000005e-03 -2.292910000000000000e-03
2.089919999999999885e-03 -2.363479999999999834e-03
2.179389999999999800e-03 -2.133239999999999789e-03
1.879339999999999960e-03 -1.630960000000000092e-03
1.239550000000000070e-03 -8.647070000000000407e-04
3.750049999999999781e-04 1.424030000000000120e-04
-5.625720000000000070e-04 1.253290000000000003e-03
-1.415720000000000086e-03 2.228860000000000043e-03
-2.047849999999999931e-03 2.825990000000000012e-03
-2.359889999999999904e-03 2.860979999999999947e-03
-2.295070000000000183e-03 2.278570000000000161e-03
-1.841039999999999951e-03 1.210219999999999916e-03
-1.040279999999999981e-03 -4.589880000000000175e-05
-3.613250000000000091e-06 -1.172150000000000058e-03
1.093229999999999940e-03 -2.003439999999999995e-03
2.040909999999999946e-03 -2.515959999999999811e-03
2.643340000000000099e-03 -2.689089999999999883e-03
2.762740000000000074e-03 -2.451379999999999965e-03
2.356000000000000021e-03 -1.776879999999999996e-03
1.493970000000000064e-03 -7.504659999999999803e-04
3.475719999999999851e-04 4.632400000000000168e-04
-8.609649999999999942e-04 1.647999999999999942e-03
-1.915400000000000045e-03 2.563650000000000217e-03
-2.640410000000000153e-03 2.967490000000000145e-03
-2.911139999999999995e-03 2.722319999999999861e-03
-2.661629999999999899e-03 1.904349999999999966e-03
-1.906389999999999994e-03 7.589429999999999874e-04
-7.599899999999999928e-04 -4.196040000000000165e-04
5.688930000000000028e-04 -1.411949999999999924e-03
1.816569999999999990e-03 -2.106199999999999913e-03
2.722669999999999951e-03 -2.433030000000000088e-03
3.090509999999999872e-03 -2.362410000000000117e-03
2.837769999999999876e-03 -1.926720000000000039e-03
2.020600000000000000e-03 -1.153240000000000038e-03
8.159089999999999702e-04 -9.175460000000000408e-05
-5.285659999999999534e-04 1.072699999999999999e-03
-1.750030000000000075e-03 2.009159999999999852e-03
-2.617509999999999976e-03 2.424509999999999946e-03
-2.970930000000000099e-03 2.262020000000000003e-03
-2.748519999999999956e-03 1.657770000000000033e-03
-1.993809999999999940e-03 8.170820000000000079e-04
-8.455080000000000234e-04 -8.281290000000000125e-05
4.797469999999999860e-04 -8.985139999999999967e-04
1.712210000000000034e-03 -1.470020000000000051e-03
2.578110000000000211e-03 -1.718850000000000065e-03
2.877039999999999979e-03 -1.681100000000000042e-03
2.550540000000000012e-03 -1.390039999999999939e-03
1.697780000000000079e-03 -8.782139999999999912e-04
5.362389999999999865e-04 -2.587609999999999845e-04
-6.646869999999999602e-04 3.438830000000000142e-04
-1.651880000000000102e-03 8.525670000000000383e-04
-2.239269999999999802e-03 1.176970000000000056e-03
-2.334230000000000072e-03 1.257689999999999893e-03
-1.946239999999999906e-03 1.099729999999999935e-03
-1.180969999999999936e-03 7.478510000000000062e-04
-2.193680000000000044e-04 3.325010000000000205e-04
7.179460000000000139e-04 2.151689999999999807e-06
1.422679999999999952e-03 -2.457189999999999830e-04
1.755080000000000008e-03 -4.921650000000000287e-04
1.676860000000000069e-03 -7.568359999999999888e-04
1.249380000000000022e-03 -9.768769999999999103e-04
6.097960000000000142e-04 -1.077950000000000045e-03
-6.271240000000000625e-05 -1.046389999999999907e-03
-5.944719999999999692e-04 -8.277459999999999722e-04
-8.739559999999999516e-04 -3.841149999999999773e-04
-8.853269999999999890e-04 1.929529999999999939e-04
-6.966259999999999944e-04 7.408999999999999570e-04
-4.173550000000000046e-04 1.124470000000000027e-03
-1.538730000000000089e-04 1.275700000000000054e-03
2.233549999999999986e-05 1.163280000000000043e-03
8.839260000000000476e-05 8.490229999999999652e-04
6.644190000000000501e-05 4.030579999999999753e-04
1.099500000000000061e-05 -1.637010000000000103e-04
-1.284799999999999964e-05 -7.528139999999999788e-04
4.017510000000000097e-05 -1.183430000000000072e-03
1.742980000000000039e-04 -1.318989999999999919e-03
3.559689999999999794e-04 -1.179710000000000047e-03
5.299200000000000221e-04 -8.293610000000000305e-04
6.281289999999999487e-04 -2.816599999999999833e-04
5.831430000000000511e-04 3.135379999999999786e-04
3.613350000000000090e-04 7.408570000000000389e-04
-7.248960000000000134e-06 9.015650000000000053e-04
-4.309480000000000081e-04 8.141420000000000124e-04
-7.884180000000000398e-04 5.730989999999999826e-04
-9.705179999999999666e-04 2.889740000000000017e-04
-9.159650000000000300e-04 6.036579999999999724e-05
-6.322240000000000238e-04 -6.478840000000000467e-05
-1.946349999999999957e-04 -1.150790000000000005e-04
2.776130000000000134e-04 -1.403590000000000024e-04
6.606010000000000267e-04 -1.894879999999999991e-04
8.663260000000000535e-04 -3.082359999999999809e-04
8.661880000000000491e-04 -4.521579999999999762e-04
6.862180000000000493e-04 -5.007079999999999908e-04
3.867179999999999793e-04 -4.119190000000000113e-04
4.361309999999999753e-05 -2.344609999999999902e-04
-2.692770000000000038e-04 5.824310000000000357e-07
-4.985099999999999688e-04 2.684699999999999825e-04
-6.188479999999999676e-04 5.046329999999999913e-04
-6.269539999999999879e-04 6.369680000000000177e-04
-5.324239999999999832e-04 6.221900000000000043e-04
-3.554939999999999815e-04 4.599189999999999854e-04
-1.284280000000000111e-04 1.945139999999999879e-04
1.075220000000000049e-04 -1.018449999999999981e-04
3.115460000000000017e-04 -3.552000000000000144e-04
4.529350000000000129e-04 -5.114489999999999748e-04
5.146490000000000526e-04 -5.497609999999999563e-04
4.914389999999999818e-04 -4.825599999999999877e-04
3.880369999999999848e-04 -3.454059999999999791e-04
2.204189999999999915e-04 -1.780429999999999892e-04
1.717259999999999886e-05 -6.928909999999999700e-06
-1.837499999999999941e-04 1.552349999999999867e-04
-3.436409999999999985e-04 2.974030000000000120e-04
-4.332699999999999768e-04 4.013089999999999756e-04
-4.400510000000000055e-04 4.430549999999999788e-04
-3.695039999999999913e-04 4.032160000000000236e-04
-2.412790000000000052e-04 2.796809999999999943e-04
-8.222559999999999418e-05 9.583070000000000390e-05
8.019540000000000132e-05 -1.028839999999999995e-04
2.218850000000000076e-04 -2.656099999999999997e-04
3.234040000000000092e-04 -3.575590000000000235e-04
3.704350000000000134e-04 -3.732440000000000063e-04
3.552510000000000043e-04 -3.302129999999999909e-04
2.792210000000000156e-04 -2.488410000000000253e-04
1.547739999999999923e-04 -1.410179999999999973e-04
4.957929999999999980e-06 -1.443750000000000026e-05
-1.406280000000000095e-04 1.183140000000000060e-04
-2.532279999999999818e-04 2.355590000000000125e-04
-3.129469999999999973e-04 3.114939999999999961e-04
-3.135130000000000187e-04 3.268720000000000241e-04
-2.614809999999999856e-04 2.780649999999999745e-04
-1.712229999999999969e-04 1.787980000000000049e-04
-5.959979999999999813e-05 5.408109999999999963e-05
5.665350000000000231e-05 -6.937320000000000183e-05
1.609480000000000047e-04 -1.706570000000000027e-04
2.369220000000000061e-04 -2.371209999999999952e-04
2.707869999999999808e-04 -2.628350000000000001e-04
2.555279999999999834e-04 -2.464260000000000018e-04
1.943129999999999944e-04 -1.907380000000000024e-04
1.005279999999999970e-04 -1.041040000000000048e-04
-5.985650000000000027e-06 -1.017770000000000040e-06
-1.046129999999999960e-04 9.969740000000000535e-05
-1.788580000000000009e-04 1.791440000000000046e-04
-2.187500000000000046e-04 2.231769999999999945e-04
-2.208370000000000135e-04 2.256199999999999981e-04
-1.870990000000000055e-04 1.888209999999999867e-04
-1.240210000000000108e-04 1.219609999999999932e-04
-4.211850000000000001e-05 3.832349999999999993e-05
4.480049999999999907e-05 -4.738220000000000181e-05
1.214669999999999942e-04 -1.212000000000000051e-04
1.741500000000000047e-04 -1.716660000000000061e-04
1.938850000000000046e-04 -1.912910000000000088e-04
1.785669999999999998e-04 -1.777209999999999879e-04
1.330319999999999962e-04 -1.342609999999999941e-04
6.729430000000000383e-05 -6.939699999999999981e-05
-6.115900000000000177e-06 4.772470000000000065e-06
-7.465010000000000547e-05 7.489800000000000017e-05
-1.275410000000000042e-04 1.289480000000000129e-04
-1.569730000000000029e-04 1.583560000000000132e-04
-1.589379999999999884e-04 1.593219999999999901e-04
-1.338520000000000053e-04 1.331270000000000012e-04
-8.670159999999999673e-05 8.555930000000000599e-05
-2.635289999999999971e-05 2.566740000000000094e-05
