-4.743089999999999758e-08 7.362950000000000164e-07
-2.537319999999999853e-07 2.528300000000000001e-06
-6.271090000000000338e-07 4.070220000000000139e-06
-1.165109999999999929e-06 6.996880000000000169e-06
-2.431510000000000205e-06 1.700899999999999927e-05
-5.635889999999999838e-06 3.896499999999999709e-05
-1.158370000000000058e-05 6.965570000000000464e-05
-1.939899999999999841e-05 9.358260000000000081e-05
-2.675279999999999905e-05 9.533180000000000094e-05
-3.124039999999999993e-05 6.612229999999999540e-05
-3.038399999999999912e-05 3.884789999999999782e-06
-2.122729999999999919e-05 -7.430370000000000486e-05
-2.134689999999999801e-06 -1.377600000000000092e-04
2.538140000000000063e-05 -1.685140000000000064e-04
5.746280000000000149e-05 -1.758569999999999936e-04
8.914649999999999766e-05 -1.845360000000000099e-04
1.140689999999999949e-04 -2.114449999999999923e-04
1.252810000000000089e-04 -2.512939999999999965e-04
1.188659999999999966e-04 -2.753119999999999960e-04
9.640459999999999514e-05 -2.426010000000000037e-04
6.308990000000000052e-05 -1.340690000000000067e-04
2.449120000000000024e-05 1.831970000000000012e-05
-1.572189999999999935e-05 1.586070000000000080e-04
-5.777009999999999768e-05 2.562519999999999989e-04
-1.040739999999999932e-04 3.126790000000000060e-04
-1.515800000000000090e-04 3.390809999999999744e-04
-1.872809999999999980e-04 3.480329999999999795e-04
-1.961389999999999868e-04 3.499479999999999908e-04
-1.739920000000000106e-04 3.465349999999999746e-04
-1.309670000000000083e-04 3.324119999999999744e-04
-8.277550000000000055e-05 2.942880000000000257e-04
-3.919330000000000302e-05 2.055310000000000080e-04
-2.193349999999999983e-07 5.444020000000000098e-05
3.784959999999999757e-05 -1.279040000000000005e-04
7.649520000000000581e-05 -3.005080000000000034e-04
1.162759999999999960e-04 -4.379790000000000159e-04
1.576249999999999960e-04 -5.227510000000000099e-04
1.963710000000000076e-04 -5.487040000000000103e-04
2.224539999999999948e-04 -5.270700000000000341e-04
2.262630000000000121e-04 -4.759639999999999986e-04
2.049540000000000031e-04 -4.092370000000000122e-04
1.620849999999999906e-04 -3.282140000000000122e-04
1.034930000000000068e-04 -2.242590000000000089e-04
3.572619999999999686e-05 -9.489520000000000583e-05
-3.356220000000000199e-05 5.784290000000000145e-05
-9.734020000000000021e-05 2.253459999999999936e-04
-1.509840000000000032e-04 3.798100000000000109e-04
-1.910799999999999933e-04 4.856740000000000124e-04
-2.145890000000000015e-04 5.290289999999999793e-04
-2.209850000000000128e-04 5.311989999999999941e-04
-2.128420000000000062e-04 5.200359999999999792e-04
-1.916510000000000121e-04 4.930989999999999896e-04
-1.551930000000000030e-04 4.205090000000000086e-04
-1.020349999999999946e-04 2.740749999999999805e-04
-3.770600000000000118e-05 6.844439999999999812e-05
2.674110000000000050e-05 -1.422309999999999872e-04
8.541360000000000499e-05 -3.308469999999999987e-04
1.440699999999999945e-04 -5.004949999999999980e-04
2.087070000000000060e-04 -6.353840000000000139e-04
2.700590000000000108e-04 -7.098599999999999832e-04
3.068270000000000220e-04 -6.980190000000000266e-04
3.025750000000000228e-04 -5.870100000000000057e-04
2.565700000000000185e-04 -4.143670000000000122e-04
1.803689999999999937e-04 -2.393259999999999919e-04
8.630039999999999792e-05 -8.749460000000000082e-05
-1.901870000000000139e-05 6.563969999999999430e-05
-1.298089999999999899e-04 2.583160000000000252e-04
-2.325779999999999948e-04 4.835409999999999838e-04
-3.072479999999999829e-04 6.854600000000000406e-04
-3.401629999999999888e-04 8.038529999999999894e-04
-3.341659999999999986e-04 8.113690000000000442e-04
-3.024719999999999731e-04 7.180269999999999882e-04
-2.532640000000000065e-04 5.504109999999999992e-04
-1.830570000000000060e-04 3.293039999999999900e-04
-8.471300000000000021e-05 5.864050000000000209e-05
4.032330000000000067e-05 -2.547629999999999730e-04
1.764849999999999882e-04 -5.638439999999999772e-04
2.988409999999999938e-04 -7.951759999999999775e-04
3.856600000000000176e-04 -9.046850000000000161e-04
4.277050000000000123e-04 -8.918150000000000122e-04
4.244820000000000060e-04 -7.821450000000000407e-04
3.747239999999999989e-04 -6.085700000000000094e-04
2.760120000000000130e-04 -3.999170000000000134e-04
1.323479999999999871e-04 -1.444829999999999921e-04
-4.139630000000000208e-05 1.785040000000000108e-04
-2.181870000000000033e-04 5.126030000000000387e-04
-3.641830000000000197e-04 7.823430000000000141e-04
-4.551790000000000003e-04 9.422770000000000451e-04
-4.870850000000000028e-04 9.765839999999999591e-04
-4.676150000000000011e-04 9.048139999999999872e-04
-4.018369999999999950e-04 7.498220000000000319e-04
-2.885890000000000113e-04 5.084199999999999874e-04
-1.296889999999999979e-04 1.691689999999999926e-04
6.060159999999999928e-05 -2.660939999999999768e-04
2.560770000000000082e-04 -7.376029999999999783e-04
4.240839999999999736e-04 -1.088800000000000011e-03
5.346259999999999598e-04 -1.198470000000000091e-03
5.736419999999999670e-04 -1.072229999999999971e-03
5.438840000000000124e-04 -8.027289999999999643e-04
4.491869999999999804e-04 -4.994389999999999594e-04
2.847659999999999905e-04 -1.928529999999999914e-04
5.143869999999999931e-05 1.408670000000000050e-04
-2.188170000000000024e-04 4.903140000000000493e-04
-4.634619999999999886e-04 8.299829999999999578e-04
-6.257110000000000406e-04 1.121789999999999897e-03
-6.833780000000000019e-04 1.268009999999999970e-03
-6.426809999999999815e-04 1.184280000000000012e-03
-5.186049999999999991e-04 8.454349999999999582e-04
-3.256120000000000260e-04 3.083070000000000146e-04
-8.077519999999999872e-05 -2.808500000000000232e-04
1.938879999999999976e-04 -8.108669999999999463e-04
4.707870000000000175e-04 -1.198470000000000091e-03
7.074369999999999964e-04 -1.364540000000000024e-03
8.459399999999999949e-04 -1.297519999999999923e-03
8.387989999999999899e-04 -1.053420000000000007e-03
6.786729999999999716e-04 -7.227509999999999924e-04
3.998699999999999781e-04 -3.492120000000000033e-04
5.406579999999999996e-05 9.932150000000000104e-05
-3.064349999999999756e-04 6.308779999999999727e-04
-6.248529999999999753e-04 1.146710000000000004e-03
-8.429880000000000272e-04 1.506629999999999905e-03
-9.244560000000000407e-04 1.603749999999999924e-03
-8.670350000000000496e-04 1.383569999999999982e-03
-6.853399999999999943e-04 8.575570000000000024e-04
-3.926550000000000006e-04 1.197929999999999964e-04
-1.119190000000000037e-05 -6.438070000000000381e-04
4.068890000000000137e-04 -1.233769999999999919e-03
7.838339999999999631e-04 -1.542559999999999895e-03
1.043419999999999981e-03 -1.571590000000000096e-03
1.130039999999999907e-03 -1.371470000000000068e-03
1.013910000000000028e-03 -1.000309999999999915e-03
7.008389999999999759e-04 -5.150419999999999521e-04
2.427840000000000120e-04 6.148160000000000441e-05
-2.719169999999999920e-04 7.141320000000000263e-04
-7.442879999999999592e-04 1.342709999999999997e-03
-1.087560000000000002e-03 1.780450000000000045e-03
-1.243540000000000010e-03 1.885570000000000041e-03
-1.189909999999999969e-03 1.579429999999999940e-03
-9.343739999999999685e-04 8.851980000000000178e-04
-5.072020000000000001e-04 -3.772760000000000111e-05
3.482370000000000338e-05 -9.243810000000000525e-04
6.040950000000000226e-04 -1.539089999999999903e-03
1.096100000000000026e-03 -1.812030000000000064e-03
1.413610000000000040e-03 -1.797149999999999963e-03
1.480680000000000060e-03 -1.536019999999999920e-03
1.254600000000000029e-03 -1.022569999999999989e-03
7.540980000000000296e-04 -2.949830000000000182e-04
8.011069999999999856e-05 5.281080000000000062e-04
-6.130040000000000011e-04 1.297959999999999912e-03
-1.181250000000000008e-03 1.861950000000000020e-03
-1.530289999999999906e-03 2.085300000000000001e-03
-1.608660000000000038e-03 1.862740000000000099e-03
-1.393139999999999960e-03 1.194860000000000063e-03
-9.012840000000000261e-04 2.457119999999999812e-04
-2.107640000000000034e-04 -7.297189999999999840e-04
5.492480000000000105e-04 -1.488959999999999893e-03
1.229470000000000085e-03 -1.891169999999999960e-03
1.689750000000000063e-03 -1.912840000000000070e-03
1.820250000000000036e-03 -1.585540000000000083e-03
1.568640000000000052e-03 -9.889740000000001030e-04
9.720249999999999507e-04 -2.514910000000000084e-04
1.589089999999999925e-04 5.372989999999999797e-04
-6.936450000000000038e-04 1.304220000000000032e-03
-1.409389999999999948e-03 1.892430000000000067e-03
-1.840089999999999955e-03 2.072420000000000165e-03
-1.889629999999999999e-03 1.715340000000000094e-03
-1.546760000000000105e-03 9.323629999999999635e-04
-8.914730000000000484e-04 -2.756630000000000067e-05
-5.739979999999999887e-05 -9.134139999999999794e-04
8.065540000000000166e-04 -1.553789999999999989e-03
1.541599999999999958e-03 -1.854540000000000008e-03
1.979770000000000054e-03 -1.747869999999999892e-03
1.987739999999999993e-03 -1.274879999999999937e-03
1.539320000000000055e-03 -5.893940000000000290e-04
7.405229999999999842e-04 1.701240000000000131e-04
-2.168510000000000012e-04 8.765030000000000477e-04
-1.115630000000000050e-03 1.358849999999999988e-03
-1.756249999999999999e-03 1.511989999999999949e-03
-2.000130000000000137e-03 1.354469999999999980e-03
-1.803059999999999993e-03 9.312269999999999662e-04
-1.216669999999999991e-03 3.244030000000000177e-04
-3.700940000000000111e-04 -3.354079999999999844e-04
5.537279999999999676e-04 -9.137010000000000531e-04
1.348049999999999943e-03 -1.245299999999999966e-03
1.824789999999999962e-03 -1.211580000000000079e-03
1.871779999999999972e-03 -8.928649999999999564e-04
1.492950000000000050e-03 -4.677530000000000056e-04
7.944270000000000021e-04 -6.434050000000000511e-05
-5.938359999999999841e-05 2.618869999999999813e-04
-8.760919999999999732e-04 4.796840000000000240e-04
-1.458939999999999933e-03 5.443540000000000401e-04
-1.660709999999999921e-03 5.083219999999999622e-04
-1.447699999999999898e-03 4.506569999999999782e-04
-9.065510000000000148e-04 3.659229999999999861e-04
-1.940719999999999945e-04 2.260770000000000108e-04
5.115060000000000049e-04 4.396629999999999950e-05
1.042390000000000027e-03 -1.409150000000000018e-04
1.280710000000000008e-03 -3.149830000000000164e-04
1.193940000000000105e-03 -4.239809999999999781e-04
8.367010000000000246e-04 -4.466919999999999983e-04
3.265659999999999765e-04 -4.509599999999999785e-04
-1.950990000000000103e-04 -4.357030000000000126e-04
-6.078309999999999746e-04 -3.294889999999999755e-04
-8.351640000000000019e-04 -9.955050000000000173e-05
-8.417910000000000453e-04 1.678229999999999956e-04
-6.382010000000000243e-04 3.970439999999999885e-04
-3.003120000000000073e-04 6.024669999999999765e-04
5.074909999999999832e-05 6.962169999999999513e-04
3.155979999999999962e-04 5.688349999999999570e-04
4.523180000000000017e-04 2.461259999999999945e-04
4.597299999999999911e-04 -1.638689999999999993e-04
3.616310000000000076e-04 -5.324620000000000394e-04
2.078170000000000061e-04 -7.507409999999999735e-04
5.978740000000000291e-05 -7.427860000000000539e-04
-4.242399999999999904e-05 -5.086030000000000498e-04
-9.566649999999999622e-05 -1.458099999999999880e-04
-1.189829999999999957e-04 2.250040000000000026e-04
-1.323739999999999899e-04 4.960389999999999851e-04
-1.445259999999999915e-04 5.769679999999999687e-04
-1.528359999999999983e-04 4.815280000000000016e-04
-1.521729999999999947e-04 3.153610000000000050e-04
-1.358219999999999881e-04 1.341450000000000108e-04
-9.100009999999999631e-05 -5.615610000000000263e-05
-1.208709999999999986e-05 -2.065969999999999872e-04
8.154240000000000045e-05 -2.687729999999999828e-04
1.572839999999999937e-04 -2.539689999999999938e-04
1.965100000000000006e-04 -1.981709999999999971e-04
1.989670000000000078e-04 -1.325180000000000075e-04
1.677279999999999906e-04 -7.926289999999999627e-05
1.039560000000000055e-04 -4.336069999999999974e-05
1.605539999999999878e-05 -1.121210000000000061e-05
-7.556669999999999598e-05 3.467599999999999800e-05
-1.468619999999999908e-04 9.710259999999999421e-05
-1.815780000000000020e-04 1.575840000000000010e-04
-1.756639999999999905e-04 1.887989999999999927e-04
-1.353209999999999873e-04 1.708989999999999912e-04
-7.313160000000000298e-05 1.030989999999999966e-04
-3.829210000000000392e-06 6.686599999999999643e-06
5.986420000000000191e-05 -8.549840000000000120e-05
1.094740000000000025e-04 -1.455329999999999905e-04
1.396760000000000091e-04 -1.614049999999999903e-04
1.459879999999999988e-04 -1.389949999999999931e-04
1.251129999999999929e-04 -9.587330000000000244e-05
7.847140000000000224e-05 -5.001349999999999812e-05
1.500920000000000022e-05 -9.863780000000000621e-06
-5.029300000000000112e-05 2.718109999999999968e-05
-1.015979999999999986e-04 6.643510000000000366e-05
-1.275960000000000028e-04 1.050500000000000056e-04
-1.244519999999999936e-04 1.280429999999999936e-04
-9.592529999999999449e-05 1.182119999999999992e-04
-5.144459999999999870e-05 7.293289999999999420e-05
-2.596019999999999922e-06 8.066229999999999510e-06
4.107979999999999927e-05 -5.294309999999999799e-05
7.433459999999999807e-05 -9.222650000000000205e-05
9.475049999999999347e-05 -1.045720000000000010e-04
9.984960000000000027e-05 -9.549590000000000162e-05
8.679200000000000521e-05 -7.372230000000000395e-05
5.542050000000000242e-05 -4.483880000000000173e-05
1.131010000000000035e-05 -1.070290000000000047e-05
-3.469429999999999747e-05 2.659489999999999841e-05
-7.060850000000000676e-05 6.129779999999999441e-05
-8.824920000000000203e-05 8.477120000000000586e-05
-8.586019999999999492e-05 8.975709999999999483e-05
-6.727829999999999585e-05 7.445759999999999673e-05
-3.886009999999999747e-05 4.351850000000000016e-05
-6.587509999999999885e-06 5.709610000000000210e-06
2.490070000000000030e-05 -2.977320000000000151e-05
5.152709999999999664e-05 -5.614260000000000013e-05
6.893799999999999624e-05 -6.991840000000000468e-05
7.309949999999999358e-05 -7.031790000000000653e-05
6.219309999999999921e-05 -5.833559999999999760e-05
3.826439999999999909e-05 -3.636220000000000229e-05
7.139219999999999894e-06 -8.265869999999999517e-06
-2.355190000000000061e-05 2.073599999999999933e-05
-4.705349999999999935e-05 4.490400000000000240e-05
-5.936499999999999828e-05 5.935279999999999864e-05
-5.958660000000000307e-05 6.136659999999999619e-05
-4.910509999999999848e-05 5.106940000000000269e-05
-3.057000000000000038e-05 3.123889999999999664e-05
-7.347299999999999941e-06 6.440539999999999834e-06
1.658920000000000034e-05 -1.814139999999999880e-05
3.686640000000000332e-05 -3.781049999999999993e-05
4.944060000000000230e-05 -4.918060000000000140e-05
5.170959999999999701e-05 -5.063799999999999866e-05
4.341909999999999905e-05 -4.246180000000000061e-05
2.680470000000000105e-05 -2.664840000000000053e-05
5.864500000000000348e-06 -6.491170000000000228e-06
-1.484989999999999990e-05 1.403239999999999968e-05
-3.136309999999999792e-05 3.098929999999999822e-05
-4.095909999999999888e-05 4.123109999999999899e-05
