-5.280120000000000167e-08 7.045350000000000020e-07
-2.607799999999999833e-07 2.363480000000000197e-06
-5.770730000000000482e-07 3.677120000000000041e-06
-9.915009999999999790e-07 6.291880000000000142e-06
-2.156099999999999990e-06 1.557779999999999847e-05
-5.174380000000000254e-06 3.571050000000000309e-05
-1.033450000000000075e-05 6.306200000000000032e-05
-1.625919999999999842e-05 8.279700000000000026e-05
-2.091799999999999861e-05 8.134319999999999734e-05
-2.304220000000000107e-05 5.211380000000000238e-05
-2.119159999999999883e-05 -5.316439999999999873e-06
-1.300229999999999916e-05 -7.400360000000000412e-05
2.575160000000000091e-06 -1.262319999999999935e-04
2.392930000000000144e-05 -1.482099999999999921e-04
4.833539999999999804e-05 -1.510019999999999884e-04
7.226819999999999360e-05 -1.573380000000000037e-04
8.989449999999999795e-05 -1.805099999999999912e-04
9.472430000000000379e-05 -2.132430000000000046e-04
8.451839999999999364e-05 -2.285830000000000034e-04
6.281020000000000385e-05 -1.917570000000000006e-04
3.533350000000000314e-05 -9.108200000000000649e-05
6.919199999999999754e-06 3.924590000000000316e-05
-2.013390000000000047e-05 1.497369999999999929e-04
-4.816519999999999753e-05 2.203010000000000038e-04
-8.122329999999999871e-05 2.590429999999999794e-04
-1.156810000000000059e-04 2.773170000000000149e-04
-1.379630000000000071e-04 2.834760000000000079e-04
-1.364530000000000029e-04 2.830980000000000193e-04
-1.129280000000000003e-04 2.766830000000000071e-04
-7.986579999999999689e-05 2.628430000000000176e-04
-4.913359999999999998e-05 2.336449999999999898e-04
-2.395050000000000049e-05 1.644620000000000120e-04
-1.739239999999999896e-07 4.165689999999999752e-05
2.547260000000000071e-05 -1.081409999999999934e-04
5.197500000000000297e-05 -2.494160000000000257e-04
7.916850000000000612e-05 -3.614760000000000065e-04
1.087770000000000056e-04 -4.301400000000000254e-04
1.381959999999999894e-04 -4.511979999999999854e-04
1.593649999999999895e-04 -4.346020000000000243e-04
1.650459999999999915e-04 -3.940419999999999925e-04
1.527699999999999891e-04 -3.396259999999999904e-04
1.234469999999999990e-04 -2.724749999999999958e-04
7.984980000000000246e-05 -1.858100000000000116e-04
2.753540000000000067e-05 -7.801500000000000437e-05
-2.578800000000000111e-05 4.972390000000000008e-05
-7.410019999999999910e-05 1.903540000000000006e-04
-1.142369999999999974e-04 3.188670000000000219e-04
-1.432890000000000032e-04 4.044680000000000042e-04
-1.587840000000000030e-04 4.373970000000000137e-04
-1.618219999999999967e-04 4.388099999999999813e-04
-1.556680000000000010e-04 4.325469999999999771e-04
-1.399200000000000021e-04 4.127979999999999735e-04
-1.104930000000000007e-04 3.501390000000000166e-04
-6.725429999999999744e-05 2.200550000000000065e-04
-1.841949999999999873e-05 4.080159999999999912e-05
2.542760000000000029e-05 -1.343329999999999893e-04
6.322369999999999574e-05 -2.845449999999999802e-04
1.052580000000000009e-04 -4.205270000000000210e-04
1.564000000000000069e-04 -5.315559999999999773e-04
2.033150000000000007e-04 -5.930970000000000035e-04
2.257059999999999969e-04 -5.774379999999999964e-04
2.142339999999999956e-04 -4.716440000000000129e-04
1.745619999999999865e-04 -3.164169999999999895e-04
1.186359999999999937e-04 -1.714610000000000038e-04
5.336830000000000198e-05 -5.630589999999999906e-05
-2.168550000000000100e-05 6.093799999999999830e-05
-1.044769999999999960e-04 2.199600000000000014e-04
-1.806730000000000098e-04 4.100519999999999968e-04
-2.293589999999999973e-04 5.741840000000000442e-04
-2.410799999999999890e-04 6.588240000000000198e-04
-2.259209999999999940e-04 6.486709999999999698e-04
-2.002589999999999947e-04 5.630109999999999802e-04
-1.686240000000000037e-04 4.276899999999999929e-04
-1.218310000000000063e-04 2.532599999999999977e-04
-5.050710000000000301e-05 3.279039999999999695e-05
4.241819999999999987e-05 -2.302399999999999911e-04
1.399430000000000118e-04 -4.870310000000000199e-04
2.201000000000000103e-04 -6.668009999999999606e-04
2.702499999999999824e-04 -7.356630000000000070e-04
2.918910000000000146e-04 -7.044459999999999568e-04
2.888720000000000220e-04 -6.038079999999999489e-04
2.559829999999999918e-04 -4.626259999999999986e-04
1.850370000000000107e-04 -2.994319999999999751e-04
7.764920000000000188e-05 -9.428349999999999947e-05
-5.156900000000000042e-05 1.731480000000000031e-04
-1.766240000000000084e-04 4.437700000000000151e-04
-2.690479999999999760e-04 6.482270000000000263e-04
-3.166269999999999892e-04 7.550760000000000327e-04
-3.273710000000000205e-04 7.620399999999999613e-04
-3.112939999999999913e-04 6.950800000000000468e-04
-2.664559999999999845e-04 5.732250000000000149e-04
-1.847279999999999972e-04 3.830840000000000070e-04
-6.678130000000000383e-05 1.059500000000000003e-04
7.138079999999999935e-05 -2.560109999999999990e-04
2.049619999999999936e-04 -6.419029999999999831e-04
3.085739999999999902e-04 -9.064350000000000315e-04
3.654320000000000073e-04 -9.534969999999999817e-04
3.769970000000000092e-04 -8.105369999999999546e-04
3.533829999999999740e-04 -5.731030000000000455e-04
2.914880000000000118e-04 -3.350030000000000043e-04
1.745679999999999996e-04 -1.048570000000000025e-04
-2.600939999999999995e-07 1.546949999999999953e-04
-1.972649999999999892e-04 4.322209999999999941e-04
-3.574790000000000107e-04 6.957590000000000042e-04
-4.429950000000000099e-04 9.073910000000000135e-04
-4.535489999999999769e-04 9.871199999999999680e-04
-4.050190000000000062e-04 8.802200000000000258e-04
-3.097139999999999962e-04 5.806449999999999676e-04
-1.743480000000000051e-04 1.395160000000000107e-04
-6.903459999999999799e-06 -3.217130000000000011e-04
1.798889999999999983e-04 -7.202989999999999827e-04
3.657469999999999797e-04 -9.946449999999999476e-04
5.137829999999999698e-04 -1.081060000000000007e-03
5.781620000000000118e-04 -9.773909999999999803e-04
5.340640000000000014e-04 -7.399000000000000412e-04
3.938829999999999827e-04 -4.533089999999999928e-04
1.910000000000000077e-04 -1.564670000000000047e-04
-4.361250000000000299e-05 1.851719999999999950e-04
-2.807950000000000246e-04 5.853050000000000483e-04
-4.787959999999999742e-04 9.601979999999999977e-04
-5.927719999999999821e-04 1.193229999999999985e-03
-6.042660000000000045e-04 1.204519999999999940e-03
-5.255719999999999750e-04 9.655809999999999697e-04
-3.740130000000000256e-04 5.039639999999999745e-04
-1.586989999999999928e-04 -9.356799999999999590e-05
1.027109999999999997e-04 -6.746620000000000264e-04
3.688739999999999923e-04 -1.083619999999999983e-03
5.872339999999999548e-04 -1.246190000000000101e-03
7.146330000000000000e-04 -1.180300000000000012e-03
7.214780000000000065e-04 -9.433310000000000523e-04
5.920380000000000260e-04 -5.953020000000000273e-04
3.382589999999999881e-04 -1.893770000000000132e-04
8.122679999999999622e-06 2.582689999999999899e-04
-3.306200000000000024e-04 7.386429999999999819e-04
-6.116469999999999936e-04 1.166170000000000010e-03
-7.812239999999999593e-04 1.409450000000000026e-03
-8.101850000000000501e-04 1.375480000000000105e-03
-6.999140000000000483e-04 1.026240000000000095e-03
-4.703320000000000092e-04 4.023130000000000087e-04
-1.494850000000000096e-04 -3.483219999999999763e-04
2.188740000000000054e-04 -1.000730000000000022e-03
5.702749999999999703e-04 -1.374959999999999941e-03
8.365959999999999976e-04 -1.448459999999999939e-03
9.643279999999999734e-04 -1.299409999999999975e-03
9.142109999999999516e-04 -9.780089999999999530e-04
6.672409999999999496e-04 -4.849569999999999988e-04
2.555079999999999938e-04 1.356530000000000106e-04
-2.238999999999999942e-04 7.684750000000000174e-04
-6.514020000000000357e-04 1.283999999999999985e-03
-9.427500000000000116e-04 1.570350000000000088e-03
-1.060919999999999919e-03 1.554260000000000017e-03
-9.909039999999999168e-04 1.194090000000000082e-03
-7.301900000000000274e-04 5.277739999999999515e-04
-3.095069999999999896e-04 -2.842529999999999905e-04
1.949139999999999976e-04 -1.022399999999999915e-03
6.807780000000000472e-04 -1.493729999999999971e-03
1.048040000000000083e-03 -1.610950000000000099e-03
1.215750000000000034e-03 -1.400830000000000044e-03
1.133029999999999931e-03 -9.327779999999999926e-04
7.972640000000000022e-04 -3.067710000000000077e-04
2.725110000000000206e-04 3.445790000000000224e-04
-3.228090000000000191e-04 9.382620000000000370e-04
-8.584890000000000403e-04 1.419439999999999895e-03
-1.222530000000000101e-03 1.673470000000000036e-03
-1.330529999999999907e-03 1.542490000000000094e-03
-1.147320000000000067e-03 9.781860000000000294e-04
-7.149539999999999585e-04 1.461439999999999885e-04
-1.380879999999999966e-04 -6.952870000000000534e-04
4.678719999999999819e-04 -1.326899999999999998e-03
1.001310000000000047e-03 -1.637779999999999922e-03
1.359409999999999915e-03 -1.604210000000000011e-03
1.437539999999999955e-03 -1.218609999999999962e-03
1.178290000000000023e-03 -5.626259999999999898e-04
6.274950000000000493e-04 1.842400000000000114e-04
-7.580069999999999408e-05 8.651320000000000104e-04
-7.625379999999999962e-04 1.350150000000000048e-03
-1.277670000000000064e-03 1.503659999999999979e-03
-1.502199999999999976e-03 1.293709999999999999e-03
-1.385340000000000096e-03 8.182499999999999669e-04
-9.584300000000000241e-04 1.838979999999999933e-04
-3.140530000000000101e-04 -4.852389999999999937e-04
4.131750000000000006e-04 -1.042490000000000083e-03
1.060409999999999912e-03 -1.372919999999999913e-03
1.467519999999999936e-03 -1.363959999999999999e-03
1.523629999999999993e-03 -9.698789999999999885e-04
1.212919999999999927e-03 -3.452449999999999920e-04
6.235519999999999822e-04 2.740369999999999785e-04
-9.684149999999999768e-05 7.270720000000000481e-04
-7.897549999999999492e-04 9.522299999999999818e-04
-1.300640000000000043e-03 9.395360000000000386e-04
-1.493680000000000051e-03 6.879199999999999595e-04
-1.304980000000000072e-03 3.047200000000000234e-04
-7.894589999999999507e-04 -7.046660000000000055e-05
-9.500620000000000527e-05 -3.756850000000000055e-04
6.016800000000000533e-04 -5.799530000000000223e-04
1.132919999999999934e-03 -6.505000000000000365e-04
1.366779999999999948e-03 -5.770359999999999552e-04
1.250369999999999997e-03 -4.051169999999999771e-04
8.306970000000000326e-04 -1.531030000000000010e-04
2.287269999999999939e-04 1.219100000000000034e-04
-3.964759999999999899e-04 2.897579999999999861e-04
-8.872380000000000457e-04 3.246009999999999911e-04
-1.134919999999999983e-03 3.009789999999999926e-04
-1.099740000000000092e-03 2.755710000000000082e-04
-7.977659999999999916e-04 2.104490000000000039e-04
-3.012299999999999874e-04 9.990729999999999804e-05
2.487990000000000145e-04 2.922629999999999833e-05
6.879740000000000508e-04 -3.096650000000000243e-05
9.130339999999999593e-04 -1.502069999999999935e-04
9.014649999999999486e-04 -3.016159999999999935e-04
6.786859999999999594e-04 -4.242450000000000149e-04
3.101499999999999765e-04 -4.611649999999999799e-04
-9.709360000000000158e-05 -3.750149999999999729e-04
-4.306029999999999970e-04 -1.547259999999999955e-04
-6.201670000000000273e-04 1.519190000000000069e-04
-6.478109999999999815e-04 4.378249999999999763e-04
-5.326029999999999827e-04 6.146679999999999635e-04
-3.202069999999999786e-04 6.273309999999999607e-04
-6.966899999999999992e-05 4.411740000000000149e-04
1.630380000000000067e-04 1.223979999999999892e-04
3.319600000000000133e-04 -1.839560000000000121e-04
4.111489999999999763e-04 -4.029780000000000167e-04
4.049120000000000020e-04 -5.266719999999999475e-04
3.316920000000000220e-04 -5.208460000000000477e-04
2.033790000000000055e-04 -3.700460000000000142e-04
3.727900000000000002e-05 -1.288999999999999890e-04
-1.282789999999999961e-04 1.222010000000000045e-04
-2.514390000000000028e-04 3.119579999999999836e-04
-3.114799999999999926e-04 3.925870000000000141e-04
-3.081180000000000203e-04 3.592359999999999737e-04
-2.484179999999999787e-04 2.477450000000000073e-04
-1.435230000000000013e-04 1.066599999999999986e-04
-1.226600000000000081e-05 -2.753270000000000153e-05
1.194260000000000048e-04 -1.359990000000000103e-04
2.235349999999999935e-04 -2.098360000000000015e-04
2.761589999999999965e-04 -2.456429999999999790e-04
2.649320000000000039e-04 -2.422219999999999994e-04
1.947460000000000087e-04 -1.971239999999999917e-04
8.645780000000000424e-05 -1.113980000000000065e-04
-3.138479999999999807e-05 2.279899999999999974e-06
-1.322600000000000110e-04 1.189029999999999964e-04
-1.979460000000000052e-04 2.082770000000000118e-04
-2.200489999999999933e-04 2.451209999999999999e-04
-1.984339999999999910e-04 2.186869999999999884e-04
-1.393189999999999988e-04 1.385779999999999868e-04
-5.454339999999999688e-05 3.219999999999999664e-05
3.907520000000000156e-05 -6.743960000000000395e-05
1.221969999999999957e-04 -1.367840000000000104e-04
1.773230000000000097e-04 -1.701229999999999973e-04
1.931000000000000045e-04 -1.737449999999999975e-04
1.667419999999999970e-04 -1.521930000000000114e-04
1.047549999999999957e-04 -1.050579999999999960e-04
2.239109999999999980e-05 -3.479969999999999819e-05
-5.975689999999999702e-05 4.669960000000000262e-05
-1.224339999999999869e-04 1.189670000000000012e-04
-1.539859999999999992e-04 1.612659999999999972e-04
-1.520890000000000002e-04 1.626010000000000107e-04
-1.211839999999999971e-04 1.261579999999999939e-04
-6.916119999999999777e-05 6.573630000000000282e-05
-5.817420000000000115e-06 -1.846150000000000103e-06
5.728910000000000008e-05 -6.255089999999999771e-05
1.074949999999999999e-04 -1.067449999999999953e-04
1.335099999999999872e-04 -1.283620000000000019e-04
1.291610000000000056e-04 -1.243290000000000085e-04
9.619960000000000642e-05 -9.536679999999999637e-05
4.403480000000000062e-05 -4.716469999999999924e-05
-1.374799999999999949e-05 9.763779999999999885e-06
-6.401540000000000377e-05 6.241130000000000332e-05
-9.738500000000000357e-05 9.898429999999999349e-05
-1.092039999999999932e-04 1.122099999999999980e-04
-9.899060000000000053e-05 1.008390000000000013e-04
-6.969179999999999570e-05 6.916050000000000301e-05
-2.733450000000000062e-05 2.524509999999999992e-05
1.940180000000000116e-05 -2.116790000000000108e-05
6.050279999999999948e-05 -6.063710000000000259e-05
8.697310000000000251e-05 -8.565349999999999570e-05
9.338580000000000297e-05 -9.188409999999999666e-05
7.938760000000000543e-05 -7.889599999999999814e-05
4.945689999999999738e-05 -5.017950000000000296e-05
1.120399999999999979e-05 -1.237139999999999983e-05
-2.684630000000000078e-05 2.621239999999999996e-05
-5.711829999999999826e-05 5.741459999999999744e-05
-7.416869999999999344e-05 7.500509999999999784e-05
-7.532720000000000615e-05 7.596439999999999389e-05
-6.100750000000000161e-05 6.098779999999999908e-05
-3.466820000000000123e-05 3.412070000000000012e-05
-2.224210000000000089e-06 1.663330000000000006e-06
2.919149999999999995e-05 -2.933019999999999914e-05
5.288590000000000131e-05 -5.256859999999999674e-05
6.418120000000000140e-05 -6.373209999999999921e-05
