-5.075939999999999989e-08 7.155799999999999530e-07
-2.592749999999999973e-07 2.419069999999999863e-06
-6.019439999999999537e-07 3.805450000000000132e-06
-1.070090000000000075e-06 6.520619999999999582e-06
-2.280449999999999909e-06 1.605480000000000085e-05
-5.389329999999999780e-06 3.680239999999999852e-05
-1.090230000000000063e-05 6.524649999999999948e-05
-1.763139999999999860e-05 8.632840000000000511e-05
-2.339000000000000137e-05 8.592359999999999842e-05
-2.640969999999999890e-05 5.679220000000000150e-05
-2.478670000000000105e-05 -2.042350000000000021e-06
-1.587639999999999931e-05 -7.369380000000000245e-05
1.570700000000000056e-06 -1.296120000000000052e-04
2.578000000000000051e-05 -1.547960000000000134e-04
5.328889999999999728e-05 -1.597930000000000064e-04
7.985149999999999941e-05 -1.677310000000000107e-04
9.950659999999999356e-05 -1.925379999999999919e-04
1.058220000000000043e-04 -2.271829999999999965e-04
9.621390000000000389e-05 -2.441890000000000163e-04
7.372719999999999437e-05 -2.072719999999999901e-04
4.392110000000000203e-05 -1.029889999999999994e-04
1.164920000000000021e-05 3.467510000000000281e-05
-2.049720000000000087e-05 1.541430000000000046e-04
-5.390069999999999708e-05 2.326130000000000038e-04
-9.158129999999999678e-05 2.767700000000000216e-04
-1.298559999999999981e-04 2.979680000000000176e-04
-1.554319999999999985e-04 3.053229999999999768e-04
-1.558429999999999917e-04 3.053590000000000015e-04
-1.313979999999999912e-04 2.987649999999999898e-04
-9.438330000000000146e-05 2.832010000000000148e-04
-5.814359999999999673e-05 2.498360000000000251e-04
-2.772049999999999997e-05 1.742469999999999870e-04
1.956609999999999942e-07 4.360389999999999768e-05
2.937829999999999958e-05 -1.146269999999999987e-04
5.969460000000000272e-05 -2.640920000000000051e-04
9.104329999999999617e-05 -3.833220000000000138e-04
1.245650000000000110e-04 -4.572670000000000250e-04
1.571599999999999928e-04 -4.808230000000000143e-04
1.801929999999999873e-04 -4.638919999999999827e-04
1.856820000000000020e-04 -4.211330000000000216e-04
1.710109999999999929e-04 -3.634390000000000146e-04
1.377720000000000084e-04 -2.918090000000000245e-04
8.938649999999999536e-05 -1.990940000000000017e-04
3.152089999999999834e-05 -8.381849999999999717e-05
-2.793189999999999933e-05 5.233030000000000277e-05
-8.221200000000000502e-05 2.018160000000000071e-04
-1.274830000000000125e-04 3.387630000000000090e-04
-1.606930000000000012e-04 4.308749999999999972e-04
-1.791110000000000000e-04 4.672270000000000177e-04
-1.831430000000000048e-04 4.691639999999999960e-04
-1.759010000000000087e-04 4.615980000000000213e-04
-1.579039999999999979e-04 4.393809999999999730e-04
-1.258350000000000039e-04 3.728620000000000090e-04
-7.902979999999999337e-05 2.367550000000000058e-04
-2.469169999999999942e-05 4.864119999999999772e-05
2.646960000000000149e-05 -1.377399999999999924e-04
7.176870000000000287e-05 -2.997939999999999828e-04
1.199320000000000030e-04 -4.462509999999999936e-04
1.761060000000000110e-04 -5.650779999999999996e-04
2.280930000000000132e-04 -6.313160000000000386e-04
2.549779999999999972e-04 -6.174680000000000316e-04
2.450169999999999887e-04 -5.100999999999999849e-04
2.019860000000000004e-04 -3.485839999999999815e-04
1.379429999999999903e-04 -1.927459999999999872e-04
6.183679999999999722e-05 -6.460229999999999640e-05
-2.405829999999999969e-05 6.511319999999999858e-05
-1.162009999999999942e-04 2.355480000000000019e-04
-2.006900000000000047e-04 4.368730000000000031e-04
-2.571979999999999861e-04 6.120560000000000367e-04
-2.749730000000000251e-04 7.055520000000000238e-04
-2.616839999999999835e-04 6.989280000000000275e-04
-2.328329999999999983e-04 6.093500000000000392e-04
-1.944299999999999935e-04 4.633880000000000160e-04
-1.393130000000000128e-04 2.747539999999999922e-04
-5.887059999999999841e-05 3.931179999999999858e-05
4.445169999999999997e-05 -2.391380000000000133e-04
1.542419999999999913e-04 -5.124529999999999537e-04
2.477490000000000161e-04 -7.084629999999999964e-04
3.093440000000000252e-04 -7.896350000000000114e-04
3.368409999999999959e-04 -7.633800000000000264e-04
3.327070000000000114e-04 -6.591579999999999662e-04
2.932230000000000079e-04 -5.072790000000000198e-04
2.121760000000000096e-04 -3.294179999999999960e-04
9.206110000000000530e-05 -1.079430000000000065e-04
-5.212200000000000004e-05 1.777969999999999919e-04
-1.938669999999999922e-04 4.690429999999999881e-04
-3.030290000000000154e-04 6.936130000000000420e-04
-3.634770000000000167e-04 8.154790000000000302e-04
-3.793490000000000165e-04 8.288430000000000060e-04
-3.603650000000000234e-04 7.584920000000000420e-04
-3.073059999999999746e-04 6.251279999999999684e-04
-2.143769999999999975e-04 4.185780000000000165e-04
-8.261229999999999507e-05 1.220140000000000010e-04
7.240989999999999937e-05 -2.628759999999999951e-04
2.254260000000000064e-04 -6.753259999999999645e-04
3.489880000000000000e-04 -9.658419999999999592e-04
4.221490000000000268e-04 -1.030399999999999892e-03
4.409659999999999925e-04 -8.906720000000000132e-04
4.129870000000000221e-04 -6.422669999999999681e-04
3.378570000000000011e-04 -3.835889999999999894e-04
2.033659999999999906e-04 -1.290429999999999908e-04
8.263139999999999968e-06 1.550889999999999918e-04
-2.124930000000000135e-04 4.568870000000000049e-04
-3.982899999999999830e-04 7.450749999999999908e-04
-5.051909999999999951e-04 9.802969999999999826e-04
-5.269559999999999739e-04 1.076490000000000042e-03
-4.776049999999999783e-04 9.708979999999999867e-04
-3.705240000000000053e-04 6.542390000000000358e-04
-2.144389999999999979e-04 1.814689999999999934e-04
-2.017999999999999991e-05 -3.185369999999999760e-04
1.959549999999999899e-04 -7.560670000000000238e-04
4.105480000000000002e-04 -1.064129999999999937e-03
5.842760000000000011e-04 -1.174020000000000011e-03
6.670369999999999902e-04 -1.079609999999999945e-03
6.272289999999999810e-04 -8.364250000000000157e-04
4.729709999999999817e-04 -5.309110000000000131e-04
2.406800000000000063e-04 -2.042520000000000089e-04
-3.063220000000000125e-05 1.753760000000000095e-04
-3.050320000000000028e-04 6.175630000000000095e-04
-5.373529999999999626e-04 1.032780000000000069e-03
-6.791660000000000362e-04 1.298019999999999990e-03
-7.063419999999999942e-04 1.327119999999999992e-03
-6.269669999999999757e-04 1.085510000000000034e-03
-4.584689999999999772e-04 5.972759999999999918e-04
-2.123449999999999871e-04 -4.729159999999999966e-05
9.101419999999999335e-05 -6.849889999999999972e-04
4.051290000000000034e-04 -1.147419999999999907e-03
6.682730000000000441e-04 -1.351200000000000101e-03
8.274520000000000052e-04 -1.309190000000000006e-03
8.470879999999999643e-04 -1.075830000000000059e-03
7.094720000000000540e-04 -7.105809999999999514e-04
4.266399999999999945e-04 -2.695640000000000232e-04
4.987270000000000109e-05 2.262959999999999896e-04
-3.448319999999999944e-04 7.635779999999999998e-04
-6.806820000000000535e-04 1.250110000000000023e-03
-8.949300000000000527e-04 1.542919999999999925e-03
-9.507429999999999874e-04 1.536220000000000033e-03
-8.432840000000000258e-04 1.183779999999999945e-03
-5.906649999999999835e-04 5.246130000000000541e-04
-2.244269999999999978e-04 -2.878259999999999781e-04
2.051140000000000016e-04 -1.015429999999999892e-03
6.242230000000000304e-04 -1.460979999999999961e-03
9.518130000000000297e-04 -1.588079999999999960e-03
1.121030000000000073e-03 -1.468040000000000100e-03
1.084660000000000095e-03 -1.148509999999999939e-03
8.215660000000000280e-04 -6.292290000000000296e-04
3.642629999999999783e-04 4.362670000000000024e-05
-1.857680000000000008e-04 7.481939999999999858e-04
-6.958760000000000032e-04 1.344719999999999986e-03
-1.062659999999999993e-03 1.707119999999999905e-03
-1.233109999999999935e-03 1.744330000000000099e-03
-1.184099999999999996e-03 1.399330000000000062e-03
-9.100189999999999755e-04 7.048609999999999858e-04
-4.415579999999999896e-04 -1.716870000000000115e-04
1.391619999999999934e-04 -9.964830000000000475e-04
7.160209999999999535e-04 -1.559829999999999897e-03
1.170699999999999996e-03 -1.756809999999999925e-03
1.404569999999999950e-03 -1.598290000000000041e-03
1.352619999999999907e-03 -1.143909999999999936e-03
1.003800000000000005e-03 -4.919860000000000292e-04
4.224000000000000215e-04 2.195409999999999907e-04
-2.621890000000000201e-04 8.981590000000000450e-04
-9.004630000000000013e-04 1.476609999999999945e-03
-1.359900000000000041e-03 1.823090000000000084e-03
-1.538920000000000045e-03 1.758240000000000107e-03
-1.387629999999999940e-03 1.215149999999999911e-03
-9.374099999999999577e-04 3.524420000000000113e-04
-2.938069999999999874e-04 -5.648369999999999997e-04
4.122020000000000219e-04 -1.300479999999999909e-03
1.056580000000000106e-03 -1.720029999999999996e-03
1.515939999999999909e-03 -1.775829999999999943e-03
1.667700000000000042e-03 -1.443150000000000032e-03
1.437509999999999916e-03 -7.961939999999999599e-04
8.599700000000000486e-04 -1.443649999999999976e-05
7.725380000000000224e-05 7.408630000000000250e-04
-7.231499999999999864e-04 1.329069999999999904e-03
-1.360719999999999942e-03 1.593240000000000108e-03
-1.690440000000000085e-03 1.474349999999999923e-03
-1.637659999999999984e-03 1.050020000000000033e-03
-1.218960000000000052e-03 4.182039999999999824e-04
-5.274830000000000317e-04 -2.971469999999999927e-04
2.899700000000000172e-04 -9.406360000000000112e-04
1.053150000000000093e-03 -1.378810000000000062e-03
1.579969999999999986e-03 -1.475350000000000055e-03
1.733369999999999920e-03 -1.161399999999999932e-03
1.472949999999999997e-03 -5.743700000000000454e-04
8.737009999999999482e-04 5.656630000000000084e-05
8.777420000000000404e-05 5.660590000000000500e-04
-7.078250000000000340e-04 8.785489999999999532e-04
-1.335159999999999949e-03 9.640150000000000325e-04
-1.634760000000000076e-03 8.007119999999999732e-04
-1.519469999999999979e-03 4.803140000000000230e-04
-1.026769999999999983e-03 1.328769999999999951e-04
-3.014960000000000014e-04 -1.856559999999999992e-04
4.683719999999999941e-04 -4.442149999999999745e-04
1.097590000000000067e-03 -5.980659999999999622e-04
1.433790000000000108e-03 -6.160379999999999589e-04
1.400889999999999904e-03 -5.237889999999999820e-04
1.026790000000000081e-03 -3.245249999999999871e-04
4.255239999999999869e-04 -6.432050000000000191e-05
-2.396959999999999900e-04 1.286650000000000022e-04
-8.001290000000000095e-04 2.192270000000000069e-04
-1.130369999999999899e-03 2.681170000000000081e-04
-1.172429999999999913e-03 3.189019999999999767e-04
-9.285880000000000479e-04 3.196559999999999766e-04
-4.616929999999999992e-04 2.510950000000000074e-04
9.369420000000000157e-05 1.913270000000000064e-04
5.710939999999999636e-04 1.100509999999999938e-04
8.540159999999999765e-04 -5.999549999999999843e-05
9.054240000000000508e-04 -2.822999999999999772e-04
7.414249999999999834e-04 -4.782249999999999826e-04
4.185959999999999746e-04 -5.743770000000000472e-04
3.437250000000000337e-05 -5.232909999999999472e-04
-3.025069999999999821e-04 -3.069859999999999776e-04
-5.182630000000000353e-04 2.965700000000000083e-05
-5.897349999999999771e-04 3.725499999999999754e-04
-5.301359999999999536e-04 6.178250000000000148e-04
-3.749630000000000215e-04 6.946800000000000370e-04
-1.705230000000000070e-04 5.562170000000000178e-04
3.710149999999999706e-05 2.593830000000000202e-04
2.070100000000000119e-04 -5.424129999999999853e-05
3.129520000000000218e-04 -3.060529999999999783e-04
3.531629999999999795e-04 -4.804879999999999980e-04
3.367080000000000160e-04 -5.334479999999999517e-04
2.648199999999999751e-04 -4.373399999999999835e-04
1.423460000000000090e-04 -2.356919999999999924e-04
-3.744340000000000136e-06 -1.529920000000000084e-06
-1.357250000000000058e-04 1.974789999999999976e-04
-2.287160000000000104e-04 3.118540000000000266e-04
-2.741430000000000212e-04 3.280530000000000251e-04
-2.690169999999999758e-04 2.696159999999999746e-04
-2.129590000000000053e-04 1.745750000000000014e-04
-1.142280000000000048e-04 7.191230000000000603e-05
7.472869999999999655e-06 -2.531609999999999975e-05
1.252009999999999961e-04 -1.112149999999999982e-04
2.118400000000000046e-04 -1.801689999999999889e-04
2.476709999999999806e-04 -2.234899999999999897e-04
2.268200000000000001e-04 -2.282230000000000001e-04
1.589309999999999866e-04 -1.843380000000000094e-04
6.435460000000000215e-05 -9.523079999999999631e-05
-3.406169999999999950e-05 1.904689999999999885e-05
-1.174889999999999995e-04 1.275899999999999897e-04
-1.732629999999999977e-04 1.995689999999999997e-04
-1.940300000000000108e-04 2.159279999999999967e-04
-1.770970000000000020e-04 1.771940000000000114e-04
-1.254469999999999934e-04 1.025390000000000020e-04
-4.897469999999999715e-05 1.902699999999999926e-05
3.634690000000000262e-05 -5.241970000000000229e-05
1.119429999999999953e-04 -1.051060000000000064e-04
1.613039999999999992e-04 -1.410569999999999879e-04
1.739099999999999934e-04 -1.579969999999999986e-04
1.478460000000000071e-04 -1.473120000000000018e-04
9.096420000000000569e-05 -1.035850000000000052e-04
1.892959999999999915e-05 -3.303769999999999710e-05
-5.043649999999999729e-05 4.588809999999999862e-05
-1.033000000000000037e-04 1.103150000000000034e-04
-1.323390000000000081e-04 1.435739999999999911e-04
-1.353720000000000043e-04 1.413940000000000086e-04
-1.132919999999999988e-04 1.103710000000000043e-04
-6.981590000000000354e-05 6.179459999999999955e-05
-1.257170000000000027e-05 6.484079999999999759e-06
4.670369999999999806e-05 -4.657429999999999893e-05
9.441519999999999687e-05 -8.925069999999999575e-05
1.193289999999999954e-04 -1.139209999999999957e-04
1.165609999999999975e-04 -1.150810000000000049e-04
8.896290000000000166e-05 -9.188489999999999841e-05
4.522230000000000238e-05 -4.956040000000000071e-05
-3.830729999999999998e-06 1.651540000000000030e-06
-4.836989999999999915e-05 4.965229999999999893e-05
-8.094360000000000205e-05 8.410369999999999912e-05
-9.657259999999999759e-05 9.886419999999999442e-05
-9.282320000000000263e-05 9.264560000000000622e-05
-7.044300000000000301e-05 6.836000000000000279e-05
-3.400879999999999870e-05 3.194020000000000295e-05
8.442690000000000646e-06 -8.918010000000000696e-06
4.726470000000000167e-05 -4.605570000000000020e-05
7.393230000000000364e-05 -7.225260000000000005e-05
8.339240000000000476e-05 -8.260959999999999592e-05
7.502249999999999533e-05 -7.558259999999999697e-05
5.207549999999999972e-05 -5.331810000000000032e-05
2.026720000000000138e-05 -2.112310000000000110e-05
-1.369110000000000009e-05 1.381030000000000057e-05
-4.323649999999999846e-05 4.407129999999999934e-05
-6.286179999999999502e-05 6.365029999999999603e-05
-6.898309999999999349e-05 6.912990000000000367e-05
-6.071460000000000311e-05 6.021769999999999776e-05
-4.021969999999999712e-05 3.957000000000000231e-05
-1.230910000000000044e-05 1.203020000000000046e-05
1.672980000000000032e-05 -1.648799999999999867e-05
4.070289999999999954e-05 -4.021520000000000081e-05
