-3.880379999999999705e-08 7.587080000000000464e-07
-2.255859999999999926e-07 2.644519999999999966e-06
-6.247019999999999779e-07 4.345160000000000085e-06
-1.276420000000000097e-06 7.488270000000000389e-06
-2.642569999999999925e-06 1.803369999999999981e-05
-5.892010000000000361e-06 4.135590000000000159e-05
-1.227600000000000071e-05 7.451259999999999535e-05
-2.177820000000000098e-05 1.015000000000000006e-04
-3.241419999999999875e-05 1.058100000000000051e-04
-4.078460000000000250e-05 7.760769999999999897e-05
-4.255480000000000124e-05 1.386099999999999993e-05
-3.302609999999999877e-05 -6.910499999999999651e-05
-9.345090000000000680e-06 -1.401820000000000073e-04
2.698319999999999942e-05 -1.796970000000000110e-04
6.998179999999999462e-05 -1.955310000000000088e-04
1.112800000000000052e-04 -2.122550000000000066e-04
1.423619999999999899e-04 -2.467409999999999742e-04
1.566089999999999908e-04 -2.926669999999999814e-04
1.514230000000000036e-04 -3.195499999999999881e-04
1.287659999999999933e-04 -2.847239999999999797e-04
9.280130000000000204e-05 -1.675600000000000017e-04
4.709569999999999702e-05 7.642279999999999794e-08
-6.315770000000000180e-06 1.597710000000000124e-04
-6.659470000000000125e-05 2.775170000000000197e-04
-1.319939999999999970e-04 3.525600000000000261e-04
-1.952780000000000097e-04 3.947430000000000253e-04
-2.417580000000000119e-04 4.147290000000000199e-04
-2.558549999999999822e-04 4.213709999999999743e-04
-2.322120000000000054e-04 4.164249999999999983e-04
-1.804019999999999983e-04 3.952180000000000233e-04
-1.182390000000000041e-04 3.445410000000000204e-04
-5.942490000000000088e-05 2.376160000000000099e-04
-6.529119999999999585e-06 6.374670000000000412e-05
4.493130000000000127e-05 -1.430290000000000023e-04
9.845130000000000385e-05 -3.383530000000000044e-04
1.540939999999999920e-04 -4.956160000000000470e-04
2.095339999999999898e-04 -5.973340000000000377e-04
2.588199999999999919e-04 -6.356359999999999701e-04
2.914150000000000009e-04 -6.185989999999999501e-04
2.961920000000000264e-04 -5.632579999999999662e-04
2.680129999999999969e-04 -4.852279999999999831e-04
2.104329999999999959e-04 -3.876999999999999912e-04
1.325390000000000129e-04 -2.624699999999999993e-04
4.450800000000000145e-05 -1.078699999999999955e-04
-4.435529999999999866e-05 7.137620000000000282e-05
-1.263170000000000037e-04 2.636909999999999797e-04
-1.955559999999999959e-04 4.395110000000000141e-04
-2.475549999999999973e-04 5.616829999999999956e-04
-2.786600000000000188e-04 6.142710000000000010e-04
-2.872670000000000128e-04 6.179830000000000089e-04
-2.748189999999999856e-04 6.024500000000000341e-04
-2.439789999999999895e-04 5.670169999999999551e-04
-1.961210000000000015e-04 4.813910000000000129e-04
-1.321299999999999970e-04 3.160959999999999768e-04
-5.581320000000000291e-05 8.636609999999999968e-05
2.515010000000000168e-05 -1.507439999999999919e-04
1.046710000000000012e-04 -3.656970000000000056e-04
1.839239999999999961e-04 -5.613960000000000304e-04
2.656259999999999806e-04 -7.209589999999999662e-04
3.417250000000000257e-04 -8.142559999999999642e-04
3.917270000000000257e-04 -8.109120000000000043e-04
3.949709999999999831e-04 -6.968669999999999943e-04
3.442620000000000185e-04 -5.104449999999999960e-04
2.485499999999999971e-04 -3.117770000000000068e-04
1.239470000000000112e-04 -1.277580000000000057e-04
-1.561499999999999873e-05 6.349089999999999888e-05
-1.584459999999999937e-04 2.963940000000000086e-04
-2.891379999999999818e-04 5.597539999999999807e-04
-3.879810000000000246e-04 7.936650000000000389e-04
-4.401830000000000239e-04 9.344890000000000444e-04
-4.448559999999999841e-04 9.522250000000000115e-04
-4.118139999999999843e-04 8.547249999999999726e-04
-3.490190000000000002e-04 6.674689999999999616e-04
-2.552499999999999973e-04 4.126609999999999849e-04
-1.257970000000000019e-04 9.806819999999999730e-05
3.606180000000000090e-05 -2.654479999999999969e-04
2.130149999999999925e-04 -6.271729999999999666e-04
3.776280000000000240e-04 -9.083369999999999465e-04
5.031989999999999640e-04 -1.057460000000000084e-03
5.726089999999999652e-04 -1.067259999999999997e-03
5.779560000000000209e-04 -9.593079999999999706e-04
5.152289999999999691e-04 -7.655420000000000237e-04
3.842909999999999837e-04 -5.173139999999999466e-04
1.944170000000000056e-04 -2.079279999999999920e-04
-3.286120000000000311e-05 1.786330000000000090e-04
-2.649020000000000194e-04 5.803569999999999866e-04
-4.639609999999999850e-04 9.126170000000000072e-04
-5.998979999999999677e-04 1.120020000000000000e-03
-6.596199999999999763e-04 1.180229999999999994e-03
-6.440579999999999786e-04 1.109839999999999959e-03
-5.583619999999999643e-04 9.312479999999999716e-04
-4.068480000000000187e-04 6.434999999999999748e-04
-1.974939999999999899e-04 2.400220000000000001e-04
5.102029999999999668e-05 -2.713389999999999986e-04
3.090360000000000004e-04 -8.243719999999999737e-04
5.404299999999999469e-04 -1.252330000000000066e-03
7.091340000000000447e-04 -1.419050000000000042e-03
7.885779999999999569e-04 -1.317910000000000045e-03
7.663950000000000103e-04 -1.038499999999999927e-03
6.400670000000000231e-04 -6.939410000000000023e-04
4.127730000000000136e-04 -3.199279999999999767e-04
1.002760000000000001e-04 1.010729999999999994e-04
-2.544299999999999882e-04 5.468019999999999868e-04
-5.819580000000000412e-04 9.777810000000000494e-04
-8.152670000000000533e-04 1.345099999999999898e-03
-9.194150000000000326e-04 1.542399999999999978e-03
-8.935899999999999876e-04 1.473520000000000081e-03
-7.521379999999999602e-04 1.102719999999999959e-03
-5.092519999999999686e-04 4.878610000000000238e-04
-1.816839999999999905e-04 -2.097690000000000036e-04
2.010620000000000072e-04 -8.596920000000000082e-04
5.927149999999999520e-04 -1.363789999999999924e-03
9.299970000000000068e-04 -1.628660000000000090e-03
1.139929999999999936e-03 -1.624840000000000008e-03
1.162730000000000057e-03 -1.394410000000000007e-03
9.799839999999999333e-04 -1.026140000000000038e-03
6.248389999999999717e-04 -5.709689999999999471e-04
1.646859999999999882e-04 -4.952850000000000361e-06
-3.241960000000000111e-04 6.691439999999999888e-04
-7.676599999999999787e-04 1.331270000000000066e-03
-1.097040000000000081e-03 1.812569999999999893e-03
-1.261060000000000045e-03 1.984230000000000022e-03
-1.237819999999999936e-03 1.781919999999999988e-03
-1.030639999999999985e-03 1.212390000000000039e-03
-6.560729999999999644e-04 3.685229999999999951e-04
-1.465150000000000024e-04 -5.516250000000000320e-04
4.332420000000000238e-04 -1.319220000000000071e-03
9.827769999999999995e-04 -1.792710000000000093e-03
1.390100000000000016e-03 -1.948569999999999946e-03
1.564990000000000044e-03 -1.820500000000000070e-03
1.460829999999999984e-03 -1.451910000000000050e-03
1.084689999999999916e-03 -8.924059999999999935e-04
4.990899999999999937e-04 -1.737700000000000117e-04
-1.897240000000000016e-04 6.662089999999999635e-04
-8.561750000000000350e-04 1.498559999999999909e-03
-1.382310000000000092e-03 2.123729999999999889e-03
-1.679960000000000090e-03 2.365219999999999909e-03
-1.701339999999999970e-03 2.115310000000000020e-03
-1.436519999999999941e-03 1.381609999999999913e-03
-9.101969999999999592e-04 3.262900000000000219e-04
-1.883520000000000018e-04 -7.628850000000000388e-04
6.149149999999999495e-04 -1.612039999999999914e-03
1.350939999999999910e-03 -2.109830000000000039e-03
1.870450000000000064e-03 -2.274979999999999798e-03
2.056890000000000020e-03 -2.119349999999999880e-03
1.849839999999999948e-03 -1.611629999999999964e-03
1.266680000000000063e-03 -7.799589999999999908e-04
4.154499999999999881e-04 2.408880000000000016e-04
-5.272169999999999634e-04 1.265429999999999897e-03
-1.372160000000000090e-03 2.097659999999999889e-03
-1.968549999999999901e-03 2.557260000000000002e-03
-2.218369999999999891e-03 2.491049999999999862e-03
-2.069529999999999981e-03 1.860490000000000017e-03
-1.522769999999999896e-03 8.186359999999999731e-04
-6.535700000000000190e-04 -3.575410000000000111e-04
3.828109999999999911e-04 -1.385069999999999964e-03
1.380319999999999984e-03 -2.077719999999999914e-03
2.130470000000000193e-03 -2.363130000000000178e-03
2.466869999999999914e-03 -2.221209999999999938e-03
2.300889999999999880e-03 -1.689860000000000060e-03
1.651619999999999911e-03 -8.828860000000000440e-04
6.522700000000000416e-04 9.496860000000000414e-05
-4.850070000000000271e-04 1.137650000000000033e-03
-1.526620000000000017e-03 2.042430000000000027e-03
-2.264690000000000192e-03 2.517580000000000165e-03
-2.549519999999999998e-03 2.366930000000000162e-03
-2.319690000000000120e-03 1.656750000000000020e-03
-1.619510000000000003e-03 6.279509999999999649e-04
-5.857269999999999708e-04 -4.500889999999999795e-04
5.851899999999999723e-04 -1.372469999999999983e-03
1.665800000000000050e-03 -1.994380000000000024e-03
2.423129999999999902e-03 -2.181300000000000166e-03
2.666449999999999897e-03 -1.910900000000000098e-03
2.318279999999999820e-03 -1.300479999999999909e-03
1.456470000000000074e-03 -4.805909999999999935e-04
2.880420000000000181e-04 4.117349999999999873e-04
-9.182269999999999755e-04 1.174260000000000104e-03
-1.898289999999999960e-03 1.642100000000000070e-03
-2.447490000000000082e-03 1.762990000000000087e-03
-2.459260000000000005e-03 1.526540000000000058e-03
-1.941639999999999902e-03 9.844079999999999844e-04
-1.013699999999999974e-03 2.591199999999999992e-04
1.180069999999999969e-04 -5.004519999999999715e-04
1.200590000000000077e-03 -1.090290000000000053e-03
1.987580000000000076e-03 -1.333870000000000021e-03
2.301440000000000083e-03 -1.253379999999999902e-03
2.086010000000000121e-03 -9.865699999999999817e-04
1.416160000000000075e-03 -6.387689999999999688e-04
4.653029999999999731e-04 -2.573310000000000202e-04
-5.391130000000000271e-04 1.131390000000000022e-04
-1.358580000000000074e-03 3.889249999999999804e-04
-1.799859999999999915e-03 5.738110000000000259e-04
-1.778609999999999913e-03 7.095270000000000526e-04
-1.344050000000000062e-03 7.640070000000000324e-04
-6.459950000000000110e-04 6.850979999999999787e-04
1.224180000000000060e-04 4.737410000000000167e-04
7.743379999999999578e-04 1.829450000000000043e-04
1.169660000000000101e-03 -1.432700000000000022e-04
1.245210000000000067e-03 -4.206440000000000201e-04
1.024079999999999912e-03 -6.024459999999999711e-04
6.034249999999999900e-04 -7.341090000000000419e-04
1.196709999999999999e-04 -7.966740000000000366e-04
-2.999149999999999906e-04 -7.065710000000000220e-04
-5.704920000000000260e-04 -4.281900000000000051e-04
-6.540269999999999504e-04 -5.918800000000000320e-05
-5.571509999999999787e-04 3.037699999999999732e-04
-3.394299999999999943e-04 6.566760000000000262e-04
-1.002979999999999941e-04 8.939399999999999690e-04
7.252460000000000016e-05 8.775470000000000059e-04
1.451419999999999870e-04 6.043970000000000072e-04
1.346750000000000074e-04 1.744700000000000016e-04
8.336000000000000148e-05 -2.725809999999999843e-04
3.826099999999999841e-05 -6.139290000000000372e-04
3.645869999999999705e-05 -7.576599999999999524e-04
8.817569999999999672e-05 -6.758470000000000363e-04
1.685330000000000075e-04 -4.309539999999999942e-04
2.297610000000000114e-04 -1.182380000000000020e-04
2.278450000000000115e-04 1.623940000000000041e-04
1.475380000000000094e-04 3.151229999999999982e-04
8.469509999999999823e-06 3.397709999999999966e-04
-1.503949999999999992e-04 3.214569999999999819e-04
-2.868859999999999770e-04 2.874770000000000125e-04
-3.612579999999999893e-04 2.102969999999999959e-04
-3.469529999999999966e-04 1.138959999999999951e-04
-2.474479999999999930e-04 4.138040000000000110e-05
-9.562630000000000294e-05 -1.019189999999999978e-05
6.716899999999999336e-05 -6.446839999999999418e-05
2.081600000000000128e-04 -1.338760000000000037e-04
3.039690000000000165e-04 -2.123539999999999933e-04
3.371459999999999735e-04 -2.760689999999999889e-04
3.004799999999999962e-04 -2.942239999999999938e-04
2.043539999999999886e-04 -2.449470000000000250e-04
7.529270000000000504e-05 -1.283260000000000043e-04
-5.563229999999999928e-05 2.795400000000000036e-05
-1.643380000000000112e-04 1.780840000000000114e-04
-2.368969999999999919e-04 2.766539999999999841e-04
-2.662280000000000267e-04 2.988770000000000185e-04
-2.494390000000000084e-04 2.508219999999999916e-04
-1.888659999999999905e-04 1.598960000000000019e-04
-9.414799999999999374e-05 5.624419999999999930e-05
1.769290000000000131e-05 -3.909620000000000017e-05
1.246490000000000055e-04 -1.164049999999999943e-04
2.041920000000000128e-04 -1.736340000000000116e-04
2.393300000000000006e-04 -2.098289999999999997e-04
2.242330000000000061e-04 -2.190989999999999973e-04
1.660569999999999993e-04 -1.908489999999999883e-04
8.140599999999999952e-05 -1.189719999999999987e-04
-1.023530000000000007e-05 -1.338189999999999973e-05
-9.198989999999999825e-05 9.674160000000000224e-05
-1.518230000000000133e-04 1.761060000000000110e-04
-1.825449999999999946e-04 2.047820000000000055e-04
-1.812860000000000122e-04 1.858300000000000013e-04
-1.490399999999999961e-04 1.358979999999999921e-04
-9.060529999999999799e-05 7.228449999999999546e-05
-1.527539999999999947e-05 5.845680000000000078e-06
6.278549999999999713e-05 -5.783700000000000207e-05
1.266800000000000001e-04 -1.131619999999999984e-04
1.619360000000000027e-04 -1.511820000000000037e-04
1.619720000000000003e-04 -1.616269999999999892e-04
1.300879999999999918e-04 -1.388069999999999875e-04
7.676680000000000504e-05 -8.653220000000000475e-05
1.467550000000000035e-05 -1.796269999999999998e-05
-4.509079999999999864e-05 4.965060000000000198e-05
-9.397809999999999389e-05 1.016219999999999971e-04
-1.252860000000000063e-04 1.297950000000000134e-04
-1.339380000000000041e-04 1.325320000000000111e-04
-1.176929999999999995e-04 1.124429999999999939e-04
-7.896580000000000211e-05 7.439329999999999804e-05
-2.554820000000000046e-05 2.489450000000000026e-05
3.089609999999999714e-05 -2.780659999999999903e-05
7.818470000000000378e-05 -7.424400000000000270e-05
1.071909999999999974e-04 -1.054489999999999995e-04
1.139209999999999957e-04 -1.153119999999999964e-04
9.943239999999999349e-05 -1.024160000000000033e-04
6.830980000000000114e-05 -7.040799999999999403e-05
2.698599999999999879e-05 -2.678110000000000012e-05
-1.729319999999999902e-05 1.926789999999999894e-05
-5.701919999999999780e-05 5.899880000000000169e-05
-8.516270000000000372e-05 8.567499999999999541e-05
-9.646500000000000560e-05 9.537779999999999338e-05
-8.889949999999999816e-05 8.728950000000000511e-05
-6.448500000000000347e-05 6.363220000000000378e-05
-2.886499999999999892e-05 2.927190000000000006e-05
1.025090000000000040e-05 -9.096800000000000724e-06
4.509580000000000283e-05 -4.417269999999999807e-05
6.951740000000000631e-05 -6.946939999999999593e-05
7.988200000000000530e-05 -8.059940000000000626e-05
7.526799999999999832e-05 -7.609280000000000438e-05
5.725930000000000250e-05 -5.756230000000000282e-05
2.957099999999999860e-05 -2.921380000000000141e-05
