-2.400400000000000107e-08 7.865270000000000125e-07
-1.585929999999999961e-07 2.797809999999999984e-06
-5.170200000000000067e-07 4.733709999999999948e-06
-1.218059999999999990e-06 8.201860000000000785e-06
-2.606079999999999789e-06 1.945489999999999901e-05
-5.605849999999999868e-06 4.460950000000000039e-05
-1.171149999999999959e-05 8.129939999999999617e-05
-2.212140000000000135e-05 1.129350000000000021e-04
-3.629859999999999836e-05 1.211690000000000049e-04
-5.085000000000000273e-05 9.421980000000000210e-05
-5.931909999999999928e-05 2.784199999999999872e-05
-5.360660000000000273e-05 -6.196880000000000205e-05
-2.751899999999999859e-05 -1.431509999999999987e-04
1.903429999999999833e-05 -1.939199999999999865e-04
7.816149999999999357e-05 -2.205180000000000052e-04
1.362299999999999883e-04 -2.477290000000000264e-04
1.793130000000000093e-04 -2.934370000000000164e-04
1.989089999999999890e-04 -3.507180000000000258e-04
1.946430000000000133e-04 -3.859439999999999898e-04
1.719959999999999978e-04 -3.520020000000000223e-04
1.363649999999999997e-04 -2.247120000000000129e-04
8.831060000000000114e-05 -3.573569999999999736e-05
2.420710000000000071e-05 1.524479999999999878e-04
-5.829470000000000279e-05 3.002130000000000206e-04
-1.540989999999999895e-04 4.034889999999999853e-04
-2.479909999999999775e-04 4.711040000000000214e-04
-3.181829999999999858e-04 5.119929999999999750e-04
-3.455940000000000119e-04 5.318509999999999601e-04
-3.237010000000000234e-04 5.301869999999999977e-04
-2.621100000000000231e-04 5.023980000000000373e-04
-1.808790000000000007e-04 4.361769999999999948e-04
-9.891900000000000616e-05 3.043100000000000189e-04
-2.437199999999999976e-05 9.506539999999999956e-05
4.611500000000000148e-05 -1.551860000000000012e-04
1.199849999999999973e-04 -3.949409999999999987e-04
2.004730000000000032e-04 -5.902880000000000106e-04
2.827020000000000184e-04 -7.207710000000000419e-04
3.545040000000000062e-04 -7.782359999999999669e-04
4.004239999999999731e-04 -7.693980000000000220e-04
4.071859999999999737e-04 -7.090510000000000389e-04
3.687380000000000193e-04 -6.127100000000000341e-04
2.887580000000000160e-04 -4.864220000000000262e-04
1.792840000000000134e-04 -3.253330000000000241e-04
5.635549999999999940e-05 -1.299709999999999928e-04
-6.489429999999999971e-05 9.269219999999999998e-05
-1.736239999999999897e-04 3.274420000000000000e-04
-2.637590000000000203e-04 5.400469999999999880e-04
-3.317439999999999734e-04 6.887599999999999582e-04
-3.739510000000000251e-04 7.546070000000000208e-04
-3.865130000000000041e-04 7.585359999999999759e-04
-3.677010000000000087e-04 7.336610000000000353e-04
-3.201079999999999919e-04 6.827260000000000360e-04
-2.502699999999999738e-04 5.753260000000000275e-04
-1.659150000000000132e-04 3.793949999999999818e-04
-7.301320000000000086e-05 1.099719999999999967e-04
2.518329999999999993e-05 -1.706520000000000053e-04
1.275100000000000040e-04 -4.261569999999999790e-04
2.334740000000000079e-04 -6.575689999999999921e-04
3.396760000000000187e-04 -8.496590000000000045e-04
4.352860000000000062e-04 -9.701529999999999659e-04
5.015560000000000070e-04 -9.812659999999999525e-04
5.175069999999999497e-04 -8.625869999999999458e-04
4.690499999999999899e-04 -6.530280000000000503e-04
3.560759999999999837e-04 -4.191449999999999993e-04
1.929749999999999879e-04 -1.933629999999999984e-04
3.145880000000000109e-06 4.593630000000000266e-05
-1.879639999999999913e-04 3.350170000000000079e-04
-3.575529999999999833e-04 6.597400000000000226e-04
-4.879129999999999752e-04 9.503629999999999673e-04
-5.683720000000000395e-04 1.132189999999999933e-03
-5.961169999999999577e-04 1.169660000000000101e-03
-5.735199999999999977e-04 1.070760000000000028e-03
-5.027789999999999647e-04 8.618119999999999947e-04
-3.829719999999999782e-04 5.642520000000000044e-04
-2.133930000000000082e-04 1.860920000000000065e-04
-7.590710000000000080e-07 -2.573939999999999822e-04
2.358989999999999991e-04 -7.065430000000000148e-04
4.667869999999999745e-04 -1.070809999999999948e-03
6.586100000000000114e-04 -1.287200000000000063e-03
7.824219999999999569e-04 -1.340009999999999986e-03
8.173959999999999646e-04 -1.245730000000000014e-03
7.515319999999999596e-04 -1.033429999999999896e-03
5.841089999999999737e-04 -7.345239999999999625e-04
3.301169999999999972e-04 -3.463350000000000239e-04
2.117159999999999902e-05 1.405409999999999949e-04
-2.994800000000000261e-04 6.543420000000000313e-04
-5.862099999999999863e-04 1.095510000000000060e-03
-8.012650000000000067e-04 1.391869999999999913e-03
-9.205570000000000159e-04 1.508650000000000052e-03
-9.327969999999999665e-04 1.456529999999999934e-03
-8.361170000000000451e-04 1.256310000000000066e-03
-6.370539999999999623e-04 9.074029999999999856e-04
-3.527620000000000083e-04 4.061329999999999823e-04
-1.235209999999999986e-05 -2.320819999999999914e-04
3.465510000000000096e-04 -9.277159999999999790e-04
6.829320000000000269e-04 -1.493760000000000010e-03
9.549089999999999879e-04 -1.768739999999999982e-03
1.121250000000000068e-03 -1.725540000000000017e-03
1.145140000000000003e-03 -1.447319999999999987e-03
1.002550000000000056e-03 -1.052760000000000024e-03
6.939949999999999852e-04 -5.853289999999999925e-04
2.541660000000000056e-04 -3.292480000000000027e-05
-2.474239999999999946e-04 5.720550000000000244e-04
-7.207920000000000472e-04 1.168930000000000099e-03
-1.083360000000000009e-03 1.683250000000000067e-03
-1.284760000000000025e-03 1.987640000000000153e-03
-1.311429999999999931e-03 1.969069999999999848e-03
-1.171729999999999950e-03 1.577290000000000072e-03
-8.783280000000000514e-04 8.639130000000000073e-04
-4.459390000000000142e-04 1.927839999999999825e-06
9.442119999999999647e-05 -8.495490000000000073e-04
6.802810000000000280e-04 -1.560039999999999951e-03
1.215979999999999969e-03 -2.008049999999999939e-03
1.590899999999999910e-03 -2.138810000000000103e-03
1.712889999999999899e-03 -1.972769999999999992e-03
1.541540000000000098e-03 -1.587459999999999956e-03
1.103449999999999960e-03 -1.035920000000000070e-03
4.811160000000000198e-04 -3.037809999999999838e-04
-2.159030000000000096e-04 5.927719999999999821e-04
-8.788500000000000305e-04 1.508439999999999998e-03
-1.415489999999999934e-03 2.231780000000000048e-03
-1.755760000000000090e-03 2.586390000000000043e-03
-1.852569999999999998e-03 2.474119999999999792e-03
-1.680990000000000045e-03 1.887119999999999943e-03
-1.240570000000000084e-03 9.173890000000000083e-04
-5.649490000000000284e-04 -2.241950000000000041e-04
2.645069999999999800e-04 -1.275730000000000093e-03
1.115490000000000015e-03 -2.045860000000000040e-03
1.824850000000000040e-03 -2.461430000000000128e-03
2.239140000000000141e-03 -2.519410000000000139e-03
2.258730000000000026e-03 -2.237589999999999805e-03
1.867200000000000066e-03 -1.647100000000000083e-03
1.135149999999999918e-03 -7.732630000000000536e-04
1.978869999999999978e-04 3.323719999999999951e-04
-7.804069999999999974e-04 1.503479999999999964e-03
-1.639929999999999947e-03 2.483509999999999971e-03
-2.247219999999999860e-03 3.031499999999999907e-03
-2.505690000000000087e-03 2.982439999999999831e-03
-2.359700000000000165e-03 2.303980000000000177e-03
-1.801550000000000070e-03 1.142659999999999986e-03
-8.862390000000000372e-04 -1.984560000000000122e-04
2.544259999999999794e-04 -1.399599999999999976e-03
1.418100000000000046e-03 -2.287470000000000215e-03
2.370059999999999788e-03 -2.821249999999999973e-03
2.902490000000000191e-03 -2.959670000000000183e-03
2.890470000000000018e-03 -2.619080000000000193e-03
2.324820000000000011e-03 -1.783450000000000009e-03
1.313350000000000021e-03 -5.747070000000000390e-04
5.104970000000000016e-05 7.911020000000000161e-04
-1.228799999999999944e-03 2.056389999999999954e-03
-2.301969999999999971e-03 2.967360000000000050e-03
-2.983790000000000053e-03 3.293180000000000152e-03
-3.145010000000000167e-03 2.918529999999999909e-03
-2.728480000000000141e-03 1.939659999999999952e-03
-1.773169999999999911e-03 6.200100000000000489e-04
-4.311979999999999871e-04 -7.244659999999999989e-04
1.043960000000000027e-03 -1.846949999999999981e-03
2.347210000000000182e-03 -2.605590000000000076e-03
3.195920000000000098e-03 -2.905549999999999800e-03
3.402239999999999952e-03 -2.705389999999999791e-03
2.921099999999999825e-03 -2.050979999999999991e-03
1.858880000000000038e-03 -1.012490000000000005e-03
4.400610000000000003e-04 2.976330000000000013e-04
-1.051340000000000000e-03 1.632629999999999932e-03
-2.330549999999999809e-03 2.621699999999999812e-03
-3.157510000000000091e-03 2.964679999999999920e-03
-3.371939999999999920e-03 2.628000000000000128e-03
-2.921790000000000064e-03 1.787339999999999892e-03
-1.879900000000000104e-03 6.882639999999999548e-04
-4.414770000000000152e-04 -4.573429999999999748e-04
1.103629999999999976e-03 -1.470720000000000013e-03
2.424439999999999928e-03 -2.149240000000000178e-03
3.224069999999999887e-03 -2.373529999999999997e-03
3.321140000000000203e-03 -2.164319999999999959e-03
2.704460000000000110e-03 -1.583020000000000087e-03
1.532930000000000056e-03 -7.287180000000000523e-04
8.482029999999999832e-05 2.041959999999999945e-04
-1.317519999999999976e-03 1.021119999999999927e-03
-2.382169999999999861e-03 1.601999999999999908e-03
-2.904120000000000052e-03 1.845669999999999993e-03
-2.797739999999999949e-03 1.711730000000000066e-03
-2.108300000000000018e-03 1.249059999999999971e-03
-1.002120000000000007e-03 5.636439999999999723e-04
2.666079999999999926e-04 -1.467770000000000077e-04
1.409799999999999899e-03 -6.741089999999999929e-04
2.173599999999999925e-03 -9.818879999999999882e-04
2.404200000000000000e-03 -1.140390000000000023e-03
2.085979999999999866e-03 -1.186570000000000073e-03
1.337819999999999981e-03 -1.099200000000000047e-03
3.738980000000000038e-04 -8.662700000000000391e-04
-5.551700000000000124e-04 -5.492080000000000312e-04
-1.228700000000000105e-03 -1.624519999999999957e-04
-1.516289999999999999e-03 2.940880000000000208e-04
-1.408560000000000107e-03 7.357540000000000304e-04
-1.004090000000000017e-03 1.044879999999999984e-03
-4.623359999999999861e-04 1.149690000000000087e-03
5.322260000000000098e-05 1.044919999999999963e-03
4.215269999999999911e-04 7.476689999999999595e-04
5.878160000000000112e-04 3.465340000000000130e-04
5.635279999999999890e-04 -8.485210000000000029e-05
4.117279999999999855e-04 -5.519389999999999886e-04
2.231169999999999985e-04 -9.847090000000000617e-04
8.367330000000000405e-05 -1.234389999999999923e-03
4.392400000000000162e-05 -1.196309999999999908e-03
1.041040000000000048e-04 -9.215859999999999547e-04
2.183619999999999940e-04 -4.982749999999999549e-04
3.103439999999999953e-04 5.290019999999999879e-05
3.003610000000000199e-04 5.960979999999999838e-04
1.435770000000000113e-04 9.407489999999999472e-04
-1.409120000000000088e-04 1.009530000000000019e-03
-4.706120000000000268e-04 8.326450000000000214e-04
-7.302839999999999896e-04 5.086329999999999801e-04
-8.172550000000000214e-04 1.488899999999999924e-04
-6.818549999999999828e-04 -1.460549999999999967e-04
-3.478220000000000183e-04 -3.214299999999999905e-04
9.495170000000000097e-05 -3.927420000000000151e-04
5.215519999999999965e-04 -3.946280000000000035e-04
8.139949999999999746e-04 -3.676180000000000029e-04
8.992450000000000139e-04 -3.646489999999999844e-04
7.689220000000000083e-04 -3.652309999999999867e-04
4.728290000000000227e-04 -2.818499999999999933e-04
9.488080000000000136e-05 -1.037130000000000013e-04
-2.730939999999999843e-04 9.978699999999999853e-05
-5.533860000000000038e-04 2.928030000000000086e-04
-6.985210000000000160e-04 4.630419999999999892e-04
-6.967629999999999831e-04 5.701270000000000253e-04
-5.664780000000000336e-04 5.684029999999999855e-04
-3.456140000000000015e-04 4.368420000000000029e-04
-8.180610000000000269e-05 1.924560000000000019e-04
1.759099999999999878e-04 -1.070049999999999962e-04
3.847739999999999993e-04 -3.823179999999999808e-04
5.149030000000000403e-04 -5.632789999999999716e-04
5.525379999999999875e-04 -6.115489999999999685e-04
4.987810000000000073e-04 -5.293119999999999900e-04
3.660110000000000165e-04 -3.516640000000000130e-04
1.755329999999999879e-04 -1.312720000000000130e-04
-4.254679999999999725e-05 8.143439999999999403e-05
-2.503389999999999760e-04 2.545720000000000014e-04
-4.078810000000000205e-04 3.750709999999999873e-04
-4.834689999999999886e-04 4.377259999999999897e-04
-4.638409999999999929e-04 4.371150000000000187e-04
-3.584339999999999770e-04 3.679929999999999985e-04
-1.951920000000000109e-04 2.320090000000000075e-04
-1.043940000000000037e-05 4.581129999999999962e-05
1.616649999999999912e-04 -1.554270000000000011e-04
2.954330000000000020e-04 -3.244629999999999867e-04
3.746919999999999830e-04 -4.187700000000000038e-04
3.911049999999999900e-04 -4.190600000000000163e-04
3.432409999999999888e-04 -3.378550000000000238e-04
2.378469999999999879e-04 -2.089519999999999876e-04
9.171479999999999813e-05 -6.495030000000000052e-05
-6.885919999999999964e-05 7.425589999999999491e-05
-2.126610000000000024e-04 1.966539999999999911e-04
-3.112480000000000259e-04 2.893519999999999903e-04
-3.467529999999999918e-04 3.359230000000000159e-04
-3.163719999999999857e-04 3.225500000000000068e-04
-2.316080000000000092e-04 2.474099999999999910e-04
-1.130609999999999938e-04 1.253770000000000026e-04
1.614450000000000103e-05 -1.574130000000000123e-05
1.350629999999999908e-04 -1.449590000000000058e-04
2.266260000000000084e-04 -2.379100000000000041e-04
2.777650000000000214e-04 -2.818850000000000023e-04
2.802549999999999790e-04 -2.752769999999999870e-04
2.330479999999999954e-04 -2.240970000000000060e-04
1.445490000000000013e-04 -1.389200000000000049e-04
3.232890000000000145e-05 -3.369979999999999878e-05
-8.078579999999999485e-05 7.456000000000000442e-05
-1.728619999999999994e-04 1.672230000000000081e-04
-2.283259999999999955e-04 2.273940000000000119e-04
-2.405100000000000131e-04 2.442020000000000041e-04
-2.110740000000000055e-04 2.158600000000000102e-04
-1.478250000000000018e-04 1.499550000000000102e-04
-6.261419999999999421e-05 6.095520000000000213e-05
3.011470000000000154e-05 -3.368190000000000019e-05
1.147230000000000060e-04 -1.172269999999999942e-04
1.765240000000000060e-04 -1.762970000000000097e-04
2.046829999999999917e-04 -2.023620000000000117e-04
1.948709999999999982e-04 -1.925270000000000085e-04
1.504169999999999932e-04 -1.497810000000000081e-04
8.133159999999999901e-05 -8.258169999999999573e-05
1.618589999999999990e-06 -3.515399999999999834e-06
-7.399410000000000362e-05 7.295570000000000353e-05
-1.328129999999999903e-04 1.332550000000000108e-04
-1.659329999999999985e-04 1.672830000000000042e-04
-1.690949999999999929e-04 1.702080000000000075e-04
-1.429710000000000106e-04 1.430640000000000113e-04
-9.300149999999999379e-05 9.217199999999999775e-05
-2.862660000000000134e-05 2.764040000000000052e-05
3.826169999999999994e-05 -3.864830000000000061e-05
9.555219999999999632e-05 -9.515059999999999664e-05
