-3.762019999999999960e-08 7.607579999999999887e-07
-2.209100000000000108e-07 2.655190000000000154e-06
-6.200189999999999882e-07 4.370379999999999990e-06
-1.281690000000000090e-06 7.533099999999999924e-06
-2.656039999999999900e-06 1.812789999999999969e-05
-5.897499999999999863e-06 4.157929999999999677e-05
-1.229629999999999948e-05 7.496970000000000153e-05
-2.194690000000000158e-05 1.022449999999999943e-04
-3.295020000000000175e-05 1.068009999999999961e-04
-4.183029999999999827e-05 7.873289999999999965e-05
-4.401799999999999767e-05 1.494690000000000084e-05
-3.454629999999999821e-05 -6.832619999999999644e-05
-1.036540000000000074e-05 -1.400399999999999941e-04
2.703630000000000066e-05 -1.804750000000000093e-04
7.140999999999999561e-05 -1.974079999999999910e-04
1.139060000000000034e-04 -2.152959999999999932e-04
1.456499999999999895e-04 -2.508310000000000249e-04
1.600369999999999994e-04 -2.974159999999999998e-04
1.547630000000000088e-04 -3.243419999999999788e-04
1.320249999999999972e-04 -2.889160000000000100e-04
9.593690000000000637e-05 -1.706420000000000105e-04
4.971780000000000025e-05 -1.575319999999999895e-06
-4.991560000000000368e-06 1.597140000000000094e-04
-6.737000000000000041e-05 2.791989999999999945e-04
-1.351339999999999974e-04 3.562050000000000090e-04
-2.003370000000000031e-04 4.004589999999999821e-04
-2.479080000000000259e-04 4.221200000000000039e-04
-2.622789999999999735e-04 4.294680000000000155e-04
-2.382060000000000026e-04 4.240940000000000226e-04
-1.853659999999999867e-04 4.016210000000000092e-04
-1.217750000000000055e-04 3.492459999999999965e-04
-6.146860000000000301e-05 2.403899999999999939e-04
-7.254789999999999704e-06 6.439760000000000156e-05
4.546419999999999747e-05 -1.445569999999999917e-04
1.004890000000000064e-04 -3.418849999999999971e-04
1.578929999999999874e-04 -5.009539999999999610e-04
2.149719999999999875e-04 -6.044330000000000319e-04
2.654409999999999951e-04 -6.443549999999999929e-04
2.987250000000000105e-04 -6.283009999999999463e-04
3.036849999999999901e-04 -5.728620000000000457e-04
2.749669999999999849e-04 -4.936580000000000091e-04
2.159469999999999977e-04 -3.942010000000000024e-04
1.359079999999999869e-04 -2.665449999999999764e-04
4.550719999999999689e-05 -1.091720000000000044e-04
-4.557800000000000306e-05 7.294330000000000345e-05
-1.294930000000000018e-04 2.678779999999999855e-04
-2.003890000000000087e-04 4.458280000000000012e-04
-2.536929999999999849e-04 5.695500000000000475e-04
-2.856530000000000245e-04 6.230609999999999491e-04
-2.945099999999999975e-04 6.270569999999999833e-04
-2.815580000000000036e-04 6.112170000000000537e-04
-2.495600000000000162e-04 5.749050000000000124e-04
-2.003139999999999934e-04 4.877409999999999775e-04
-1.351070000000000060e-04 3.202279999999999840e-04
-5.768019999999999707e-05 8.787059999999999858e-05
2.476800000000000071e-05 -1.518129999999999914e-04
1.064169999999999943e-04 -3.690880000000000007e-04
1.880499999999999902e-04 -5.671549999999999595e-04
2.718050000000000175e-04 -7.293469999999999814e-04
3.495169999999999809e-04 -8.250409999999999905e-04
4.008549999999999830e-04 -8.229980000000000238e-04
4.049440000000000179e-04 -7.087229999999999702e-04
3.539050000000000073e-04 -5.207459999999999910e-04
2.561640000000000228e-04 -3.195970000000000234e-04
1.280859999999999930e-04 -1.322999999999999903e-04
-1.546339999999999835e-05 6.305180000000000506e-05
-1.618819999999999927e-04 3.005959999999999795e-04
-2.954499999999999986e-04 5.683529999999999572e-04
-3.966299999999999752e-04 8.055399999999999887e-04
-4.507220000000000258e-04 9.481389999999999697e-04
-4.565349999999999920e-04 9.663579999999999523e-04
-4.234579999999999833e-04 8.683410000000000130e-04
-3.593159999999999865e-04 6.794919999999999649e-04
-2.630740000000000227e-04 4.217250000000000187e-04
-1.302890000000000124e-04 1.027659999999999983e-04
3.552019999999999917e-05 -2.661380000000000191e-04
2.168050000000000088e-04 -6.335960000000000506e-04
3.858649999999999927e-04 -9.200420000000000386e-04
5.155770000000000275e-04 -1.073270000000000083e-03
5.881060000000000237e-04 -1.085510000000000034e-03
5.947079999999999988e-04 -9.780279999999999269e-04
5.308350000000000091e-04 -7.825659999999999474e-04
3.963780000000000189e-04 -5.304209999999999958e-04
2.012170000000000083e-04 -2.151929999999999978e-04
-3.213269999999999815e-05 1.785339999999999952e-04
-2.701639999999999836e-04 5.877929999999999744e-04
-4.747199999999999814e-04 9.267010000000000438e-04
-6.153200000000000379e-04 1.138839999999999904e-03
-6.781410000000000519e-04 1.201489999999999937e-03
-6.632740000000000467e-04 1.131260000000000035e-03
-5.755520000000000080e-04 9.505289999999999790e-04
-4.197459999999999755e-04 6.581970000000000138e-04
-2.047010000000000040e-04 2.478770000000000257e-04
5.013840000000000094e-05 -2.718339999999999862e-04
3.146590000000000107e-04 -8.335999999999999877e-04
5.525670000000000104e-04 -1.269380000000000074e-03
7.275079999999999741e-04 -1.441739999999999949e-03
8.117909999999999666e-04 -1.343309999999999903e-03
7.911660000000000480e-04 -1.063570000000000010e-03
6.617700000000000015e-04 -7.156779999999999739e-04
4.272209999999999810e-04 -3.351019999999999910e-04
1.052580000000000009e-04 9.562699999999999770e-05
-2.591210000000000149e-04 5.529019999999999725e-04
-5.954120000000000246e-04 9.947529999999999133e-04
-8.358309999999999872e-04 1.370160000000000041e-03
-9.446030000000000225e-04 1.571890000000000049e-03
-9.203699999999999989e-04 1.503559999999999923e-03
-7.773660000000000379e-04 1.129210000000000066e-03
-5.296059999999999570e-04 5.067809999999999850e-04
-1.934469999999999929e-04 -2.014759999999999934e-04
2.012639999999999894e-04 -8.635900000000000173e-04
6.062179999999999479e-04 -1.380149999999999910e-03
9.551689999999999616e-04 -1.656300000000000090e-03
1.172819999999999982e-03 -1.660419999999999908e-03
1.198220000000000058e-03 -1.432359999999999927e-03
1.012419999999999987e-03 -1.060069999999999979e-03
6.487510000000000368e-04 -5.953090000000000291e-04
1.761180000000000102e-04 -1.571640000000000084e-05
-3.266860000000000228e-04 6.742090000000000496e-04
-7.834429999999999866e-04 1.352010000000000061e-03
-1.124449999999999929e-03 1.845800000000000088e-03
-1.297289999999999988e-03 2.024559999999999901e-03
-1.278089999999999955e-03 1.823409999999999918e-03
-1.068450000000000085e-03 1.249340000000000043e-03
-6.847999999999999487e-04 3.952490000000000235e-04
-1.609020000000000122e-04 -5.404309999999999626e-04
4.366129999999999751e-04 -1.326769999999999903e-03
1.004899999999999977e-03 -1.818699999999999917e-03
1.428379999999999928e-03 -1.989310000000000210e-03
1.612900000000000011e-03 -1.869860000000000098e-03
1.509560000000000068e-03 -1.501900000000000023e-03
1.125659999999999899e-03 -9.340530000000000100e-04
5.255979999999999507e-04 -1.990109999999999958e-04
-1.820140000000000093e-04 6.623949999999999760e-04
-8.689830000000000384e-04 1.517069999999999920e-03
-1.414480000000000078e-03 2.161520000000000108e-03
-1.727259999999999993e-03 2.416230000000000114e-03
-1.756670000000000106e-03 2.171499999999999819e-03
-1.490750000000000105e-03 1.433809999999999989e-03
-9.535379999999999768e-04 3.653020000000000204e-04
-2.119249999999999877e-04 -7.446479999999999896e-04
6.172029999999999791e-04 -1.618759999999999904e-03
1.380219999999999928e-03 -2.141420000000000216e-03
1.921680000000000046e-03 -2.327150000000000052e-03
2.120100000000000196e-03 -2.183810000000000005e-03
1.913409999999999937e-03 -1.676610000000000036e-03
1.319939999999999915e-03 -8.323599999999999792e-04
4.493000000000000249e-04 2.116959999999999870e-04
-5.196969999999999541e-04 1.264719999999999994e-03
-1.393930000000000039e-03 2.125189999999999892e-03
-2.016800000000000016e-03 2.608520000000000023e-03
-2.284809999999999966e-03 2.557799999999999831e-03
-2.142380000000000152e-03 1.930999999999999991e-03
-1.588699999999999965e-03 8.794669999999999875e-04
-6.993239999999999743e-04 -3.182370000000000229e-04
3.677290000000000159e-04 -1.374889999999999923e-03
1.400130000000000081e-03 -2.099129999999999833e-03
2.181250000000000029e-03 -2.413279999999999852e-03
2.538030000000000147e-03 -2.291490000000000193e-03
2.378529999999999794e-03 -1.766540000000000037e-03
1.721300000000000044e-03 -9.501330000000000322e-04
7.008850000000000496e-04 5.072250000000000098e-05
-4.669949999999999969e-04 1.124809999999999959e-03
-1.542970000000000062e-03 2.063319999999999998e-03
-2.312750000000000136e-03 2.568180000000000202e-03
-2.620990000000000125e-03 2.437130000000000025e-03
-2.401410000000000090e-03 1.732559999999999959e-03
-1.694729999999999978e-03 6.949340000000000248e-04
-6.377849999999999795e-04 -4.043040000000000240e-04
5.677149999999999948e-04 -1.356949999999999996e-03
1.685800000000000102e-03 -2.013290000000000045e-03
2.475399999999999996e-03 -2.231630000000000072e-03
2.740049999999999951e-03 -1.981859999999999785e-03
2.398449999999999888e-03 -1.376499999999999902e-03
1.526730000000000014e-03 -5.459630000000000039e-04
3.339120000000000109e-04 3.696370000000000254e-04
-9.055499999999999747e-04 1.163259999999999945e-03
-1.920360000000000079e-03 1.663629999999999927e-03
-2.498960000000000157e-03 1.811480000000000078e-03
-2.528939999999999921e-03 1.590899999999999910e-03
-2.014530000000000053e-03 1.050949999999999931e-03
-1.074220000000000079e-03 3.145399999999999802e-04
8.219690000000000579e-05 -4.667019999999999914e-04
1.195829999999999940e-03 -1.084110000000000108e-03
2.013319999999999867e-03 -1.355120000000000022e-03
2.350650000000000135e-03 -1.296040000000000039e-03
2.146599999999999810e-03 -1.040810000000000086e-03
1.474030000000000088e-03 -6.933310000000000471e-04
5.085069999999999478e-04 -3.013749999999999936e-04
-5.174700000000000176e-04 8.793409999999999551e-05
-1.360080000000000056e-03 3.858959999999999929e-04
-1.821670000000000060e-03 5.905020000000000191e-04
-1.813979999999999976e-03 7.397319999999999980e-04
-1.383780000000000036e-03 8.004779999999999751e-04
-6.814399999999999537e-04 7.207960000000000018e-04
9.688239999999999927e-05 5.024909999999999837e-04
7.610339999999999510e-04 2.007269999999999909e-04
1.168549999999999971e-03 -1.374269999999999973e-04
1.254420000000000014e-03 -4.253230000000000205e-04
1.040169999999999983e-03 -6.152599999999999606e-04
6.221669999999999675e-04 -7.526899999999999780e-04
1.375550000000000069e-04 -8.186899999999999560e-04
-2.843049999999999961e-04 -7.291759999999999995e-04
-5.567309999999999794e-04 -4.481639999999999734e-04
-6.418409999999999827e-04 -7.414000000000000505e-05
-5.478819999999999697e-04 2.947769999999999731e-04
-3.351879999999999899e-04 6.543369999999999525e-04
-1.025530000000000056e-04 8.996810000000000484e-04
6.282740000000000091e-05 8.921169999999999968e-04
1.274410000000000018e-04 6.260909999999999523e-04
1.103249999999999983e-04 1.995699999999999883e-04
5.694279999999999969e-05 -2.482970000000000251e-04
1.632530000000000106e-05 -5.947409999999999763e-04
2.467100000000000147e-05 -7.479579999999999562e-04
8.952699999999999851e-05 -6.789359999999999926e-04
1.831489999999999908e-04 -4.471119999999999977e-04
2.550709999999999978e-04 -1.440470000000000118e-04
2.586660000000000066e-04 1.327989999999999867e-04
1.768530000000000091e-04 2.880469999999999884e-04
2.941890000000000051e-05 3.205589999999999915e-04
-1.421510000000000015e-04 3.139379999999999883e-04
-2.922189999999999749e-04 2.932759999999999751e-04
-3.784069999999999838e-04 2.278399999999999870e-04
-3.723800000000000092e-04 1.386740000000000075e-04
-2.758880000000000121e-04 6.791600000000000501e-05
-1.207980000000000045e-04 1.334849999999999934e-05
5.050100000000000319e-05 -4.776920000000000336e-05
2.024700000000000046e-04 -1.270370000000000104e-04
3.090689999999999779e-04 -2.167220000000000030e-04
3.512809999999999999e-04 -2.904129999999999993e-04
3.209159999999999747e-04 -3.150930000000000137e-04
2.273900000000000031e-04 -2.680369999999999953e-04
9.665540000000000297e-05 -1.495439999999999899e-04
-3.979699999999999861e-05 1.214080000000000072e-05
-1.566139999999999882e-04 1.703809999999999938e-04
-2.383669999999999897e-04 2.783409999999999834e-04
-2.765070000000000006e-04 3.093269999999999744e-04
-2.665780000000000081e-04 2.677129999999999896e-04
-2.094200000000000109e-04 1.799140000000000125e-04
-1.138880000000000046e-04 7.573759999999999802e-05
2.597680000000000005e-06 -2.366119999999999972e-05
1.167019999999999950e-04 -1.078860000000000035e-04
2.043120000000000049e-04 -1.735150000000000082e-04
2.470349999999999955e-04 -2.177950000000000112e-04
2.378779999999999881e-04 -2.332129999999999913e-04
1.830670000000000008e-04 -2.081789999999999867e-04
9.867169999999999923e-05 -1.362520000000000094e-04
4.185660000000000173e-06 -2.754999999999999881e-05
-8.297069999999999489e-05 8.808340000000000440e-05
-1.497930000000000073e-04 1.742889999999999977e-04
-1.877810000000000102e-04 2.098719999999999991e-04
-1.925910000000000133e-04 1.967039999999999924e-04
-1.639619999999999999e-04 1.504739999999999962e-04
-1.060800000000000008e-04 8.782389999999999782e-05
-2.840670000000000028e-05 1.938440000000000028e-05
5.418680000000000100e-05 -4.886860000000000168e-05
1.238699999999999914e-04 -1.103260000000000005e-04
1.651789999999999986e-04 -1.547130000000000076e-04
1.705309999999999975e-04 -1.705169999999999939e-04
1.423039999999999982e-04 -1.511489999999999991e-04
9.031460000000000432e-05 -9.994449999999999829e-05
2.699180000000000134e-05 -3.000750000000000026e-05
-3.630849999999999974e-05 4.107470000000000164e-05
-9.029879999999999678e-05 9.793779999999999597e-05
-1.272179999999999871e-04 1.315219999999999920e-04
-1.408539999999999901e-04 1.392069999999999972e-04
-1.280350000000000032e-04 1.227029999999999939e-04
-9.065380000000000269e-05 8.621789999999999999e-05
-3.642380000000000183e-05 3.599700000000000111e-05
2.271529999999999917e-05 -1.950099999999999845e-05
7.404930000000000268e-05 -7.017419999999999637e-05
1.077320000000000046e-04 -1.061690000000000062e-04
1.189300000000000014e-04 -1.204590000000000066e-04
1.078709999999999977e-04 -1.108530000000000041e-04
7.849330000000000283e-05 -8.047219999999999840e-05
3.692720000000000111e-05 -3.659060000000000166e-05
-9.465590000000000627e-06 1.148610000000000002e-05
-5.268369999999999840e-05 5.460060000000000033e-05
-8.496100000000000191e-05 8.536110000000000507e-05
-1.002340000000000029e-04 9.907419999999999411e-05
-9.576640000000000521e-05 9.417410000000000353e-05
-7.307459999999999997e-05 7.230679999999999692e-05
-3.756209999999999736e-05 3.804900000000000111e-05
3.023430000000000121e-06 -1.855670000000000099e-06
4.061180000000000307e-05 -3.974399999999999759e-05
6.852240000000000652e-05 -6.854730000000000014e-05
8.245320000000000535e-05 -8.320299999999999604e-05
8.080340000000000634e-05 -8.160089999999999997e-05
6.461039999999999383e-05 -6.485560000000000294e-05
3.728989999999999681e-05 -3.689219999999999891e-05
