-4.387309999999999732e-08 7.400139999999999718e-07
-2.430200000000000149e-07 2.543660000000000054e-06
-6.312940000000000412e-07 4.095639999999999635e-06
-1.224490000000000028e-06 7.037399999999999740e-06
-2.541739999999999995e-06 1.713569999999999926e-05
-5.779560000000000277e-06 3.930559999999999854e-05
-1.194409999999999970e-05 7.028369999999999930e-05
-2.052650000000000075e-05 9.448469999999999341e-05
-2.930620000000000073e-05 9.660649999999999739e-05
-3.535289999999999825e-05 6.814509999999999914e-05
-3.524529999999999948e-05 6.959270000000000033e-06
-2.516810000000000049e-05 -7.060520000000000630e-05
-3.063000000000000150e-06 -1.348370000000000102e-04
2.910400000000000121e-05 -1.683750000000000134e-04
6.587759999999999417e-05 -1.803759999999999955e-04
1.003489999999999976e-04 -1.943500000000000078e-04
1.253650000000000033e-04 -2.249110000000000020e-04
1.349060000000000125e-04 -2.647009999999999988e-04
1.266639999999999921e-04 -2.848300000000000224e-04
1.030939999999999992e-04 -2.465529999999999957e-04
6.890110000000000342e-05 -1.336189999999999958e-04
2.806749999999999851e-05 2.047230000000000049e-05
-1.713579999999999948e-05 1.605450000000000019e-04
-6.632169999999999895e-05 2.587140000000000034e-04
-1.190399999999999987e-04 3.187379999999999966e-04
-1.693660000000000044e-04 3.512149999999999907e-04
-2.037180000000000035e-04 3.651120000000000103e-04
-2.086330000000000064e-04 3.673489999999999958e-04
-1.820400000000000121e-04 3.591760000000000048e-04
-1.355460000000000063e-04 3.376869999999999807e-04
-8.538840000000000395e-05 2.928629999999999775e-04
-4.091340000000000032e-05 2.003060000000000029e-04
-1.072349999999999990e-06 4.891250000000000307e-05
3.891690000000000004e-05 -1.310879999999999890e-04
8.079589999999999667e-05 -3.008479999999999900e-04
1.241849999999999909e-04 -4.378130000000000042e-04
1.684730000000000114e-04 -5.260580000000000377e-04
2.095870000000000111e-04 -5.582919999999999463e-04
2.380519999999999902e-04 -5.427109999999999747e-04
2.438229999999999998e-04 -4.949359999999999654e-04
2.227180000000000045e-04 -4.279490000000000052e-04
1.775009999999999934e-04 -3.432959999999999874e-04
1.143909999999999963e-04 -2.332489999999999889e-04
4.074189999999999697e-05 -9.699299999999999784e-05
-3.510650000000000006e-05 6.161749999999999747e-05
-1.052819999999999993e-04 2.332339999999999967e-04
-1.642349999999999886e-04 3.905770000000000249e-04
-2.081700000000000076e-04 4.987680000000000195e-04
-2.340470000000000040e-04 5.440319999999999575e-04
-2.408900000000000060e-04 5.475140000000000302e-04
-2.306610000000000062e-04 5.366000000000000327e-04
-2.054659999999999874e-04 5.078570000000000133e-04
-1.650140000000000027e-04 4.307550000000000051e-04
-1.091489999999999946e-04 2.782880000000000163e-04
-4.248120000000000249e-05 6.779999999999999460e-05
2.607179999999999998e-05 -1.449479999999999952e-04
9.136119999999999528e-05 -3.344409999999999918e-04
1.574860000000000029e-04 -5.071159999999999470e-04
2.283920000000000047e-04 -6.482560000000000492e-04
2.941570000000000231e-04 -7.295749999999999935e-04
3.333540000000000071e-04 -7.218419999999999915e-04
3.287949999999999987e-04 -6.110819999999999880e-04
2.788189999999999744e-04 -4.354310000000000125e-04
1.948049999999999890e-04 -2.545800000000000190e-04
9.013910000000000574e-05 -9.393600000000000322e-05
-2.634440000000000140e-05 7.062340000000000555e-05
-1.463170000000000020e-04 2.750319999999999783e-04
-2.548469999999999945e-04 5.084790000000000490e-04
-3.322430000000000240e-04 7.122810000000000469e-04
-3.660669999999999766e-04 8.269080000000000050e-04
-3.596539999999999958e-04 8.288699999999999974e-04
-3.256469999999999808e-04 7.317759999999999543e-04
-2.714740000000000100e-04 5.625180000000000241e-04
-1.936469999999999977e-04 3.393210000000000128e-04
-8.610520000000000359e-05 6.358439999999999383e-05
4.799319999999999986e-05 -2.581150000000000046e-04
1.920009999999999935e-04 -5.765629999999999887e-04
3.213280000000000108e-04 -8.155639999999999591e-04
4.147660000000000062e-04 -9.298730000000000060e-04
4.618930000000000041e-04 -9.196799999999999767e-04
4.595469999999999828e-04 -8.110730000000000457e-04
4.044100000000000125e-04 -6.354800000000000075e-04
2.942390000000000131e-04 -4.195819999999999953e-04
1.357049999999999890e-04 -1.514069999999999956e-04
-5.228839999999999899e-05 1.872359999999999942e-04
-2.400670000000000039e-04 5.352790000000000499e-04
-3.940220000000000029e-04 8.131219999999999984e-04
-4.907909999999999703e-04 9.747970000000000116e-04
-5.253429999999999472e-04 1.007309999999999976e-03
-5.034220000000000058e-04 9.325289999999999751e-04
-4.293190000000000005e-04 7.727110000000000358e-04
-3.033210000000000051e-04 5.227590000000000275e-04
-1.302499999999999947e-04 1.711679999999999983e-04
7.271740000000000278e-05 -2.775470000000000042e-04
2.782780000000000214e-04 -7.600680000000000283e-04
4.552560000000000200e-04 -1.117670000000000078e-03
5.752560000000000095e-04 -1.229760000000000098e-03
6.216219999999999515e-04 -1.104989999999999922e-03
5.906909999999999591e-04 -8.375319999999999900e-04
4.822329999999999889e-04 -5.330159999999999803e-04
2.945520000000000083e-04 -2.151309999999999974e-04
3.665399999999999838e-05 1.419090000000000130e-04
-2.524730000000000203e-04 5.192070000000000452e-04
-5.078520000000000430e-04 8.793180000000000267e-04
-6.734770000000000166e-04 1.177230000000000030e-03
-7.295140000000000088e-04 1.316509999999999903e-03
-6.846810000000000266e-04 1.218410000000000066e-03
-5.536000000000000122e-04 8.636590000000000196e-04
-3.466669999999999929e-04 3.129410000000000113e-04
-7.777610000000000231e-05 -2.872899999999999955e-04
2.273269999999999870e-04 -8.295320000000000124e-04
5.307520000000000033e-04 -1.233979999999999973e-03
7.808539999999999882e-04 -1.418729999999999991e-03
9.172849999999999971e-04 -1.363330000000000054e-03
8.949039999999999686e-04 -1.116000000000000021e-03
7.100119999999999912e-04 -7.661070000000000293e-04
4.017560000000000207e-04 -3.616579999999999990e-04
2.814570000000000057e-05 1.228000000000000033e-04
-3.537990000000000189e-04 6.864529999999999547e-04
-6.869829999999999513e-04 1.220519999999999895e-03
-9.142329999999999728e-04 1.579560000000000035e-03
-9.965819999999999800e-04 1.661200000000000046e-03
-9.271249999999999977e-04 1.420800000000000058e-03
-7.197969999999999932e-04 8.754950000000000059e-04
-3.927140000000000080e-04 1.181189999999999985e-04
2.564199999999999946e-05 -6.679379999999999736e-04
4.775180000000000180e-04 -1.282230000000000088e-03
8.781270000000000308e-04 -1.613440000000000056e-03
1.143130000000000014e-03 -1.657719999999999897e-03
1.213330000000000094e-03 -1.458169999999999952e-03
1.063420000000000034e-03 -1.065640000000000077e-03
7.080269999999999619e-04 -5.372989999999999797e-04
2.071780000000000008e-04 9.265809999999999975e-05
-3.442610000000000028e-04 7.924720000000000115e-04
-8.417329999999999994e-04 1.448810000000000028e-03
-1.195040000000000078e-03 1.889620000000000058e-03
-1.344719999999999986e-03 1.975890000000000112e-03
-1.267729999999999899e-03 1.637049999999999920e-03
-9.719620000000000429e-04 9.046899999999999864e-04
-4.914309999999999642e-04 -5.704039999999999686e-05
1.084319999999999945e-04 -9.816110000000000720e-04
7.271079999999999644e-04 -1.631470000000000099e-03
1.245460000000000100e-03 -1.931839999999999989e-03
1.555619999999999963e-03 -1.927839999999999892e-03
1.582040000000000052e-03 -1.650170000000000066e-03
1.294299999999999964e-03 -1.086960000000000096e-03
7.270100000000000477e-04 -2.846570000000000090e-04
-7.654490000000000298e-06 6.157810000000000323e-04
-7.482429999999999984e-04 1.441800000000000026e-03
-1.343390000000000079e-03 2.028219999999999849e-03
-1.691549999999999998e-03 2.240069999999999822e-03
-1.738170000000000036e-03 1.977549999999999794e-03
-1.462439999999999964e-03 1.248769999999999958e-03
-8.889720000000000261e-04 2.280349999999999944e-04
-1.087799999999999987e-04 -8.179339999999999788e-04
7.277349999999999704e-04 -1.636670000000000008e-03
1.447989999999999911e-03 -2.078410000000000153e-03
1.897910000000000048e-03 -2.108580000000000090e-03
1.969949999999999826e-03 -1.747690000000000094e-03
1.626910000000000075e-03 -1.073519999999999900e-03
9.258209999999999574e-04 -2.288349999999999868e-04
1.557440000000000118e-05 6.696869999999999733e-04
-9.071609999999999700e-04 1.520400000000000093e-03
-1.651640000000000009e-03 2.145030000000000027e-03
-2.064910000000000096e-03 2.303819999999999826e-03
-2.053810000000000097e-03 1.872820000000000084e-03
-1.612900000000000011e-03 9.833870000000000632e-04
-8.338259999999999682e-04 -8.990339999999999714e-05
1.252149999999999997e-04 -1.077080000000000008e-03
1.081200000000000043e-03 -1.794690000000000044e-03
1.847080000000000076e-03 -2.134510000000000053e-03
2.245360000000000064e-03 -2.011629999999999929e-03
2.152240000000000143e-03 -1.458979999999999912e-03
1.563380000000000065e-03 -6.427810000000000381e-04
6.150580000000000326e-04 2.686009999999999852e-04
-4.666219999999999786e-04 1.112219999999999919e-03
-1.436580000000000018e-03 1.683580000000000059e-03
-2.081729999999999952e-03 1.852469999999999941e-03
-2.262179999999999920e-03 1.630570000000000023e-03
-1.941910000000000034e-03 1.078090000000000081e-03
-1.193690000000000072e-03 3.074250000000000051e-04
-1.818549999999999995e-04 -5.154340000000000527e-04
8.701250000000000217e-04 -1.221159999999999997e-03
1.723029999999999961e-03 -1.615010000000000057e-03
2.173490000000000144e-03 -1.561370000000000076e-03
2.112900000000000021e-03 -1.143240000000000011e-03
1.566689999999999923e-03 -5.610870000000000440e-04
6.794130000000000221e-04 2.411590000000000063e-05
-3.371550000000000068e-04 5.194929999999999947e-04
-1.250250000000000059e-03 8.542489999999999589e-04
-1.842330000000000096e-03 9.494180000000000501e-04
-1.965929999999999848e-03 8.437979999999999873e-04
-1.603959999999999978e-03 6.330729999999999474e-04
-8.765519999999999519e-04 3.514179999999999886e-04
1.350490000000000007e-05 1.885810000000000161e-05
8.444639999999999569e-04 -3.052220000000000128e-04
1.421759999999999994e-03 -5.455380000000000342e-04
1.620169999999999987e-03 -6.757170000000000494e-04
1.416890000000000076e-03 -6.570120000000000040e-04
8.929600000000000428e-04 -5.038160000000000294e-04
2.055310000000000080e-04 -3.267899999999999798e-04
-4.608530000000000005e-04 -1.649750000000000120e-04
-9.503499999999999795e-04 2.245739999999999949e-05
-1.169410000000000067e-03 2.514559999999999994e-04
-1.089759999999999947e-03 4.357890000000000114e-04
-7.487179999999999964e-04 5.200950000000000408e-04
-2.572629999999999795e-04 5.576329999999999785e-04
2.282300000000000019e-04 5.049050000000000456e-04
5.777160000000000368e-04 2.856259999999999789e-04
7.327259999999999503e-04 -5.806989999999999776e-05
6.963100000000000062e-04 -4.174490000000000210e-04
5.107510000000000435e-04 -6.804489999999999627e-04
2.475760000000000027e-04 -7.704110000000000342e-04
-9.961320000000000368e-06 -6.466189999999999698e-04
-1.996540000000000098e-04 -3.328520000000000176e-04
-3.009239999999999940e-04 6.432090000000000279e-05
-3.267869999999999868e-04 4.255090000000000218e-04
-3.024090000000000111e-04 6.509950000000000242e-04
-2.480040000000000196e-04 6.638419999999999911e-04
-1.752679999999999896e-04 4.931039999999999599e-04
-9.440859999999999595e-05 2.575939999999999870e-04
-1.387489999999999992e-05 2.172209999999999994e-05
6.684139999999999331e-05 -2.031389999999999943e-04
1.486149999999999993e-04 -3.628130000000000244e-04
2.160399999999999983e-04 -4.046729999999999793e-04
2.442750000000000151e-04 -3.425820000000000210e-04
2.224500000000000132e-04 -2.238879999999999950e-04
1.598690000000000104e-04 -9.396229999999999990e-05
7.218529999999999478e-05 1.365790000000000013e-05
-2.771679999999999863e-05 8.565070000000000311e-05
-1.248730000000000087e-04 1.288539999999999965e-04
-1.979220000000000068e-04 1.577500000000000126e-04
-2.265160000000000112e-04 1.785909999999999982e-04
-2.031710000000000102e-04 1.820509999999999956e-04
-1.370339999999999894e-04 1.527099999999999931e-04
-4.787650000000000147e-05 8.313349999999999950e-05
4.261330000000000077e-05 -1.644720000000000069e-05
1.166140000000000053e-04 -1.181410000000000061e-04
1.627040000000000062e-04 -1.894940000000000123e-04
1.764249999999999922e-04 -2.094669999999999920e-04
1.589550000000000121e-04 -1.760660000000000046e-04
1.146900000000000014e-04 -1.049810000000000034e-04
5.028070000000000125e-05 -2.195130000000000106e-05
-2.402600000000000002e-05 4.876410000000000293e-05
-9.359350000000000438e-05 9.475979999999999354e-05
-1.423480000000000134e-04 1.177560000000000022e-04
-1.585810000000000052e-04 1.256449999999999939e-04
-1.395050000000000001e-04 1.214400000000000028e-04
-9.167719999999999700e-05 9.866110000000000309e-05
-2.798050000000000087e-05 4.988619999999999681e-05
3.641830000000000333e-05 -1.879979999999999913e-05
8.787240000000000253e-05 -8.663049999999999668e-05
1.175939999999999993e-04 -1.307120000000000048e-04
1.231879999999999867e-04 -1.385919999999999904e-04
1.071159999999999956e-04 -1.129189999999999941e-04
7.370569999999999466e-05 -6.695780000000000460e-05
2.790259999999999946e-05 -1.568629999999999921e-05
-2.345800000000000139e-05 3.085540000000000277e-05
-7.055349999999999458e-05 6.818959999999999507e-05
-1.023699999999999973e-04 9.372000000000000393e-05
-1.109189999999999997e-04 1.037299999999999979e-04
-9.482879999999999576e-05 9.432930000000000503e-05
-5.975689999999999702e-05 6.511669999999999947e-05
-1.561499999999999873e-05 2.173310000000000034e-05
2.736410000000000115e-05 -2.522550000000000099e-05
6.144150000000000457e-05 -6.419650000000000107e-05
8.207609999999999841e-05 -8.681500000000000143e-05
8.717739999999999647e-05 -8.998819999999999335e-05
7.638829999999999503e-05 -7.545979999999999875e-05
5.132749999999999943e-05 -4.798420000000000045e-05
1.636500000000000002e-05 -1.355729999999999978e-05
-2.134609999999999879e-05 2.156460000000000017e-05
-5.339890000000000131e-05 5.130010000000000033e-05
-7.272090000000000368e-05 7.030220000000000598e-05
-7.580260000000000502e-05 7.496040000000000147e-05
-6.339000000000000125e-05 6.449069999999999564e-05
-3.954780000000000106e-05 4.141919999999999809e-05
-9.950939999999999292e-06 1.104190000000000011e-05
1.959310000000000050e-05 -1.997449999999999993e-05
4.395959999999999836e-05 -4.527239999999999704e-05
5.909100000000000057e-05 -6.018170000000000014e-05
6.240650000000000635e-05 -6.248510000000000251e-05
5.337909999999999855e-05 -5.255719999999999885e-05
3.397060000000000303e-05 -3.302539999999999724e-05
8.450469999999999409e-06 -8.121739999999999933e-06
-1.758110000000000011e-05 1.714829999999999978e-05
-3.865540000000000263e-05 3.792010000000000308e-05
-5.078500000000000250e-05 5.035790000000000112e-05
-5.221580000000000242e-05 5.236849999999999844e-05
-4.346900000000000004e-05 4.398610000000000226e-05
