-4.321669999999999946e-08 7.417089999999999615e-07
-2.409209999999999906e-07 2.552380000000000201e-06
-6.313109999999999810e-07 4.116050000000000173e-06
-1.233290000000000054e-06 7.073649999999999605e-06
-2.557990000000000051e-06 1.721169999999999989e-05
-5.799220000000000018e-06 3.948360000000000259e-05
-1.199799999999999931e-05 7.064419999999999695e-05
-2.070989999999999970e-05 9.506879999999999346e-05
-2.973679999999999962e-05 9.737570000000000351e-05
-3.606900000000000313e-05 6.898639999999999395e-05
-3.614500000000000037e-05 7.689140000000000043e-06
-2.602300000000000140e-05 -7.022910000000000155e-05
-3.558310000000000157e-06 -1.350280000000000089e-04
2.927889999999999847e-05 -1.692219999999999868e-04
6.686779999999999699e-05 -1.818629999999999899e-04
1.020390000000000034e-04 -1.964450000000000072e-04
1.274860000000000056e-04 -2.275649999999999938e-04
1.372190000000000020e-04 -2.677719999999999970e-04
1.290329999999999960e-04 -2.880499999999999814e-04
1.054080000000000045e-04 -2.495460000000000126e-04
7.097389999999999483e-05 -1.359219999999999905e-04
2.957500000000000059e-05 1.931080000000000153e-05
-1.662559999999999884e-05 1.607939999999999923e-04
-6.714969999999999847e-05 2.603990000000000254e-04
-1.212310000000000053e-04 3.217480000000000101e-04
-1.726429999999999935e-04 3.553429999999999892e-04
-2.076950000000000096e-04 3.699989999999999789e-04
-2.128990000000000092e-04 3.725000000000000012e-04
-1.861029999999999900e-04 3.641079999999999772e-04
-1.388870000000000003e-04 3.419960000000000101e-04
-8.766699999999999938e-05 2.961880000000000177e-04
-4.209510000000000291e-05 2.023009999999999999e-04
-1.303590000000000041e-06 4.932209999999999996e-05
3.956789999999999770e-05 -1.323239999999999887e-04
8.242289999999999990e-05 -3.035860000000000034e-04
1.268510000000000091e-04 -4.418690000000000074e-04
1.720520000000000122e-04 -5.312679999999999963e-04
2.138560000000000070e-04 -5.643500000000000296e-04
2.427700000000000084e-04 -5.490679999999999953e-04
2.486279999999999784e-04 -5.009860000000000311e-04
2.270630000000000044e-04 -4.332270000000000044e-04
1.808419999999999874e-04 -3.474600000000000106e-04
1.164270000000000018e-04 -2.359550000000000135e-04
4.141329999999999870e-05 -9.794709999999999604e-05
-3.577329999999999849e-05 6.250510000000000571e-05
-1.072190000000000046e-04 2.358460000000000049e-04
-1.672760000000000024e-04 3.946949999999999742e-04
-2.120629999999999922e-04 5.040679999999999857e-04
-2.385119999999999959e-04 5.500260000000000088e-04
-2.455669999999999750e-04 5.536640000000000441e-04
-2.350859999999999918e-04 5.424969999999999662e-04
-2.092480000000000132e-04 5.132119999999999781e-04
-1.680209999999999961e-04 4.352189999999999813e-04
-1.114150000000000031e-04 2.814010000000000252e-04
-4.389340000000000228e-05 6.915889999999999950e-05
2.588500000000000035e-05 -1.455109999999999965e-04
9.273479999999999853e-05 -3.369189999999999772e-04
1.603900000000000009e-04 -5.115099999999999595e-04
2.325560000000000008e-04 -6.544850000000000060e-04
2.994189999999999872e-04 -7.372029999999999686e-04
3.395989999999999990e-04 -7.300920000000000023e-04
3.355589999999999767e-04 -6.190889999999999675e-04
2.851570000000000211e-04 -4.423860000000000162e-04
1.996180000000000122e-04 -2.597310000000000244e-04
9.264739999999999662e-05 -9.664759999999999942e-05
-2.636989999999999972e-05 7.075189999999999594e-05
-1.486749999999999953e-04 2.780910000000000044e-04
-2.591930000000000102e-04 5.142560000000000447e-04
-3.382540000000000178e-04 7.202820000000000403e-04
-3.733440000000000088e-04 8.363999999999999473e-04
-3.675490000000000007e-04 8.389299999999999926e-04
-3.332869999999999821e-04 7.413569999999999969e-04
-2.779990000000000195e-04 5.705439999999999774e-04
-1.983839999999999898e-04 3.448570000000000086e-04
-8.858159999999999906e-05 6.596800000000000266e-05
4.811130000000000132e-05 -2.592830000000000178e-04
1.949359999999999917e-04 -5.814340000000000307e-04
3.271519999999999875e-04 -8.238920000000000054e-04
4.232090000000000201e-04 -9.408630000000000075e-04
4.721190000000000109e-04 -9.320780000000000298e-04
4.701899999999999960e-04 -8.233900000000000160e-04
4.139489999999999901e-04 -6.462040000000000492e-04
3.013660000000000145e-04 -4.273960000000000259e-04
1.395179999999999879e-04 -1.553509999999999971e-04
-5.221910000000000288e-05 1.877899999999999893e-04
-2.437919999999999996e-04 5.405559999999999792e-04
-4.013399999999999758e-04 8.226730000000000024e-04
-5.010880000000000108e-04 9.874700000000000578e-04
-5.373640000000000274e-04 1.021540000000000035e-03
-5.154649999999999987e-04 9.466039999999999784e-04
-4.397539999999999913e-04 7.849379999999999986e-04
-3.109599999999999908e-04 5.316210000000000250e-04
-1.343469999999999929e-04 1.754910000000000042e-04
7.261849999999999599e-05 -2.785260000000000231e-04
2.824200000000000235e-04 -7.666749999999999737e-04
4.636660000000000022e-04 -1.129500000000000079e-03
5.875540000000000060e-04 -1.245350000000000103e-03
6.365379999999999693e-04 -1.122029999999999989e-03
6.058749999999999683e-04 -8.536050000000000105e-04
4.949299999999999793e-04 -5.460060000000000304e-04
3.026629999999999989e-04 -2.232769999999999970e-04
3.918799999999999817e-05 1.399600000000000084e-04
-2.557600000000000043e-04 5.240180000000000098e-04
-5.167680000000000233e-04 8.904089999999999921e-04
-6.870990000000000431e-04 1.193349999999999923e-03
-7.460159999999999535e-04 1.335809999999999992e-03
-7.018109999999999930e-04 1.238280000000000023e-03
-5.691560000000000239e-04 8.808099999999999914e-04
-3.584640000000000157e-04 3.243039999999999768e-04
-8.360240000000000444e-05 -2.836310000000000090e-04
2.291120000000000114e-04 -8.341789999999999969e-04
5.404020000000000481e-04 -1.246600000000000052e-03
7.971700000000000400e-04 -1.438019999999999923e-03
9.380950000000000096e-04 -1.386609999999999926e-03
9.172339999999999530e-04 -1.139610000000000102e-03
7.301239999999999640e-04 -7.863940000000000470e-04
4.159219999999999931e-04 -3.756270000000000138e-04
3.393360000000000321e-05 1.174579999999999993e-04
-3.570029999999999970e-04 6.912179999999999540e-04
-6.986149999999999782e-04 1.235289999999999999e-03
-9.331100000000000158e-04 1.602179999999999924e-03
-1.020499999999999923e-03 1.688150000000000024e-03
-9.525300000000000433e-04 1.448059999999999929e-03
-7.424709999999999730e-04 8.988439999999999885e-04
-4.089019999999999959e-04 1.332919999999999971e-04
1.884449999999999889e-05 -6.642310000000000445e-04
4.821070000000000108e-04 -1.291030000000000085e-03
8.944639999999999796e-04 -1.633349999999999993e-03
1.168999999999999900e-03 -1.685679999999999948e-03
1.244129999999999975e-03 -1.490049999999999925e-03
1.093650000000000047e-03 -1.096350000000000059e-03
7.325450000000000277e-04 -5.614020000000000165e-04
2.217710000000000015e-04 7.965570000000000376e-05
-3.424060000000000146e-04 7.931690000000000355e-04
-8.533940000000000492e-04 1.463649999999999934e-03
-1.218719999999999960e-03 1.916780000000000090e-03
-1.376920000000000010e-03 2.011170000000000058e-03
-1.303399999999999915e-03 1.674420000000000032e-03
-1.005110000000000031e-03 9.373180000000000270e-04
-5.159379999999999652e-04 -3.539679999999999964e-05
9.774159999999999945e-05 -9.752880000000000446e-04
7.332690000000000432e-04 -1.641920000000000055e-03
1.268210000000000084e-03 -1.957550000000000175e-03
1.591050000000000103e-03 -1.964800000000000053e-03
1.623609999999999940e-03 -1.692399999999999937e-03
1.334630000000000061e-03 -1.126959999999999984e-03
7.590540000000000004e-04 -3.146959999999999970e-04
9.955229999999999551e-06 6.017280000000000502e-04
-7.492549999999999948e-04 1.446690000000000042e-03
-1.363690000000000084e-03 2.051719999999999933e-03
-1.727739999999999962e-03 2.278660000000000060e-03
-1.783810000000000040e-03 2.024489999999999883e-03
-1.509530000000000030e-03 1.294980000000000046e-03
-9.288189999999999988e-04 2.642950000000000030e-04
-1.330799999999999930e-04 -7.986440000000000466e-04
7.248130000000000414e-04 -1.638020000000000014e-03
1.467739999999999930e-03 -2.100560000000000014e-03
1.936629999999999949e-03 -2.148039999999999932e-03
2.020189999999999833e-03 -1.797310000000000097e-03
1.679170000000000012e-03 -1.123609999999999930e-03
9.699609999999999786e-04 -2.694829999999999947e-04
4.256919999999999893e-05 6.463849999999999717e-04
-9.029910000000000150e-04 1.519249999999999984e-03
-1.671259999999999933e-03 2.167049999999999792e-03
-2.104889999999999886e-03 2.345340000000000012e-03
-2.107120000000000087e-03 1.925470000000000089e-03
-1.669450000000000057e-03 1.036260000000000002e-03
-8.817119999999999905e-04 -4.729800000000000014e-05
9.660040000000000434e-05 -1.052959999999999920e-03
1.077929999999999947e-03 -1.794049999999999942e-03
1.869540000000000047e-03 -2.158049999999999899e-03
2.289119999999999957e-03 -2.054779999999999975e-03
2.208930000000000008e-03 -1.512700000000000069e-03
1.621550000000000031e-03 -6.961229999999999892e-04
6.622250000000000098e-04 2.260440000000000062e-04
-4.405389999999999914e-04 1.088949999999999987e-03
-1.436680000000000075e-03 1.684640000000000052e-03
-2.107630000000000094e-03 1.877640000000000082e-03
-2.308450000000000085e-03 1.674060000000000001e-03
-1.998750000000000093e-03 1.130450000000000075e-03
-1.248909999999999994e-03 3.579349999999999806e-04
-2.238010000000000075e-04 -4.769029999999999840e-04
8.498709999999999815e-04 -1.202380000000000072e-03
1.728209999999999989e-03 -1.619629999999999941e-03
2.202700000000000144e-03 -1.587730000000000087e-03
2.159610000000000175e-03 -1.185019999999999954e-03
1.620209999999999966e-03 -6.093230000000000477e-04
7.277250000000000298e-04 -2.092650000000000030e-05
-3.039240000000000127e-04 4.865350000000000165e-04
-1.237789999999999897e-03 8.397009999999999891e-04
-1.851940000000000053e-03 9.552109999999999724e-04
-1.994590000000000078e-03 8.672530000000000126e-04
-1.644529999999999950e-03 6.684879999999999598e-04
-9.194789999999999561e-04 3.915740000000000019e-04
-2.283609999999999977e-05 5.577190000000000045e-05
8.210239999999999509e-04 -2.789140000000000065e-04
1.414539999999999938e-03 -5.344570000000000093e-04
1.629459999999999893e-03 -6.807150000000000310e-04
1.439659999999999941e-03 -6.758159999999999818e-04
9.234980000000000272e-04 -5.320589999999999825e-04
2.371100000000000117e-04 -3.588829999999999993e-04
-4.341729999999999917e-04 -1.950370000000000098e-04
-9.324990000000000449e-04 -3.170370000000000086e-07
-1.162140000000000091e-03 2.397239999999999972e-04
-1.093210000000000058e-03 4.365209999999999902e-04
-7.617270000000000204e-04 5.322190000000000080e-04
-2.770870000000000256e-04 5.784930000000000194e-04
2.055109999999999912e-04 5.309719999999999978e-04
5.557469999999999901e-04 3.122800000000000120e-04
7.142630000000000290e-04 -3.608249999999999885e-05
6.839469999999999621e-04 -4.042830000000000186e-04
5.070499999999999920e-04 -6.780309999999999462e-04
2.538190000000000173e-04 -7.788139999999999603e-04
5.288699999999999864e-06 -6.644910000000000183e-04
-1.781089999999999984e-04 -3.570550000000000026e-04
-2.767989999999999904e-04 3.865379999999999912e-05
-3.045410000000000239e-04 4.036889999999999901e-04
-2.867729999999999867e-04 6.372700000000000023e-04
-2.427309999999999906e-04 6.606360000000000357e-04
-1.817470000000000066e-04 5.008750000000000181e-04
-1.111209999999999954e-04 2.748919999999999966e-04
-3.707969999999999669e-05 4.521010000000000274e-05
4.187629999999999749e-05 -1.783880000000000003e-04
1.268309999999999924e-04 -3.421230000000000039e-04
2.020660000000000132e-04 -3.921020000000000213e-04
2.412519999999999866e-04 -3.401580000000000185e-04
2.307339999999999901e-04 -2.317890000000000130e-04
1.770150000000000120e-04 -1.105829999999999948e-04
9.417419999999999698e-05 -8.196020000000000516e-06
-5.326010000000000190e-06 6.328109999999999963e-05
-1.063879999999999985e-04 1.105289999999999983e-04
-1.869170000000000130e-04 1.467870000000000025e-04
-2.249530000000000128e-04 1.767539999999999953e-04
-2.108850000000000112e-04 1.894959999999999895e-04
-1.520249999999999954e-04 1.678030000000000060e-04
-6.698979999999999345e-05 1.025760000000000018e-04
2.312860000000000079e-05 3.170950000000000108e-06
1.005800000000000026e-04 -1.022870000000000051e-04
1.532720000000000057e-04 -1.802940000000000055e-04
1.752939999999999924e-04 -2.083959999999999882e-04
1.659990000000000077e-04 -1.830439999999999910e-04
1.281509999999999865e-04 -1.183760000000000064e-04
6.726459999999999969e-05 -3.887879999999999781e-05
-6.976989999999999585e-06 3.177989999999999705e-05
-7.985680000000000426e-05 8.102469999999999692e-05
-1.345200000000000063e-04 1.098020000000000034e-04
-1.579340000000000095e-04 1.248280000000000049e-04
-1.458169999999999898e-04 1.277050000000000114e-04
-1.034250000000000067e-04 1.105209999999999944e-04
-4.270600000000000074e-05 6.474349999999999431e-05
2.166799999999999990e-05 -4.039869999999999659e-06
7.601659999999999993e-05 -7.486920000000000478e-05
1.109130000000000001e-04 -1.241070000000000096e-04
1.228199999999999930e-04 -1.382189999999999992e-04
1.128579999999999959e-04 -1.186139999999999997e-04
8.415860000000000430e-05 -7.737599999999999914e-05
4.082559999999999754e-05 -2.859520000000000025e-05
-1.068760000000000081e-05 1.808269999999999883e-05
-6.043340000000000316e-05 5.804299999999999976e-05
-9.678379999999999991e-05 8.809330000000000578e-05
-1.107829999999999996e-04 1.035799999999999942e-04
-9.995790000000000057e-05 9.949180000000000176e-05
-6.894919999999999370e-05 7.435830000000000261e-05
-2.691509999999999918e-05 3.304610000000000197e-05
1.626739999999999946e-05 -1.416190000000000073e-05
5.273969999999999922e-05 -5.553480000000000233e-05
7.739290000000000232e-05 -8.214110000000000541e-05
8.726470000000000494e-05 -9.005389999999999511e-05
8.102719999999999563e-05 -8.007180000000000135e-05
5.942369999999999825e-05 -5.606880000000000094e-05
2.619710000000000029e-05 -2.339669999999999912e-05
-1.177360000000000024e-05 1.197390000000000067e-05
-4.595659999999999974e-05 4.384189999999999778e-05
-6.878919999999999523e-05 6.636839999999999970e-05
-7.601630000000000604e-05 7.518779999999999865e-05
-6.754300000000000028e-05 6.866130000000000616e-05
-4.666689999999999868e-05 4.854450000000000252e-05
-1.851739999999999994e-05 1.959839999999999857e-05
1.132279999999999940e-05 -1.171970000000000063e-05
3.759959999999999827e-05 -3.891969999999999940e-05
5.581340000000000335e-05 -5.689849999999999742e-05
6.272969999999999675e-05 -6.279669999999999458e-05
5.709440000000000007e-05 -5.626489999999999725e-05
4.021190000000000035e-05 -3.926809999999999762e-05
1.588999999999999864e-05 -1.556909999999999973e-05
-1.045350000000000080e-05 1.001310000000000074e-05
-3.322719999999999927e-05 3.249030000000000299e-05
-4.805330000000000289e-05 4.763119999999999892e-05
-5.260780000000000138e-05 5.276749999999999919e-05
-4.678139999999999903e-05 4.730170000000000148e-05
