-3.946610000000000292e-08 7.498719999999999797e-07
-2.277079999999999900e-07 2.594450000000000207e-06
-6.249640000000000103e-07 4.214529999999999610e-06
-1.269019999999999964e-06 7.248249999999999593e-06
-2.628520000000000034e-06 1.757899999999999890e-05
-5.868269999999999806e-06 4.034910000000000303e-05
-1.219570000000000082e-05 7.240109999999999363e-05
-2.152750000000000014e-05 9.791600000000000238e-05
-3.185040000000000256e-05 1.011339999999999977e-04
-3.978389999999999699e-05 7.315859999999999442e-05
-4.098939999999999756e-05 1.147410000000000082e-05
-3.076160000000000038e-05 -6.796630000000000011e-05
-6.430800000000000330e-06 -1.354380000000000135e-04
3.002399999999999917e-05 -1.729979999999999994e-04
7.206969999999999880e-05 -1.892069999999999928e-04
1.110500000000000023e-04 -2.073169999999999939e-04
1.386810000000000093e-04 -2.415940000000000047e-04
1.491399999999999985e-04 -2.839060000000000021e-04
1.409629999999999987e-04 -3.045629999999999908e-04
1.170189999999999989e-04 -2.644039999999999845e-04
8.159809999999999384e-05 -1.470660000000000044e-04
3.762499999999999975e-05 1.365640000000000023e-05
-1.357349999999999972e-05 1.616830000000000036e-04
-7.118830000000000416e-05 2.681580000000000031e-04
-1.326809999999999990e-04 3.363649999999999821e-04
-1.899140000000000116e-04 3.762770000000000025e-04
-2.284250000000000093e-04 3.954459999999999811e-04
-2.347399999999999921e-04 3.994730000000000156e-04
-2.066279999999999875e-04 3.895330000000000125e-04
-1.556899999999999951e-04 3.635870000000000139e-04
-9.915260000000000338e-05 3.123830000000000075e-04
-4.809940000000000233e-05 2.118210000000000036e-04
-2.594750000000000017e-06 5.114459999999999818e-05
4.261400000000000230e-05 -1.384289999999999989e-04
9.036610000000000204e-05 -3.169150000000000244e-04
1.401850000000000004e-04 -4.615940000000000125e-04
1.902239999999999866e-04 -5.568800000000000486e-04
2.356539999999999904e-04 -5.947329999999999587e-04
2.669440000000000246e-04 -5.816420000000000531e-04
2.734610000000000166e-04 -5.324079999999999481e-04
2.498280000000000075e-04 -4.607050000000000012e-04
1.985310000000000004e-04 -3.690149999999999897e-04
1.271540000000000094e-04 -2.498549999999999990e-04
4.479659999999999729e-05 -1.027300000000000007e-04
-3.939269999999999979e-05 6.729270000000000032e-05
-1.173199999999999948e-04 2.494740000000000174e-04
-1.830160000000000109e-04 4.158100000000000186e-04
-2.322260000000000090e-04 5.309400000000000360e-04
-2.616350000000000251e-04 5.803689999999999587e-04
-2.697509999999999860e-04 5.849380000000000161e-04
-2.578950000000000101e-04 5.726140000000000440e-04
-2.285479999999999944e-04 5.405040000000000278e-04
-1.830799999999999886e-04 4.577259999999999879e-04
-1.225970000000000054e-04 2.967620000000000023e-04
-5.100130000000000245e-05 7.554869999999999717e-05
2.459370000000000138e-05 -1.485419999999999883e-04
9.928619999999999818e-05 -3.490459999999999917e-04
1.750540000000000082e-04 -5.329049999999999673e-04
2.539819999999999816e-04 -6.853449999999999646e-04
3.264669999999999898e-04 -7.758059999999999783e-04
3.715610000000000158e-04 -7.723650000000000090e-04
3.703159999999999829e-04 -6.601649999999999923e-04
3.180619999999999780e-04 -4.779869999999999757e-04
2.248309999999999892e-04 -2.863049999999999905e-04
1.057679999999999943e-04 -1.110620000000000015e-04
-2.667200000000000145e-05 7.095669999999999777e-05
-1.611539999999999956e-04 2.938819999999999757e-04
-2.817429999999999891e-04 5.444430000000000320e-04
-3.690459999999999899e-04 7.616209999999999777e-04
-4.104250000000000151e-04 8.845009999999999938e-04
-4.078279999999999991e-04 8.892190000000000120e-04
-3.724879999999999749e-04 7.892679999999999791e-04
-3.117160000000000221e-04 6.112859999999999475e-04
-2.230330000000000040e-04 3.736850000000000111e-04
-1.015719999999999958e-04 7.897960000000000527e-05
4.852389999999999801e-05 -2.646109999999999912e-04
2.097810000000000028e-04 -6.059219999999999494e-04
3.567040000000000054e-04 -8.660290000000000392e-04
4.662429999999999743e-04 -9.964769999999999531e-04
5.246930000000000127e-04 -9.949970000000000689e-04
5.255050000000000042e-04 -8.864230000000000069e-04
4.639369999999999866e-04 -7.018010000000000524e-04
3.387679999999999793e-04 -4.684849999999999843e-04
1.593219999999999901e-04 -1.763509999999999926e-04
-5.212109999999999806e-05 1.905160000000000035e-04
-2.632269999999999922e-04 5.679640000000000122e-04
-4.389560000000000033e-04 8.718880000000000250e-04
-5.538780000000000526e-04 1.052170000000000058e-03
-5.993150000000000040e-04 1.093840000000000003e-03
-5.779830000000000124e-04 1.018309999999999918e-03
-4.941039999999999842e-04 8.477820000000000494e-04
-3.505580000000000002e-04 5.776309999999999995e-04
-1.552839999999999993e-04 1.980630000000000042e-04
7.232639999999999924e-05 -2.835649999999999998e-04
3.035809999999999789e-04 -8.005519999999999477e-04
5.063399999999999802e-04 -1.189539999999999998e-03
6.502759999999999790e-04 -1.324000000000000090e-03
7.135449999999999996e-04 -1.208330000000000081e-03
6.853780000000000506e-04 -9.361239999999999839e-04
5.620360000000000243e-04 -6.142569999999999975e-04
3.453209999999999960e-04 -2.674120000000000208e-04
5.176269999999999824e-05 1.284120000000000031e-04
-2.738279999999999946e-04 5.489979999999999773e-04
-5.634060000000000196e-04 9.489929999999999720e-04
-7.571989999999999580e-04 1.277420000000000031e-03
-8.305959999999999602e-04 1.434710000000000065e-03
-7.898370000000000477e-04 1.338900000000000073e-03
-6.496489999999999730e-04 9.677070000000000507e-04
-4.202769999999999878e-04 3.827449999999999819e-04
-1.149750000000000029e-04 -2.634819999999999957e-04
2.375420000000000103e-04 -8.560269999999999815e-04
5.906429999999999623e-04 -1.309580000000000076e-03
8.826510000000000302e-04 -1.536250000000000072e-03
1.046520000000000002e-03 -1.506970000000000054e-03
1.032719999999999992e-03 -1.262820000000000002e-03
8.338010000000000083e-04 -8.924080000000000250e-04
4.890059999999999459e-04 -4.481730000000000067e-04
6.372349999999999391e-05 9.022919999999999324e-05
-3.738500000000000070e-04 7.163799999999999682e-04
-7.588210000000000181e-04 1.311820000000000000e-03
-1.030230000000000035e-03 1.718619999999999913e-03
-1.143619999999999923e-03 1.825830000000000074e-03
-1.083889999999999897e-03 1.586570000000000038e-03
-8.602119999999999558e-04 1.017789999999999971e-03
-4.929929999999999469e-04 2.120980000000000012e-04
-1.643279999999999960e-05 -6.426290000000000301e-04
5.056050000000000084e-04 -1.333589999999999949e-03
9.786639999999999662e-04 -1.734260000000000055e-03
1.302970000000000083e-03 -1.829550000000000100e-03
1.404180000000000098e-03 -1.655299999999999957e-03
1.250419999999999917e-03 -1.256350000000000045e-03
8.588460000000000235e-04 -6.873089999999999885e-04
2.962899999999999974e-04 1.208950000000000004e-05
-3.333020000000000015e-04 7.975909999999999467e-04
-9.134390000000000478e-04 1.541210000000000106e-03
-1.340529999999999933e-03 2.056510000000000109e-03
-1.542780000000000106e-03 2.191259999999999996e-03
-1.487419999999999931e-03 1.864910000000000005e-03
-1.176439999999999951e-03 1.104570000000000031e-03
-6.430239999999999611e-04 7.713290000000000142e-05
4.194449999999999795e-05 -9.401849999999999574e-04
7.650380000000000028e-04 -1.692930000000000042e-03
1.386550000000000065e-03 -2.088130000000000108e-03
1.775230000000000037e-03 -2.155269999999999929e-03
1.838739999999999949e-03 -1.911750000000000038e-03
1.541880000000000030e-03 -1.335260000000000006e-03
9.226819999999999727e-04 -4.704369999999999819e-04
9.960400000000000384e-05 5.301740000000000098e-04
-7.545419999999999731e-04 1.473399999999999927e-03
-1.467980000000000023e-03 2.173149999999999995e-03
-1.914260000000000093e-03 2.475970000000000081e-03
-2.019309999999999855e-03 2.264270000000000085e-03
-1.752180000000000100e-03 1.532039999999999921e-03
-1.133729999999999894e-03 4.514769999999999873e-04
-2.575990000000000116e-04 -6.981739999999999734e-04
7.109930000000000416e-04 -1.643810000000000106e-03
1.571460000000000001e-03 -2.213779999999999828e-03
2.137940000000000066e-03 -2.351219999999999786e-03
2.279189999999999949e-03 -2.053960000000000074e-03
1.946330000000000022e-03 -1.382949999999999978e-03
1.194050000000000103e-03 -4.787629999999999967e-04
1.785059999999999880e-04 5.286509999999999907e-04
-8.838690000000000175e-04 1.516580000000000011e-03
-1.773779999999999975e-03 2.282569999999999825e-03
-2.310819999999999888e-03 2.558920000000000118e-03
-2.380049999999999874e-03 2.194390000000000056e-03
-1.957930000000000087e-03 1.305310000000000064e-03
-1.125240000000000008e-03 1.689030000000000056e-04
-4.722659999999999944e-05 -9.309150000000000411e-04
1.065399999999999984e-03 -1.791650000000000100e-03
1.989209999999999937e-03 -2.279629999999999938e-03
2.515610000000000155e-03 -2.277720000000000005e-03
2.497930000000000202e-03 -1.789680000000000090e-03
1.914969999999999997e-03 -9.687100000000000138e-04
8.976569999999999471e-04 1.232959999999999966e-05
-3.134990000000000151e-04 9.761779999999999633e-04
-1.443009999999999996e-03 1.696140000000000061e-03
-2.243839999999999984e-03 2.010510000000000075e-03
-2.545299999999999906e-03 1.897940000000000087e-03
-2.286040000000000034e-03 1.396300000000000058e-03
-1.524809999999999924e-03 6.105559999999999460e-04
-4.294799999999999876e-04 -2.882529999999999793e-04
7.561220000000000224e-04 -1.115289999999999901e-03
1.762939999999999950e-03 -1.650470000000000019e-03
2.355850000000000045e-03 -1.726440000000000093e-03
2.396199999999999806e-03 -1.398050000000000074e-03
1.885970000000000051e-03 -8.502680000000000524e-04
9.625950000000000088e-04 -2.410210000000000087e-04
-1.482950000000000023e-04 3.308030000000000107e-04
-1.187300000000000074e-03 7.780940000000000079e-04
-1.909279999999999962e-03 9.947870000000000150e-04
-2.141529999999999996e-03 9.911360000000001003e-04
-1.844189999999999892e-03 8.448610000000000278e-04
-1.124570000000000083e-03 5.833700000000000474e-04
-1.902589999999999956e-04 2.254529999999999978e-04
7.194989999999999632e-04 -1.638289999999999929e-04
1.390900000000000036e-03 -4.926960000000000410e-04
1.681130000000000081e-03 -7.128310000000000332e-04
1.550079999999999904e-03 -7.678700000000000326e-04
1.065030000000000013e-03 -6.620000000000000450e-04
3.782570000000000073e-04 -5.015729999999999494e-04
-3.198389999999999849e-04 -3.257870000000000167e-04
-8.600339999999999721e-04 -9.754250000000000333e-05
-1.135209999999999995e-03 1.910699999999999985e-04
-1.109139999999999996e-03 4.408270000000000266e-04
-8.147840000000000377e-04 5.828460000000000368e-04
-3.568649999999999925e-04 6.635140000000000308e-04
1.138010000000000036e-04 6.374689999999999914e-04
4.653890000000000262e-04 4.239369999999999901e-04
6.342939999999999820e-04 6.039089999999999807e-05
6.237249999999999956e-04 -3.407020000000000187e-04
4.787719999999999758e-04 -6.566939999999999843e-04
2.669680000000000230e-04 -8.020450000000000365e-04
6.015539999999999668e-05 -7.299859999999999596e-04
-9.040319999999999530e-05 -4.555939999999999751e-04
-1.709319999999999958e-04 -7.461020000000000607e-05
-1.995210000000000028e-04 2.992380000000000105e-04
-2.045539999999999934e-04 5.630980000000000490e-04
-2.032710000000000127e-04 6.309350000000000028e-04
-1.957410000000000085e-04 5.210059999999999648e-04
-1.753969999999999878e-04 3.416280000000000163e-04
-1.365620000000000115e-04 1.462629999999999920e-04
-7.203780000000000339e-05 -6.436339999999999434e-05
2.085580000000000113e-05 -2.404960000000000095e-04
1.262710000000000113e-04 -3.235310000000000030e-04
2.129499999999999991e-04 -3.158640000000000102e-04
2.552279999999999762e-04 -2.546110000000000192e-04
2.457140000000000127e-04 -1.759049999999999904e-04
1.897989999999999899e-04 -1.027810000000000041e-04
9.740389999999999758e-05 -4.009780000000000088e-05
-1.600530000000000073e-05 2.011649999999999959e-05
-1.259760000000000014e-04 8.627630000000000607e-05
-2.045960000000000042e-04 1.558920000000000043e-04
-2.331909999999999972e-04 2.108330000000000056e-04
-2.103100000000000108e-04 2.263260000000000011e-04
-1.486670000000000049e-04 1.856510000000000018e-04
-6.609530000000000396e-05 9.305019999999999893e-05
2.099020000000000107e-05 -2.376789999999999990e-05
9.905300000000000183e-05 -1.275939999999999984e-04
1.568849999999999997e-04 -1.902790000000000124e-04
1.857329999999999919e-04 -2.018470000000000073e-04
1.802279999999999963e-04 -1.695350000000000090e-04
1.399299999999999969e-04 -1.113749999999999967e-04
7.133800000000000037e-05 -4.687610000000000339e-05
-1.126579999999999978e-05 1.194309999999999921e-05
-8.857299999999999375e-05 6.327750000000000529e-05
-1.424949999999999969e-04 1.089300000000000023e-04
-1.623809999999999891e-04 1.443899999999999914e-04
-1.474539999999999879e-04 1.552950000000000099e-04
-1.049260000000000047e-04 1.275949999999999871e-04
-4.633939999999999885e-05 6.372560000000000529e-05
1.572989999999999995e-05 -1.548519999999999872e-05
7.022870000000000067e-05 -8.401170000000000068e-05
1.092010000000000002e-04 -1.243080000000000031e-04
1.277630000000000031e-04 -1.327599999999999961e-04
1.232299999999999975e-04 -1.159900000000000059e-04
9.534910000000000499e-05 -8.325299999999999725e-05
4.815299999999999789e-05 -4.121769999999999671e-05
-8.739070000000000339e-06 5.944499999999999582e-06
-6.190849999999999858e-05 5.309260000000000054e-05
-9.881699999999999935e-05 9.182459999999999494e-05
-1.123790000000000027e-04 1.123350000000000010e-04
-1.025169999999999944e-04 1.082430000000000002e-04
-7.438479999999999973e-05 8.044139999999999863e-05
-3.529069999999999739e-05 3.697990000000000147e-05
7.458120000000000347e-06 -1.062979999999999943e-05
4.709840000000000294e-05 -5.184639999999999881e-05
7.724189999999999648e-05 -7.969150000000000094e-05
9.227739999999999847e-05 -9.097890000000000404e-05
8.879190000000000617e-05 -8.537410000000000647e-05
6.724760000000000308e-05 -6.466429999999999683e-05
3.259369999999999932e-05 -3.267240000000000248e-05
-6.955559999999999690e-06 4.717979999999999846e-06
-4.251160000000000138e-05 4.018840000000000303e-05
-6.711229999999999778e-05 6.650060000000000498e-05
-7.711709999999999388e-05 7.839800000000000393e-05
-7.215580000000000464e-05 7.402320000000000644e-05
-5.430659999999999942e-05 5.522669999999999760e-05
-2.732919999999999916e-05 2.676120000000000053e-05
3.776310000000000018e-06 -5.138639999999999644e-06
3.321300000000000202e-05 -3.419049999999999732e-05
5.525600000000000086e-05 -5.517030000000000268e-05
6.554209999999999713e-05 -6.464330000000000499e-05
6.227829999999999629e-05 -6.139199999999999768e-05
4.675389999999999971e-05 -4.655330000000000031e-05
2.288170000000000151e-05 -2.340220000000000101e-05
-3.991070000000000228e-06 3.269680000000000093e-06
-2.845170000000000069e-05 2.811470000000000036e-05
-4.609159999999999760e-05 4.633110000000000098e-05
-5.410660000000000133e-05 5.464130000000000148e-05
