-3.604909999999999952e-08 7.552759999999999665e-07
-2.141979999999999967e-07 2.622250000000000178e-06
-6.112079999999999763e-07 4.279230000000000024e-06
-1.282859999999999988e-06 7.362550000000000346e-06
-2.663040000000000002e-06 1.782240000000000067e-05
-5.874110000000000075e-06 4.093010000000000306e-05
-1.223359999999999922e-05 7.358409999999999907e-05
-2.197039999999999890e-05 9.982990000000000451e-05
-3.330560000000000177e-05 1.036760000000000014e-04
-4.263109999999999914e-05 7.607409999999999726e-05
-4.494060000000000134e-05 1.435510000000000085e-05
-3.478510000000000006e-05 -6.582819999999999427e-05
-8.976059999999999234e-06 -1.349889999999999912e-04
3.050289999999999894e-05 -1.751020000000000050e-04
7.630079999999999968e-05 -1.944150000000000012e-04
1.183980000000000004e-04 -2.157589999999999920e-04
1.475480000000000042e-04 -2.527569999999999925e-04
1.580630000000000077e-04 -2.964619999999999951e-04
1.493699999999999878e-04 -3.166879999999999739e-04
1.250249999999999897e-04 -2.744579999999999936e-04
8.915490000000000253e-05 -1.540129999999999906e-04
4.370720000000000058e-05 1.030069999999999948e-05
-1.104680000000000069e-05 1.621659999999999920e-04
-7.424019999999999437e-05 2.729349999999999745e-04
-1.417459999999999944e-04 3.462200000000000021e-04
-2.034729999999999948e-04 3.915249999999999894e-04
-2.441029999999999903e-04 4.147859999999999958e-04
-2.504559999999999751e-04 4.199690000000000172e-04
-2.207970000000000071e-04 4.080360000000000215e-04
-1.670029999999999865e-04 3.781459999999999943e-04
-1.067420000000000022e-04 3.224009999999999918e-04
-5.192999999999999916e-05 2.172280000000000012e-04
-3.314360000000000146e-06 5.176770000000000243e-05
4.459599999999999789e-05 -1.426289999999999925e-04
9.548660000000000155e-05 -3.255339999999999905e-04
1.490779999999999981e-04 -4.742719999999999748e-04
2.027630000000000101e-04 -5.737399999999999922e-04
2.510360000000000000e-04 -6.156370000000000418e-04
2.842920000000000082e-04 -6.051210000000000226e-04
2.916859999999999852e-04 -5.558110000000000221e-04
2.670330000000000164e-04 -4.813980000000000147e-04
2.122519999999999865e-04 -3.851400000000000158e-04
1.355270000000000053e-04 -2.601200000000000235e-04
4.732829999999999882e-05 -1.061779999999999988e-04
-4.222690000000000053e-05 7.095060000000000472e-05
-1.248300000000000093e-04 2.596090000000000008e-04
-1.945539999999999943e-04 4.312070000000000204e-04
-2.470740000000000132e-04 5.502039999999999926e-04
-2.788199999999999902e-04 6.020150000000000154e-04
-2.877900000000000076e-04 6.074389999999999824e-04
-2.747769999999999748e-04 5.945349999999999854e-04
-2.424890000000000021e-04 5.603719999999999535e-04
-1.935220000000000082e-04 4.737620000000000221e-04
-1.301580000000000098e-04 3.071649999999999771e-04
-5.606159999999999871e-05 7.935739999999999342e-05
2.314949999999999918e-05 -1.510229999999999938e-04
1.034120000000000053e-04 -3.571800000000000192e-04
1.855650000000000029e-04 -5.471049999999999872e-04
2.699429999999999733e-04 -7.066140000000000485e-04
3.465680000000000063e-04 -8.035810000000000435e-04
3.950089999999999851e-04 -8.035320000000000309e-04
3.958470000000000066e-04 -6.904730000000000416e-04
3.426020000000000107e-04 -5.039600000000000199e-04
2.438420000000000008e-04 -3.056560000000000158e-04
1.153559999999999980e-04 -1.217790000000000007e-04
-2.779309999999999992e-05 7.106260000000000636e-05
-1.716110000000000075e-04 3.061590000000000210e-04
-2.991739999999999786e-04 5.678979999999999488e-04
-3.916629999999999938e-04 7.927630000000000397e-04
-4.370040000000000057e-04 9.190119999999999756e-04
-4.366150000000000066e-04 9.238150000000000311e-04
-4.006600000000000027e-04 8.218709999999999514e-04
-3.360020000000000129e-04 6.396929999999999891e-04
-2.406440000000000087e-04 3.946709999999999758e-04
-1.105969999999999984e-04 8.895320000000000072e-05
4.916979999999999805e-05 -2.682130000000000018e-04
2.205970000000000023e-04 -6.236660000000000424e-04
3.778289999999999904e-04 -8.962840000000000130e-04
4.970880000000000220e-04 -1.035949999999999892e-03
5.628929999999999654e-04 -1.039599999999999899e-03
5.663250000000000098e-04 -9.316520000000000443e-04
5.011100000000000320e-04 -7.424960000000000414e-04
3.662720000000000060e-04 -4.990539999999999690e-04
1.730830000000000096e-04 -1.918350000000000090e-04
-5.332089999999999969e-05 1.932559999999999942e-04
-2.784449999999999946e-04 5.892059999999999962e-04
-4.666529999999999788e-04 9.085360000000000441e-04
-5.920839999999999914e-04 1.098900000000000094e-03
-6.442979999999999628e-04 1.145050000000000104e-03
-6.237070000000000374e-04 1.068949999999999935e-03
-5.337020000000000479e-04 8.926010000000000281e-04
-3.786269999999999783e-04 6.107260000000000206e-04
-1.690680000000000015e-04 2.139230000000000049e-04
7.343449999999999631e-05 -2.882629999999999741e-04
3.193089999999999882e-04 -8.259860000000000162e-04
5.366529999999999998e-04 -1.232690000000000044e-03
6.950020000000000113e-04 -1.379229999999999953e-03
7.696810000000000327e-04 -1.268819999999999931e-03
7.446220000000000139e-04 -9.951940000000000265e-04
6.123310000000000298e-04 -6.649219999999999740e-04
3.761419999999999911e-04 -3.013959999999999990e-04
5.849430000000000000e-05 1.194180000000000008e-04
-2.902250000000000207e-04 5.691739999999999820e-04
-5.995010000000000052e-04 9.952410000000000076e-04
-8.085110000000000387e-04 1.341149999999999938e-03
-8.912129999999999662e-04 1.506100000000000017e-03
-8.527320000000000342e-04 1.408809999999999923e-03
-7.074089999999999892e-04 1.027160000000000052e-03
-4.648459999999999875e-04 4.229810000000000080e-04
-1.373419999999999871e-04 -2.492190000000000139e-04
2.450299999999999766e-04 -8.712389999999999978e-04
6.298849999999999501e-04 -1.354710000000000072e-03
9.480299999999999882e-04 -1.607869999999999959e-03
1.127409999999999914e-03 -1.595749999999999946e-03
1.116529999999999910e-03 -1.353899999999999895e-03
9.071720000000000348e-04 -9.696589999999999940e-04
5.390959999999999763e-04 -4.986730000000000416e-04
8.167820000000000006e-05 7.475169999999999786e-05
-3.901050000000000199e-04 7.396290000000000026e-04
-8.059150000000000385e-04 1.371449999999999969e-03
-1.102450000000000045e-03 1.804940000000000103e-03
-1.232989999999999997e-03 1.924450000000000075e-03
-1.178159999999999928e-03 1.683040000000000013e-03
-9.436860000000000040e-04 1.099160000000000068e-03
-5.507570000000000261e-04 2.656259999999999806e-04
-3.760130000000000200e-05 -6.287099999999999893e-04
5.273419999999999800e-04 -1.365550000000000097e-03
1.043880000000000068e-03 -1.809229999999999996e-03
1.403420000000000058e-03 -1.936299999999999957e-03
1.522050000000000052e-03 -1.777029999999999972e-03
1.363040000000000041e-03 -1.372439999999999945e-03
9.456360000000000243e-04 -7.758459999999999575e-04
3.427139999999999852e-04 -3.078320000000000031e-05
-3.348310000000000067e-04 8.094330000000000275e-04
-9.635750000000000435e-04 1.605869999999999910e-03
-1.433000000000000029e-03 2.162739999999999801e-03
-1.664550000000000101e-03 2.321549999999999916e-03
-1.619620000000000001e-03 1.998450000000000139e-03
-1.296639999999999945e-03 1.219309999999999925e-03
-7.286289999999999521e-04 1.521740000000000104e-04
9.952240000000000449e-06 -9.206909999999999573e-04
7.976529999999999471e-04 -1.735589999999999963e-03
1.481749999999999994e-03 -2.188470000000000085e-03
1.915679999999999900e-03 -2.298450000000000059e-03
1.996270000000000076e-03 -2.073670000000000114e-03
1.686730000000000000e-03 -1.484660000000000060e-03
1.030129999999999978e-03 -5.754529999999999671e-04
1.510030000000000042e-04 4.918869999999999883e-04
-7.713060000000000315e-04 1.508330000000000001e-03
-1.554379999999999954e-03 2.273579999999999872e-03
-2.057160000000000152e-03 2.624829999999999872e-03
-2.192869999999999975e-03 2.437180000000000162e-03
-1.924300000000000099e-03 1.697939999999999996e-03
-1.271640000000000097e-03 5.773790000000000432e-04
-3.320509999999999825e-04 -6.384500000000000418e-04
7.194770000000000505e-04 -1.663210000000000036e-03
1.664820000000000015e-03 -2.310689999999999793e-03
2.297659999999999980e-03 -2.510130000000000174e-03
2.471899999999999965e-03 -2.245930000000000148e-03
2.133680000000000212e-03 -1.568759999999999990e-03
1.340159999999999962e-03 -6.183449999999999624e-04
2.545590000000000136e-04 4.646660000000000265e-04
-8.941710000000000283e-04 1.540570000000000004e-03
-1.869640000000000104e-03 2.389640000000000167e-03
-2.474790000000000149e-03 2.728299999999999909e-03
-2.582290000000000106e-03 2.392140000000000065e-03
-2.159869999999999932e-03 1.491520000000000085e-03
-1.283859999999999949e-03 3.072929999999999867e-04
-1.249909999999999964e-04 -8.668610000000000204e-04
1.087620000000000080e-03 -1.816490000000000032e-03
2.105580000000000125e-03 -2.392730000000000030e-03
2.699630000000000172e-03 -2.458520000000000063e-03
2.711400000000000095e-03 -1.998730000000000211e-03
2.114659999999999977e-03 -1.158869999999999996e-03
1.041449999999999971e-03 -1.184980000000000029e-04
-2.568760000000000119e-04 9.302270000000000504e-04
-1.485140000000000028e-03 1.743079999999999933e-03
-2.374460000000000112e-03 2.139320000000000110e-03
-2.735790000000000097e-03 2.079810000000000079e-03
-2.495090000000000155e-03 1.591179999999999982e-03
-1.706559999999999978e-03 7.767969999999999693e-04
-5.440589999999999489e-04 -1.849099999999999897e-04
7.324809999999999958e-04 -1.095279999999999908e-03
1.832649999999999904e-03 -1.716290000000000090e-03
2.501010000000000125e-03 -1.861269999999999938e-03
2.583119999999999947e-03 -1.569810000000000042e-03
2.071390000000000210e-03 -1.020660000000000057e-03
1.103880000000000009e-03 -3.745190000000000238e-04
-8.079230000000000233e-05 2.610789999999999986e-04
-1.202680000000000025e-03 7.850220000000000201e-04
-1.997239999999999953e-03 1.072269999999999951e-03
-2.277620000000000165e-03 1.115080000000000064e-03
-1.994740000000000055e-03 9.826010000000000473e-04
-1.253769999999999971e-03 7.043649999999999824e-04
-2.707429999999999928e-04 3.066979999999999967e-04
6.991880000000000013e-04 -1.354380000000000135e-04
1.426750000000000067e-03 -5.176710000000000382e-04
1.758559999999999941e-03 -7.789099999999999540e-04
1.648179999999999958e-03 -8.549910000000000409e-04
1.160400000000000017e-03 -7.493960000000000465e-04
4.499069999999999870e-04 -5.730779999999999772e-04
-2.846079999999999964e-04 -3.716050000000000039e-04
-8.614750000000000012e-04 -1.134240000000000037e-04
-1.162819999999999956e-03 2.040730000000000094e-04
-1.149190000000000021e-03 4.752329999999999814e-04
-8.569569999999999878e-04 6.262989999999999747e-04
-3.945089999999999730e-04 7.053650000000000067e-04
8.530160000000000335e-05 6.736360000000000264e-04
4.467340000000000091e-04 4.539650000000000217e-04
6.215209999999999875e-04 8.265810000000000063e-05
6.131840000000000164e-04 -3.285089999999999950e-04
4.721750000000000252e-04 -6.551210000000000453e-04
2.698399999999999779e-04 -8.109229999999999607e-04
7.639330000000000599e-05 -7.506420000000000410e-04
-6.109550000000000484e-05 -4.891080000000000341e-04
-1.320749999999999984e-04 -1.176849999999999956e-04
-1.571210000000000022e-04 2.552809999999999975e-04
-1.673889999999999927e-04 5.289459999999999735e-04
-1.817110000000000090e-04 6.149099999999999792e-04
-1.976989999999999921e-04 5.270399999999999955e-04
-2.017900000000000043e-04 3.696169999999999816e-04
-1.808629999999999927e-04 1.918699999999999909e-04
-1.242729999999999941e-04 -1.083679999999999931e-05
-2.907120000000000044e-05 -1.921539999999999902e-04
8.907430000000000198e-05 -2.912629999999999928e-04
1.978430000000000097e-04 -3.047300000000000182e-04
2.662280000000000267e-04 -2.651110000000000033e-04
2.788390000000000183e-04 -2.059689999999999926e-04
2.355539999999999880e-04 -1.470920000000000072e-04
1.454559999999999978e-04 -8.926570000000000153e-05
2.560499999999999964e-05 -2.280479999999999891e-05
-9.781519999999999820e-05 5.825390000000000142e-05
-1.946759999999999908e-04 1.467920000000000000e-04
-2.427019999999999948e-04 2.207140000000000013e-04
-2.363950000000000025e-04 2.524940000000000257e-04
-1.856720000000000072e-04 2.229219999999999910e-04
-1.071130000000000026e-04 1.340539999999999874e-04
-1.658640000000000098e-05 1.289899999999999966e-05
7.228879999999999811e-05 -1.020140000000000028e-04
1.465539999999999931e-04 -1.800480000000000082e-04
1.936580000000000083e-04 -2.085009999999999880e-04
2.037610000000000029e-04 -1.917029999999999906e-04
1.732070000000000105e-04 -1.445300000000000003e-04
1.072920000000000021e-04 -8.392510000000000052e-05
2.060799999999999988e-05 -2.116160000000000081e-05
-6.632820000000000642e-05 4.055190000000000048e-05
-1.334840000000000115e-04 1.002919999999999945e-04
-1.676960000000000017e-04 1.505490000000000116e-04
-1.656019999999999910e-04 1.742360000000000035e-04
-1.322519999999999935e-04 1.550979999999999980e-04
-7.758269999999999837e-05 9.424660000000000665e-05
-1.325790000000000058e-05 1.234489999999999932e-05
4.941210000000000079e-05 -6.376590000000000556e-05
1.006439999999999939e-04 -1.151509999999999958e-04
1.325739999999999948e-04 -1.363430000000000056e-04
1.395230000000000125e-04 -1.315629999999999870e-04
1.191840000000000027e-04 -1.074610000000000067e-04
7.468530000000000134e-05 -6.876399999999999418e-05
1.559560000000000023e-05 -1.913160000000000162e-05
-4.407969999999999743e-05 3.532090000000000262e-05
-9.060549999999999843e-05 8.429590000000000043e-05
-1.151399999999999987e-04 1.158210000000000012e-04
-1.155260000000000049e-04 1.214939999999999992e-04
-9.488599999999999921e-05 1.005659999999999990e-04
-5.899139999999999901e-05 6.000409999999999696e-05
-1.453100000000000030e-05 1.092390000000000056e-05
3.119140000000000091e-05 -3.579280000000000059e-05
7.023710000000000554e-05 -7.210750000000000037e-05
9.496019999999999928e-05 -9.315910000000000054e-05
1.000360000000000024e-04 -9.660379999999999824e-05
8.450619999999999400e-05 -8.235869999999999465e-05
5.246379999999999734e-05 -5.301769999999999893e-05
1.179629999999999919e-05 -1.415930000000000011e-05
-2.837239999999999961e-05 2.632309999999999875e-05
-6.021529999999999927e-05 6.000240000000000001e-05
-7.865180000000000478e-05 8.012940000000000568e-05
-8.156929999999999845e-05 8.331069999999999502e-05
-6.942670000000000395e-05 7.003979999999999982e-05
-4.489800000000000279e-05 4.409980000000000085e-05
-1.267060000000000029e-05 1.132129999999999950e-05
2.100149999999999874e-05 -2.176179999999999890e-05
4.936819999999999940e-05 -4.905340000000000031e-05
6.675949999999999669e-05 -6.580089999999999540e-05
7.005539999999999337e-05 -6.930600000000000356e-05
5.938750000000000018e-05 -5.938860000000000260e-05
3.782750000000000332e-05 -3.844629999999999814e-05
1.033379999999999921e-05 -1.098570000000000055e-05
-1.751229999999999833e-05 1.733469999999999854e-05
-4.056969999999999885e-05 4.092050000000000234e-05
-5.488230000000000137e-05 5.539989999999999791e-05
