-2.774260000000000054e-08 7.693309999999999954e-07
-1.771979999999999963e-07 2.698470000000000102e-06
-5.541080000000000275e-07 4.468360000000000024e-06
-1.257630000000000019e-06 7.704969999999999517e-06
-2.651000000000000114e-06 1.851180000000000121e-05
-5.720010000000000144e-06 4.252750000000000237e-05
-1.193149999999999918e-05 7.690349999999999985e-05
-2.219980000000000046e-05 1.053580000000000033e-04
-3.550499999999999972e-05 1.110299999999999991e-04
-4.812819999999999772e-05 8.404410000000000396e-05
-5.378319999999999694e-05 2.123229999999999999e-05
-4.516710000000000332e-05 -6.201369999999999886e-05
-1.744830000000000030e-05 -1.360110000000000095e-04
2.795590000000000114e-05 -1.819540000000000133e-04
8.234869999999999983e-05 -2.073169999999999939e-04
1.327190000000000010e-04 -2.347200000000000024e-04
1.670639999999999983e-04 -2.776780000000000069e-04
1.791220000000000106e-04 -3.263739999999999892e-04
1.699360000000000074e-04 -3.490230000000000090e-04
1.450459999999999933e-04 -3.051320000000000052e-04
1.089790000000000013e-04 -1.782200000000000114e-04
6.175349999999999752e-05 -3.216999999999999862e-06
6.477290000000000160e-07 1.617190000000000012e-04
-7.460619999999999730e-05 2.860559999999999731e-04
-1.572970000000000086e-04 3.726269999999999951e-04
-2.327250000000000054e-04 4.304169999999999958e-04
-2.823219999999999983e-04 4.635700000000000085e-04
-2.921690000000000008e-04 4.735510000000000067e-04
-2.609070000000000009e-04 4.602650000000000122e-04
-2.008190000000000029e-04 4.240059999999999923e-04
-1.306219999999999972e-04 3.586209999999999940e-04
-6.469369999999999353e-05 2.410219999999999973e-04
-6.495389999999999825e-06 5.983209999999999928e-05
4.902880000000000058e-05 -1.528180000000000131e-04
1.077479999999999991e-04 -3.535820000000000174e-04
1.710709999999999889e-04 -5.171359999999999629e-04
2.351830000000000012e-04 -6.279229999999999578e-04
2.918950000000000234e-04 -6.778939999999999575e-04
3.299409999999999908e-04 -6.711129999999999830e-04
3.379769999999999931e-04 -6.194770000000000051e-04
3.092270000000000262e-04 -5.365129999999999639e-04
2.450810000000000206e-04 -4.272190000000000037e-04
1.548049999999999925e-04 -2.865240000000000235e-04
5.176959999999999982e-05 -1.151279999999999995e-04
-5.108080000000000059e-05 8.049929999999999683e-05
-1.443209999999999892e-04 2.871929999999999861e-04
-2.224729999999999958e-04 4.743549999999999807e-04
-2.820000000000000241e-04 6.046429999999999774e-04
-3.192539999999999896e-04 6.624759999999999503e-04
-3.307900000000000228e-04 6.689439999999999839e-04
-3.155999999999999734e-04 6.534169999999999952e-04
-2.764129999999999842e-04 6.138209999999999630e-04
-2.185669999999999963e-04 5.182560000000000335e-04
-1.476050000000000072e-04 3.379149999999999927e-04
-6.756180000000000085e-05 9.204509999999999732e-05
1.905319999999999911e-05 -1.577949999999999893e-04
1.109320000000000011e-04 -3.820380000000000173e-04
2.074380000000000017e-04 -5.888939999999999626e-04
3.049440000000000267e-04 -7.654759999999999603e-04
3.918099999999999773e-04 -8.777260000000000053e-04
4.487490000000000229e-04 -8.861439999999999508e-04
4.562480000000000268e-04 -7.710840000000000055e-04
4.039490000000000181e-04 -5.729189999999999673e-04
2.955170000000000236e-04 -3.570189999999999779e-04
1.462249999999999900e-04 -1.520819999999999984e-04
-2.318120000000000093e-05 6.563810000000000434e-05
-1.910679999999999941e-04 3.298910000000000167e-04
-3.368290000000000238e-04 6.221069999999999985e-04
-4.431770000000000024e-04 8.726829999999999657e-04
-5.004420000000000309e-04 1.014860000000000024e-03
-5.089969999999999651e-04 1.024940000000000009e-03
-4.752259999999999796e-04 9.193510000000000007e-04
-4.035490000000000084e-04 7.252380000000000111e-04
-2.929249999999999779e-04 4.587929999999999829e-04
-1.420819999999999993e-04 1.217870000000000047e-04
4.193720000000000228e-05 -2.739020000000000213e-04
2.402139999999999874e-04 -6.698910000000000411e-04
4.260879999999999767e-04 -9.790450000000000021e-04
5.731580000000000442e-04 -1.146300000000000053e-03
6.607209999999999646e-04 -1.165669999999999944e-03
6.738799999999999651e-04 -1.059969999999999923e-03
6.027409999999999539e-04 -8.584979999999999651e-04
4.466059999999999995e-04 -5.881929999999999841e-04
2.205409999999999879e-04 -2.417599999999999892e-04
-4.427870000000000010e-05 1.910690000000000099e-04
-3.078520000000000063e-04 6.377800000000000092e-04
-5.317139999999999714e-04 1.003310000000000096e-03
-6.879269999999999613e-04 1.227999999999999925e-03
-7.617680000000000154e-04 1.292560000000000106e-03
-7.480030000000000142e-04 1.218120000000000053e-03
-6.469790000000000003e-04 1.026929999999999900e-03
-4.652640000000000096e-04 7.137960000000000485e-04
-2.194080000000000108e-04 2.704909999999999823e-04
6.324360000000000550e-05 -2.893700000000000026e-04
3.500089999999999755e-04 -8.888960000000000220e-04
6.086140000000000517e-04 -1.352029999999999942e-03
8.078259999999999868e-04 -1.539210000000000057e-03
9.166069999999999470e-04 -1.446629999999999965e-03
9.065180000000000373e-04 -1.167199999999999965e-03
7.595149999999999948e-04 -8.103410000000000127e-04
4.793759999999999992e-04 -4.015630000000000176e-04
1.005329999999999944e-04 8.176140000000000632e-05
-3.123420000000000124e-04 6.052860000000000185e-04
-6.801269999999999885e-04 1.103629999999999976e-03
-9.374869999999999775e-04 1.507139999999999912e-03
-1.053619999999999904e-03 1.707320000000000018e-03
-1.029149999999999943e-03 1.619100000000000053e-03
-8.764260000000000279e-04 1.216969999999999944e-03
-6.046209999999999562e-04 5.614440000000000272e-04
-2.251669999999999941e-04 -1.873309999999999993e-04
2.304680000000000032e-04 -8.984750000000000332e-04
7.005670000000000300e-04 -1.469880000000000015e-03
1.099450000000000080e-03 -1.797879999999999964e-03
1.338599999999999903e-03 -1.835819999999999943e-03
1.355000000000000085e-03 -1.608999999999999970e-03
1.134060000000000103e-03 -1.200679999999999976e-03
7.151479999999999773e-04 -6.705570000000000107e-04
1.763660000000000119e-04 -1.102229999999999948e-05
-3.905019999999999824e-04 7.579690000000000472e-04
-8.987580000000000438e-04 1.498779999999999904e-03
-1.275590000000000057e-03 2.026619999999999810e-03
-1.467779999999999909e-03 2.206590000000000027e-03
-1.446180000000000035e-03 1.981230000000000057e-03
-1.205619999999999912e-03 1.367460000000000030e-03
-7.629419999999999605e-04 4.605069999999999737e-04
-1.611750000000000010e-04 -5.441169999999999948e-04
5.206580000000000149e-04 -1.412190000000000016e-03
1.166729999999999937e-03 -1.983829999999999795e-03
1.645189999999999934e-03 -2.212169999999999848e-03
1.844509999999999943e-03 -2.111870000000000067e-03
1.707460000000000054e-03 -1.715010000000000102e-03
1.248919999999999935e-03 -1.070559999999999914e-03
5.524349999999999920e-04 -2.249829999999999972e-04
-2.527049999999999869e-04 7.550880000000000048e-04
-1.023210000000000092e-03 1.707729999999999968e-03
-1.629500000000000089e-03 2.409109999999999897e-03
-1.973760000000000184e-03 2.674290000000000174e-03
-1.997849999999999800e-03 2.399899999999999950e-03
-1.684149999999999927e-03 1.601039999999999972e-03
-1.057849999999999936e-03 4.450640000000000065e-04
-1.962079999999999890e-04 -7.732109999999999938e-04
7.641059999999999649e-04 -1.764109999999999940e-03
1.640329999999999957e-03 -2.391540000000000159e-03
2.244250000000000151e-03 -2.645919999999999956e-03
2.433649999999999876e-03 -2.512270000000000041e-03
2.151240000000000010e-03 -1.941229999999999952e-03
1.440370000000000062e-03 -9.651450000000000437e-04
4.364589999999999898e-04 2.465060000000000146e-04
-6.653219999999999837e-04 1.456409999999999996e-03
-1.656890000000000055e-03 2.426880000000000183e-03
-2.359330000000000194e-03 2.960359999999999988e-03
-2.645520000000000163e-03 2.901299999999999886e-03
-2.448660000000000073e-03 2.209529999999999914e-03
-1.774039999999999949e-03 1.039149999999999970e-03
-7.164559999999999722e-04 -3.173599999999999837e-04
5.358490000000000258e-04 -1.544709999999999920e-03
1.729609999999999915e-03 -2.417340000000000027e-03
2.605140000000000147e-03 -2.825779999999999959e-03
2.962289999999999802e-03 -2.718369999999999901e-03
2.710719999999999796e-03 -2.113429999999999909e-03
1.893860000000000031e-03 -1.131229999999999996e-03
6.802979999999999704e-04 8.417729999999999787e-05
-6.782249999999999650e-04 1.367960000000000096e-03
-1.906989999999999900e-03 2.461740000000000022e-03
-2.762999999999999831e-03 3.035369999999999908e-03
-3.074219999999999904e-03 2.875940000000000007e-03
-2.768080000000000020e-03 2.056459999999999972e-03
-1.889629999999999999e-03 8.436869999999999743e-04
-6.005589999999999670e-04 -4.599909999999999806e-04
8.450979999999999647e-04 -1.616779999999999953e-03
2.145760000000000028e-03 -2.443120000000000014e-03
3.011329999999999996e-03 -2.754200000000000051e-03
3.231700000000000111e-03 -2.481029999999999954e-03
2.741379999999999859e-03 -1.728479999999999904e-03
1.648350000000000032e-03 -6.622750000000000381e-04
2.052579999999999921e-04 5.158089999999999941e-04
-1.261350000000000058e-03 1.536239999999999915e-03
-2.430540000000000131e-03 2.179210000000000001e-03
-3.055050000000000127e-03 2.356609999999999868e-03
-3.008279999999999895e-03 2.046759999999999899e-03
-2.306750000000000207e-03 1.317280000000000100e-03
-1.108379999999999956e-03 3.315699999999999984e-04
3.173699999999999785e-04 -7.041120000000000104e-04
1.647280000000000098e-03 -1.524069999999999982e-03
2.577799999999999883e-03 -1.898930000000000062e-03
2.899619999999999889e-03 -1.820970000000000097e-03
2.553039999999999910e-03 -1.430019999999999946e-03
1.641510000000000104e-03 -8.613759999999999603e-04
3.993240000000000006e-04 -2.098819999999999939e-04
-8.696589999999999486e-04 4.203739999999999972e-04
-1.863239999999999948e-03 8.801819999999999696e-04
-2.354010000000000130e-03 1.121590000000000000e-03
-2.251870000000000000e-03 1.173919999999999955e-03
-1.627219999999999969e-03 1.037130000000000040e-03
-6.795660000000000459e-04 7.161889999999999966e-04
3.308280000000000248e-04 2.727760000000000189e-04
1.157059999999999903e-03 -1.871289999999999900e-04
1.624460000000000097e-03 -5.832710000000000065e-04
1.663439999999999971e-03 -8.216750000000000095e-04
1.313369999999999902e-03 -8.751569999999999966e-04
7.043320000000000049e-04 -8.301030000000000041e-04
1.905240000000000075e-05 -7.141069999999999579e-04
-5.611579999999999693e-04 -4.811640000000000166e-04
-9.073749999999999784e-04 -1.209340000000000046e-04
-9.699949999999999718e-04 2.528030000000000121e-04
-7.799130000000000255e-04 5.418559999999999566e-04
-4.348159999999999786e-04 7.673320000000000184e-04
-6.728620000000000640e-05 8.697349999999999526e-04
2.063710000000000067e-04 7.512900000000000524e-04
3.294460000000000032e-04 4.257220000000000145e-04
3.143590000000000034e-04 -7.990320000000000097e-06
2.206680000000000089e-04 -4.191730000000000065e-04
1.204140000000000028e-04 -7.012210000000000274e-04
6.709530000000000116e-05 -7.845779999999999681e-04
7.683770000000000465e-05 -6.593970000000000430e-04
1.267589999999999971e-04 -3.917209999999999854e-04
1.700539999999999951e-04 -6.783219999999999745e-05
1.606699999999999914e-04 2.225290000000000102e-04
7.777079999999999746e-05 3.857169999999999935e-04
-6.291679999999999365e-05 4.166719999999999842e-04
-2.185800000000000113e-04 3.957429999999999954e-04
-3.395480000000000091e-04 3.478269999999999886e-04
-3.856579999999999861e-04 2.428549999999999915e-04
-3.376739999999999928e-04 1.054380000000000025e-04
-2.049200000000000099e-04 -1.135710000000000007e-05
-2.262249999999999897e-05 -9.537740000000000606e-05
1.620530000000000017e-04 -1.617409999999999952e-04
3.058599999999999752e-04 -2.244450000000000102e-04
3.793469999999999850e-04 -2.818629999999999812e-04
3.707059999999999978e-04 -3.120059999999999804e-04
2.866400000000000068e-04 -2.868869999999999927e-04
1.505950000000000040e-04 -1.936949999999999946e-04
-3.744269999999999897e-06 -4.551989999999999764e-05
-1.430389999999999971e-04 1.210870000000000013e-04
-2.437119999999999868e-04 2.603799999999999973e-04
-2.947749999999999958e-04 3.334300000000000111e-04
-2.941849999999999760e-04 3.229950000000000204e-04
-2.443839999999999966e-04 2.411520000000000113e-04
-1.519869999999999934e-04 1.201550000000000041e-04
-3.083930000000000135e-05 -5.722839999999999912e-06
9.653019999999999949e-05 -1.125220000000000045e-04
2.027610000000000057e-04 -1.889569999999999867e-04
2.639189999999999917e-04 -2.324449999999999878e-04
2.677150000000000211e-04 -2.430330000000000023e-04
2.172209999999999994e-04 -2.188109999999999892e-04
1.284470000000000121e-04 -1.565589999999999896e-04
2.366670000000000161e-05 -5.881330000000000151e-05
-7.572669999999999445e-05 5.812470000000000272e-05
-1.536209999999999984e-04 1.633679999999999985e-04
-2.000349999999999915e-04 2.245670000000000066e-04
-2.100969999999999910e-04 2.275730000000000114e-04
-1.833650000000000037e-04 1.817110000000000090e-04
-1.242460000000000027e-04 1.083969999999999991e-04
-4.273919999999999900e-05 2.745790000000000015e-05
4.586240000000000325e-05 -4.905909999999999926e-05
1.233940000000000048e-04 -1.142630000000000002e-04
1.733349999999999930e-04 -1.610080000000000007e-04
1.858349999999999987e-04 -1.802750000000000045e-04
1.606880000000000038e-04 -1.650160000000000071e-04
1.065690000000000024e-04 -1.158129999999999972e-04
3.709659999999999987e-05 -4.329879999999999954e-05
-3.372489999999999960e-05 3.488480000000000183e-05
-9.424020000000000617e-05 1.006550000000000045e-04
-1.356379999999999912e-04 1.414289999999999905e-04
-1.517070000000000029e-04 1.524429999999999904e-04
-1.394869999999999877e-04 1.354390000000000021e-04
-1.008450000000000009e-04 9.600199999999999326e-05
-4.346120000000000327e-05 4.175450000000000147e-05
2.033020000000000061e-05 -1.811219999999999914e-05
7.684870000000000167e-05 -7.313149999999999599e-05
1.149760000000000051e-04 -1.129249999999999937e-04
1.287589999999999915e-04 -1.296699999999999969e-04
1.178440000000000054e-04 -1.204779999999999941e-04
8.629609999999999527e-05 -8.830239999999999671e-05
4.097459999999999899e-05 -4.091470000000000317e-05
-9.719690000000000447e-06 1.142920000000000062e-05
-5.677889999999999944e-05 5.852509999999999977e-05
-9.170210000000000416e-05 9.213160000000000403e-05
-1.080420000000000067e-04 1.070549999999999974e-04
-1.030030000000000030e-04 1.016089999999999957e-04
-7.831410000000000292e-05 7.766010000000000545e-05
-3.981930000000000007e-05 4.028410000000000281e-05
4.119380000000000190e-06 -3.087870000000000134e-06
4.474159999999999867e-05 -4.404019999999999891e-05
7.473149999999999422e-05 -7.484830000000000638e-05
8.934469999999999858e-05 -9.004880000000000425e-05
8.683929999999999373e-05 -8.748249999999999462e-05
6.846400000000000044e-05 -6.855619999999999932e-05
3.816139999999999685e-05 -3.772599999999999760e-05
1.946950000000000053e-06 -1.414199999999999945e-06
