-3.395029999999999928e-08 7.576840000000000500e-07
-2.053479999999999936e-07 2.634510000000000209e-06
-5.996669999999999923e-07 4.307370000000000063e-06
-1.283760000000000055e-06 7.412039999999999765e-06
-2.671510000000000024e-06 1.793030000000000009e-05
-5.853360000000000316e-06 4.119190000000000113e-05
-1.219759999999999990e-05 7.411679999999999484e-05
-2.211530000000000153e-05 1.006879999999999955e-04
-3.399339999999999881e-05 1.048270000000000045e-04
-4.412790000000000148e-05 7.745370000000000011e-05
-4.712449999999999918e-05 1.585080000000000077e-05
-3.706330000000000139e-05 -6.451770000000000063e-05
-1.042359999999999961e-05 -1.344010000000000029e-04
3.079930000000000173e-05 -1.758610000000000023e-04
7.874090000000000364e-05 -1.970049999999999883e-04
1.225379999999999981e-04 -2.203060000000000012e-04
1.523390000000000063e-04 -2.588320000000000182e-04
1.625599999999999886e-04 -3.030600000000000156e-04
1.532670000000000083e-04 -3.225899999999999861e-04
1.285740000000000060e-04 -2.788029999999999935e-04
9.258570000000000363e-05 -1.565819999999999994e-04
4.660030000000000173e-05 9.278409999999999821e-06
-9.872899999999999951e-06 1.625130000000000075e-04
-7.602420000000000304e-05 2.749800000000000269e-04
-1.467539999999999979e-04 3.507609999999999981e-04
-2.106950000000000012e-04 3.990670000000000198e-04
-2.519840000000000187e-04 4.246410000000000158e-04
-2.577909999999999989e-04 4.302539999999999772e-04
-2.269589999999999932e-04 4.167330000000000231e-04
-1.716610000000000087e-04 3.842100000000000094e-04
-1.096840000000000022e-04 3.259180000000000193e-04
-5.321529999999999853e-05 2.187160000000000113e-04
-3.329709999999999923e-06 5.151869999999999855e-05
4.552860000000000316e-05 -1.445480000000000126e-04
9.753770000000000636e-05 -3.290200000000000177e-04
1.526970000000000053e-04 -4.793299999999999796e-04
2.081239999999999880e-04 -5.807230000000000031e-04
2.579209999999999858e-04 -6.248529999999999753e-04
2.923639999999999811e-04 -6.161219999999999804e-04
3.004770000000000032e-04 -5.672710000000000512e-04
2.756279999999999841e-04 -4.917489999999999839e-04
2.193100000000000127e-04 -3.932089999999999956e-04
1.399089999999999915e-04 -2.652040000000000040e-04
4.866430000000000094e-05 -1.078680000000000047e-04
-4.362929999999999917e-05 7.273689999999999811e-05
-1.284780000000000123e-04 2.645249999999999923e-04
-2.000880000000000128e-04 4.385980000000000044e-04
-2.542460000000000184e-04 5.593430000000000147e-04
-2.872649999999999813e-04 6.122400000000000064e-04
-2.967490000000000145e-04 6.181510000000000520e-04
-2.830929999999999948e-04 6.051099999999999578e-04
-2.491190000000000114e-04 5.699820000000000190e-04
-1.982130000000000079e-04 4.813369999999999758e-04
-1.334669999999999878e-04 3.117579999999999787e-04
-5.847290000000000050e-05 8.071130000000000090e-05
2.214270000000000062e-05 -1.523870000000000031e-04
1.050680000000000044e-04 -3.607489999999999981e-04
1.906210000000000033e-04 -5.532770000000000223e-04
2.779500000000000070e-04 -7.163579999999999471e-04
3.566020000000000257e-04 -8.169559999999999756e-04
4.064939999999999743e-04 -8.189090000000000431e-04
4.082879999999999778e-04 -7.053899999999999667e-04
3.546889999999999917e-04 -5.165019999999999551e-04
2.532440000000000168e-04 -3.148329999999999857e-04
1.197819999999999994e-04 -1.267709999999999963e-04
-2.918290000000000142e-05 7.145850000000000032e-05
-1.778430000000000115e-04 3.128660000000000230e-04
-3.084799999999999738e-04 5.803279999999999637e-04
-4.027820000000000207e-04 8.085679999999999604e-04
-4.494570000000000032e-04 9.354129999999999563e-04
-4.499460000000000048e-04 9.391980000000000293e-04
-4.137359999999999974e-04 8.359580000000000352e-04
-3.471829999999999860e-04 6.522449999999999732e-04
-2.484520000000000261e-04 4.043539999999999981e-04
-1.141739999999999948e-04 9.363880000000000207e-05
5.008030000000000229e-05 -2.701760000000000099e-04
2.259820000000000058e-04 -6.324889999999999679e-04
3.877490000000000038e-04 -9.107779999999999999e-04
5.115290000000000418e-04 -1.054309999999999926e-03
5.810330000000000052e-04 -1.060139999999999997e-03
5.859529999999999513e-04 -9.526880000000000374e-04
5.189409999999999770e-04 -7.617770000000000487e-04
3.790280000000000038e-04 -5.136160000000000508e-04
1.786790000000000015e-04 -1.988020000000000119e-04
-5.514870000000000275e-05 1.955849999999999917e-04
-2.866759999999999773e-04 6.005859999999999584e-04
-4.802079999999999804e-04 9.267999999999999763e-04
-6.101630000000000465e-04 1.121040000000000014e-03
-6.654910000000000426e-04 1.168519999999999932e-03
-6.452419999999999727e-04 1.091869999999999993e-03
-5.520090000000000066e-04 9.129280000000000251e-04
-3.908329999999999899e-04 6.256280000000000348e-04
-1.740380000000000030e-04 2.204630000000000066e-04
7.532500000000000133e-05 -2.917250000000000030e-04
3.272999999999999868e-04 -8.390420000000000213e-04
5.506919999999999784e-04 -1.253229999999999926e-03
7.156519999999999982e-04 -1.404410000000000033e-03
7.962540000000000373e-04 -1.296070000000000078e-03
7.732210000000000428e-04 -1.022310000000000016e-03
6.363900000000000242e-04 -6.889589999999999473e-04
3.896780000000000187e-04 -3.177659999999999795e-04
5.923249999999999913e-05 1.158460000000000018e-04
-3.007819999999999808e-04 5.809349999999999800e-04
-6.184339999999999542e-04 1.020049999999999993e-03
-8.331659999999999847e-04 1.373230000000000024e-03
-9.191829999999999576e-04 1.539570000000000088e-03
-8.813609999999999934e-04 1.439549999999999944e-03
-7.335500000000000223e-04 1.052240000000000076e-03
-4.846300000000000000e-04 4.395350000000000125e-04
-1.462260000000000057e-04 -2.440189999999999959e-04
2.508850000000000077e-04 -8.794350000000000257e-04
6.511919999999999818e-04 -1.377030000000000007e-03
9.813779999999999813e-04 -1.642889999999999932e-03
1.166799999999999955e-03 -1.638769999999999897e-03
1.155479999999999962e-03 -1.397239999999999897e-03
9.394940000000000279e-04 -1.004920000000000075e-03
5.592239999999999841e-04 -5.193920000000000307e-04
8.591710000000000449e-05 7.208319999999999452e-05
-4.021329999999999935e-04 7.556740000000000158e-04
-8.317280000000000029e-04 1.403729999999999952e-03
-1.138490000000000031e-03 1.847679999999999982e-03
-1.275160000000000009e-03 1.970229999999999898e-03
-1.220860000000000044e-03 1.725270000000000102e-03
-9.798039999999999181e-04 1.132860000000000074e-03
-5.734860000000000044e-04 2.861210000000000207e-04
-4.225069999999999851e-05 -6.262839999999999553e-04
5.429680000000000097e-04 -1.384239999999999906e-03
1.079199999999999994e-03 -1.847890000000000036e-03
1.453789999999999943e-03 -1.989229999999999818e-03
1.578280000000000047e-03 -1.835339999999999975e-03
1.413689999999999999e-03 -1.425449999999999981e-03
9.807460000000000049e-04 -8.127289999999999905e-04
3.563279999999999941e-04 -4.330449999999999848e-05
-3.444209999999999741e-04 8.242269999999999675e-04
-9.946779999999999251e-04 1.644840000000000061e-03
-1.481310000000000005e-03 2.218139999999999955e-03
-1.723359999999999953e-03 2.383639999999999804e-03
-1.679890000000000072e-03 2.057550000000000004e-03
-1.347869999999999928e-03 1.266379999999999893e-03
-7.606019999999999795e-04 1.789650000000000052e-04
5.253899999999999791e-06 -9.205329999999999633e-04
8.239659999999999779e-04 -1.764469999999999971e-03
1.536250000000000072e-03 -2.243479999999999953e-03
1.987959999999999988e-03 -2.371299999999999797e-03
2.070929999999999906e-03 -2.151329999999999909e-03
1.748739999999999930e-03 -1.550850000000000102e-03
1.068919999999999896e-03 -6.146450000000000351e-04
1.604789999999999927e-04 4.888419999999999658e-04
-7.939089999999999776e-04 1.541110000000000049e-03
-1.607499999999999988e-03 2.334339999999999853e-03
-2.132820000000000115e-03 2.702369999999999946e-03
-2.277069999999999962e-03 2.518910000000000073e-03
-2.000479999999999793e-03 1.769720000000000017e-03
-1.324370000000000061e-03 6.247680000000000464e-04
-3.493549999999999781e-04 -6.264649999999999863e-04
7.436870000000000373e-04 -1.690639999999999981e-03
1.727730000000000021e-03 -2.373689999999999915e-03
2.386539999999999929e-03 -2.597900000000000209e-03
2.567410000000000005e-03 -2.341740000000000141e-03
2.215799999999999974e-03 -1.652049999999999959e-03
1.392680000000000090e-03 -6.697149999999999805e-04
2.671069999999999890e-04 4.572800000000000128e-04
-9.247230000000000163e-04 1.578540000000000021e-03
-1.938009999999999993e-03 2.464469999999999855e-03
-2.568190000000000143e-03 2.824360000000000152e-03
-2.683179999999999853e-03 2.489819999999999794e-03
-2.248410000000000165e-03 1.571270000000000045e-03
-1.340229999999999980e-03 3.537230000000000148e-04
-1.340219999999999986e-04 -8.629389999999999587e-04
1.130270000000000059e-03 -1.857670000000000068e-03
2.190529999999999995e-03 -2.473799999999999957e-03
2.807130000000000129e-03 -2.564410000000000040e-03
2.818030000000000014e-03 -2.105549999999999870e-03
2.198279999999999939e-03 -1.240790000000000079e-03
1.084239999999999987e-03 -1.564939999999999962e-04
-2.648689999999999877e-04 9.436349999999999599e-04
-1.542790000000000047e-03 1.803850000000000071e-03
-2.469369999999999812e-03 2.233719999999999803e-03
-2.847150000000000115e-03 2.187070000000000160e-03
-2.598029999999999871e-03 1.687659999999999898e-03
-1.777560000000000077e-03 8.411879999999999835e-04
-5.666189999999999768e-04 -1.667340000000000066e-04
7.633600000000000368e-04 -1.127090000000000080e-03
1.909150000000000083e-03 -1.790570000000000009e-03
2.605049999999999814e-03 -1.960640000000000039e-03
2.690749999999999999e-03 -1.671119999999999897e-03
2.157549999999999833e-03 -1.101030000000000021e-03
1.148099999999999989e-03 -4.165579999999999782e-04
-8.826109999999999425e-05 2.662750000000000078e-04
-1.257780000000000009e-03 8.358789999999999840e-04
-2.084320000000000183e-03 1.155629999999999939e-03
-2.374740000000000184e-03 1.208689999999999895e-03
-2.078529999999999874e-03 1.062320000000000061e-03
-1.304409999999999988e-03 7.518979999999999761e-04
-2.774990000000000074e-04 3.134400000000000077e-04
7.347039999999999777e-04 -1.680730000000000017e-04
1.492300000000000007e-03 -5.792479999999999808e-04
1.836170000000000033e-03 -8.524620000000000114e-04
1.719049999999999962e-03 -9.217130000000000028e-04
1.208569999999999957e-03 -7.940539999999999838e-04
4.652090000000000110e-04 -5.878129999999999640e-04
-3.039459999999999796e-04 -3.566759999999999983e-04
-9.074200000000000365e-04 -7.534879999999999931e-05
-1.219800000000000051e-03 2.546989999999999953e-04
-1.200450000000000041e-03 5.251770000000000440e-04
-8.908320000000000388e-04 6.623430000000000246e-04
-4.061000000000000048e-04 7.192989999999999584e-04
9.539520000000000443e-05 6.657409999999999673e-04
4.728840000000000213e-04 4.310170000000000104e-04
6.539290000000000337e-04 5.323379999999999844e-05
6.416889999999999747e-04 -3.566670000000000192e-04
4.907180000000000136e-04 -6.757700000000000165e-04
2.775240000000000215e-04 -8.205989999999999812e-04
7.527540000000000099e-05 -7.501019999999999953e-04
-6.812119999999999417e-05 -4.824370000000000025e-04
-1.418839999999999988e-04 -1.092109999999999950e-04
-1.667539999999999962e-04 2.633830000000000090e-04
-1.750939999999999875e-04 5.365969999999999854e-04
-1.877340000000000020e-04 6.225199999999999961e-04
-2.034609999999999956e-04 5.344780000000000147e-04
-2.077899999999999875e-04 3.765020000000000215e-04
-1.858259999999999925e-04 1.977199999999999975e-04
-1.266419999999999981e-04 -7.345589999999999749e-06
-2.835250000000000002e-05 -1.930260000000000049e-04
9.297069999999999401e-05 -2.973079999999999798e-04
2.053149999999999951e-04 -3.144290000000000214e-04
2.768970000000000155e-04 -2.758729999999999928e-04
2.903199999999999986e-04 -2.158700000000000050e-04
2.442960000000000205e-04 -1.548929999999999957e-04
1.489360000000000120e-04 -9.348420000000000189e-05
2.350910000000000163e-05 -2.190360000000000150e-05
-1.041999999999999985e-04 6.449419999999999654e-05
-2.035539999999999962e-04 1.565559999999999966e-04
-2.522229999999999871e-04 2.310939999999999934e-04
-2.447449999999999886e-04 2.610429999999999738e-04
-1.913980000000000130e-04 2.283479999999999896e-04
-1.095079999999999958e-04 1.359330000000000011e-04
-1.559179999999999868e-05 1.128719999999999927e-05
7.645660000000000249e-05 -1.066209999999999944e-04
1.534299999999999998e-04 -1.867159999999999924e-04
2.021229999999999891e-04 -2.160730000000000029e-04
2.119110000000000112e-04 -1.989919999999999948e-04
1.789729999999999956e-04 -1.502940000000000081e-04
1.093760000000000045e-04 -8.690780000000000163e-05
1.893020000000000046e-05 -2.049209999999999986e-05
-7.088990000000000037e-05 4.480969999999999891e-05
-1.396439999999999932e-04 1.069890000000000017e-04
-1.741660000000000126e-04 1.578910000000000101e-04
-1.712860000000000131e-04 1.804780000000000024e-04
-1.363290000000000020e-04 1.590440000000000039e-04
-7.950529999999999924e-05 9.542930000000000466e-05
-1.269680000000000014e-05 1.095969999999999944e-05
5.250399999999999740e-05 -6.710649999999999862e-05
1.057960000000000015e-04 -1.197330000000000003e-04
1.386640000000000127e-04 -1.415090000000000033e-04
1.450420000000000116e-04 -1.366069999999999882e-04
1.228310000000000035e-04 -1.114710000000000039e-04
7.584380000000000050e-05 -7.075960000000000604e-05
1.439689999999999933e-05 -1.850370000000000039e-05
-4.705080000000000021e-05 3.842179999999999863e-05
-9.464120000000000453e-05 8.897039999999999777e-05
-1.195620000000000049e-04 1.208249999999999960e-04
-1.196689999999999955e-04 1.257250000000000067e-04
-9.806659999999999379e-05 1.033329999999999947e-04
-6.056719999999999839e-05 6.103369999999999808e-05
-1.408990000000000040e-05 1.023400000000000061e-05
3.361140000000000145e-05 -3.799750000000000339e-05
7.405780000000000099e-05 -7.545529999999999566e-05
9.921679999999999508e-05 -9.708229999999999713e-05
1.037229999999999961e-04 -1.003539999999999950e-04
8.691480000000000343e-05 -8.514089999999999657e-05
5.331570000000000184e-05 -5.421879999999999663e-05
1.115640000000000045e-05 -1.356249999999999932e-05
-3.026090000000000024e-05 2.847350000000000106e-05
-6.301529999999999957e-05 6.311969999999999810e-05
-8.191150000000000340e-05 8.350030000000000418e-05
-8.469790000000000099e-05 8.628489999999999782e-05
-7.177450000000000203e-05 7.212699999999999570e-05
-4.594170000000000095e-05 4.499590000000000062e-05
-1.220230000000000004e-05 1.091709999999999920e-05
2.279879999999999930e-05 -2.336249999999999866e-05
5.200210000000000140e-05 -5.152880000000000036e-05
6.961079999999999427e-05 -6.864980000000000127e-05
7.255849999999999995e-05 -7.194440000000000188e-05
6.113270000000000509e-05 -6.128329999999999650e-05
3.857849999999999664e-05 -3.924180000000000094e-05
1.001150000000000062e-05 -1.058109999999999937e-05
-1.883140000000000066e-05 1.878159999999999988e-05
-4.263820000000000115e-05 4.305500000000000028e-05
-5.728940000000000074e-05 5.776709999999999788e-05
