-3.344690000000000286e-08 7.581580000000000051e-07
-2.031719999999999879e-07 2.636900000000000114e-06
-5.965899999999999708e-07 4.312770000000000045e-06
-1.283189999999999991e-06 7.421519999999999715e-06
-2.672170000000000032e-06 1.795139999999999892e-05
-5.845759999999999745e-06 4.124379999999999973e-05
-1.218269999999999942e-05 7.422219999999999556e-05
-2.213650000000000058e-05 1.008570000000000001e-04
-3.413589999999999957e-05 1.050550000000000030e-04
-4.445810000000000045e-05 7.773740000000000554e-05
-4.761839999999999796e-05 1.617759999999999907e-05
-3.758300000000000253e-05 -6.420580000000000113e-05
-1.075090000000000069e-05 -1.342290000000000052e-04
3.087799999999999811e-05 -1.759879999999999962e-04
7.931360000000000580e-05 -1.975620000000000034e-04
1.234890000000000098e-04 -2.213259999999999880e-04
1.534100000000000101e-04 -2.601959999999999733e-04
1.635180000000000021e-04 -3.045039999999999835e-04
1.540459999999999952e-04 -3.238129999999999980e-04
1.292560000000000106e-04 -2.796179999999999781e-04
9.325430000000000600e-05 -1.569890000000000109e-04
4.717919999999999715e-05 9.164639999999999722e-06
-9.653449999999999875e-06 1.626139999999999986e-04
-7.645589999999999418e-05 2.753799999999999824e-04
-1.478940000000000040e-04 3.516840000000000027e-04
-2.122910000000000042e-04 4.006629999999999957e-04
-2.536530000000000056e-04 4.267529999999999848e-04
-2.592560000000000264e-04 4.324229999999999762e-04
-2.281150000000000072e-04 4.184740000000000053e-04
-1.724870000000000038e-04 3.852990000000000256e-04
-1.101689999999999950e-04 3.264319999999999809e-04
-5.338279999999999989e-05 2.188450000000000096e-04
-3.272529999999999989e-06 5.137949999999999825e-05
4.572300000000000252e-05 -1.449280000000000056e-04
9.789499999999999699e-05 -3.296339999999999817e-04
1.533299999999999973e-04 -4.802100000000000118e-04
2.091080000000000044e-04 -5.819840000000000169e-04
2.592450000000000158e-04 -6.266159999999999786e-04
2.939780000000000236e-04 -6.183319999999999745e-04
3.022909999999999963e-04 -5.696520000000000273e-04
2.774440000000000088e-04 -4.939379999999999726e-04
2.208300000000000117e-04 -3.949220000000000248e-04
1.408640000000000120e-04 -2.662780000000000008e-04
4.896140000000000187e-05 -1.082229999999999970e-04
-4.391780000000000157e-05 7.310649999999999538e-05
-1.292300000000000078e-04 2.655399999999999818e-04
-2.012240000000000101e-04 4.401149999999999832e-04
-2.557270000000000268e-04 5.612079999999999977e-04
-2.890300000000000161e-04 6.143220000000000451e-04
-2.986369999999999802e-04 6.203429999999999795e-04
-2.848349999999999927e-04 6.072910000000000374e-04
-2.504690000000000171e-04 5.719660000000000325e-04
-1.991240000000000132e-04 4.828729999999999828e-04
-1.340959999999999982e-04 3.126410000000000040e-04
-5.896619999999999797e-05 8.091809999999999357e-05
2.188889999999999976e-05 -1.526940000000000122e-04
1.053640000000000029e-04 -3.614350000000000115e-04
1.916689999999999974e-04 -5.544579999999999691e-04
2.796550000000000186e-04 -7.183029999999999970e-04
3.587269999999999825e-04 -8.197210000000000347e-04
4.088909999999999854e-04 -8.221360000000000039e-04
4.108709999999999901e-04 -7.085099999999999775e-04
3.572119999999999809e-04 -5.190869999999999989e-04
2.552060000000000092e-04 -3.166929999999999984e-04
1.206509999999999939e-04 -1.277560000000000013e-04
-2.961560000000000153e-05 7.161590000000000664e-05
-1.793280000000000015e-04 3.143889999999999879e-04
-3.105510000000000020e-04 5.830710000000000016e-04
-4.051109999999999911e-04 8.119489999999999607e-04
-4.519610000000000185e-04 9.387560000000000088e-04
-4.525929999999999949e-04 9.421670000000000478e-04
-4.163360000000000064e-04 8.386020000000000323e-04
-3.493880000000000098e-04 6.546370000000000140e-04
-2.499329999999999803e-04 4.062579999999999989e-04
-1.147640000000000010e-04 9.456040000000000354e-05
5.038260000000000107e-05 -2.706359999999999886e-04
2.271270000000000092e-04 -6.343629999999999842e-04
3.897479999999999825e-04 -9.137569999999999590e-04
5.144280000000000424e-04 -1.057989999999999972e-03
5.847170000000000058e-04 -1.064209999999999896e-03
5.899720000000000224e-04 -9.568859999999999996e-04
5.225730000000000262e-04 -7.656740000000000421e-04
3.815409999999999982e-04 -5.165600000000000009e-04
1.796350000000000106e-04 -2.001259999999999877e-04
-5.574220000000000309e-05 1.962509999999999884e-04
-2.885189999999999933e-04 6.031250000000000369e-04
-4.830300000000000153e-04 9.306569999999999903e-04
-6.138269999999999491e-04 1.125530000000000020e-03
-6.697629999999999773e-04 1.173149999999999974e-03
-6.495690000000000144e-04 1.096339999999999901e-03
-5.556180000000000190e-04 9.168860000000000031e-04
-3.930960000000000053e-04 6.284930000000000421e-04
-1.747619999999999914e-04 2.215960000000000108e-04
7.595179999999999336e-05 -2.926560000000000251e-04
3.290200000000000177e-04 -8.418689999999999724e-04
5.534910000000000307e-04 -1.257419999999999979e-03
7.197500000000000122e-04 -1.409359999999999910e-03
8.016279999999999760e-04 -1.301370000000000044e-03
7.790790000000000128e-04 -1.027649999999999961e-03
6.412570000000000032e-04 -6.937999999999999506e-04
3.921929999999999904e-04 -3.210679999999999827e-04
5.893929999999999997e-05 1.152980000000000064e-04
-3.034000000000000022e-04 5.837210000000000445e-04
-6.225760000000000105e-04 1.025560000000000013e-03
-8.382160000000000262e-04 1.380020000000000031e-03
-9.247160000000000145e-04 1.546279999999999920e-03
-8.869499999999999563e-04 1.445380000000000015e-03
-7.386120000000000359e-04 1.056800000000000100e-03
-4.883650000000000447e-04 4.424349999999999746e-04
-1.476709999999999893e-04 -2.432850000000000127e-04
2.525229999999999944e-04 -8.813329999999999862e-04
6.559940000000000215e-04 -1.381779999999999987e-03
9.885169999999999547e-04 -1.650210000000000045e-03
1.174920000000000088e-03 -1.647639999999999912e-03
1.163189999999999927e-03 -1.405989999999999974e-03
9.455880000000000275e-04 -1.011750000000000062e-03
5.626410000000000092e-04 -5.229740000000000517e-04
8.599469999999999846e-05 7.238269999999999394e-05
-4.053540000000000225e-04 7.598130000000000248e-04
-8.375830000000000341e-04 1.410980000000000047e-03
-1.146110000000000097e-03 1.856669999999999935e-03
-1.283649999999999895e-03 1.979330000000000065e-03
-1.229119999999999996e-03 1.733210000000000002e-03
-9.864489999999999197e-04 1.138829999999999964e-03
-5.772099999999999844e-04 2.893659999999999939e-04
-4.220340000000000322e-05 -6.266180000000000101e-04
5.470940000000000308e-04 -1.388740000000000070e-03
1.087139999999999895e-03 -1.856320000000000062e-03
1.464459999999999894e-03 -2.000350000000000131e-03
1.589679999999999999e-03 -1.847209999999999954e-03
1.423390000000000072e-03 -1.435749999999999960e-03
9.867330000000000545e-04 -8.192100000000000120e-04
3.575660000000000253e-04 -4.439159999999999694e-05
-3.479569999999999755e-04 8.288739999999999520e-04
-1.002300000000000023e-03 1.654199999999999985e-03
-1.491890000000000056e-03 2.230250000000000028e-03
-1.735439999999999986e-03 2.396290000000000139e-03
-1.691620000000000016e-03 2.068780000000000098e-03
-1.357160000000000050e-03 1.274589999999999924e-03
-7.654720000000000057e-04 1.827490000000000082e-04
6.230320000000000007e-06 -9.222300000000000116e-04
8.312630000000000539e-04 -1.771959999999999941e-03
1.548939999999999952e-03 -2.255989999999999818e-03
2.003560000000000150e-03 -2.386919999999999840e-03
2.085959999999999984e-03 -2.167130000000000185e-03
1.760049999999999983e-03 -1.563310000000000047e-03
1.074569999999999952e-03 -6.205849999999999951e-04
1.597109999999999893e-04 4.909709999999999856e-04
-8.011410000000000059e-04 1.550640000000000048e-03
-1.620450000000000059e-03 2.348980000000000078e-03
-2.149530000000000191e-03 2.719319999999999897e-03
-2.294389999999999884e-03 2.535410000000000094e-03
-2.014849999999999888e-03 1.782989999999999922e-03
-1.332700000000000030e-03 6.320629999999999825e-04
-3.495729999999999953e-04 -6.270740000000000341e-04
7.522349999999999696e-04 -1.699540000000000035e-03
1.743779999999999896e-03 -2.389529999999999953e-03
2.406810000000000112e-03 -2.617860000000000065e-03
2.587400000000000116e-03 -2.361900000000000110e-03
2.231159999999999827e-03 -1.667920000000000036e-03
1.400280000000000058e-03 -6.773340000000000307e-04
2.654140000000000037e-04 4.599520000000000171e-04
-9.355270000000000166e-04 1.590969999999999928e-03
-1.955960000000000077e-03 2.483879999999999942e-03
-2.589859999999999818e-03 2.846580000000000030e-03
-2.704439999999999795e-03 2.510259999999999835e-03
-2.264959999999999890e-03 1.585830000000000095e-03
-1.348189999999999979e-03 3.596100000000000078e-04
-1.308120000000000073e-04 -8.669660000000000474e-04
1.144650000000000094e-03 -1.871339999999999983e-03
2.212979999999999808e-03 -2.495139999999999858e-03
2.832419999999999990e-03 -2.589390000000000008e-03
2.840510000000000083e-03 -2.128409999999999851e-03
2.213189999999999862e-03 -1.255749999999999922e-03
1.088339999999999924e-03 -1.598000000000000082e-04
-2.727219999999999818e-04 9.526479999999999497e-04
-1.561169999999999962e-03 1.822990000000000027e-03
-2.494430000000000171e-03 2.258710000000000145e-03
-2.873389999999999972e-03 2.212449999999999920e-03
-2.619499999999999867e-03 1.707830000000000025e-03
-1.789180000000000024e-03 8.515750000000000316e-04
-5.654909999999999971e-04 -1.685880000000000061e-04
7.771030000000000168e-04 -1.140890000000000090e-03
1.932329999999999898e-03 -1.813249999999999975e-03
2.632310000000000118e-03 -1.987019999999999932e-03
2.715870000000000003e-03 -1.695080000000000068e-03
2.174660000000000135e-03 -1.117149999999999914e-03
1.153010000000000103e-03 -4.212339999999999856e-04
-9.675690000000000191e-05 2.741299999999999792e-04
-1.277369999999999894e-03 8.545749999999999961e-04
-2.109960000000000134e-03 1.180690000000000081e-03
-2.400170000000000081e-03 1.233719999999999999e-03
-2.097700000000000085e-03 1.080950000000000010e-03
-1.312809999999999975e-03 7.597829999999999862e-04
-2.733540000000000123e-04 3.092470000000000158e-04
7.498220000000000319e-04 -1.827449999999999995e-04
1.514109999999999935e-03 -6.004299999999999958e-04
1.859119999999999913e-03 -8.747680000000000516e-04
1.737760000000000086e-03 -9.397150000000000381e-04
1.218920000000000073e-03 -8.037289999999999886e-04
4.650909999999999962e-04 -5.875200000000000127e-04
-3.141439999999999792e-04 -3.472959999999999763e-04
-9.246400000000000105e-04 -5.967379999999999777e-05
-1.239059999999999944e-03 2.727520000000000205e-04
-1.216569999999999934e-03 5.412260000000000118e-04
-9.002590000000000418e-04 6.724279999999999797e-04
-4.074950000000000143e-04 7.212170000000000169e-04
1.014669999999999960e-04 6.599169999999999906e-04
4.842539999999999887e-04 4.199860000000000138e-04
6.672310000000000090e-04 4.030550000000000230e-05
6.534050000000000231e-04 -3.683870000000000222e-04
4.984199999999999612e-04 -6.838470000000000139e-04
2.803740000000000095e-04 -8.237080000000000356e-04
7.365879999999999346e-05 -7.483859999999999731e-04
-7.312370000000000599e-05 -4.772929999999999989e-04
-1.487939999999999987e-04 -1.024850000000000056e-04
-1.739490000000000112e-04 2.701700000000000238e-04
-1.811899999999999915e-04 5.424839999999999784e-04
-1.919590000000000098e-04 6.269090000000000383e-04
-2.056489999999999956e-04 5.369529999999999529e-04
-2.079980000000000099e-04 3.769099999999999946e-04
-1.840880000000000034e-04 1.962189999999999995e-04
-1.232069999999999878e-04 -1.047529999999999947e-05
-2.389089999999999855e-05 -1.974490000000000132e-04
9.763300000000000526e-05 -3.023899999999999830e-04
2.095409999999999916e-04 -3.191439999999999924e-04
2.801650000000000256e-04 -2.791919999999999927e-04
2.920150000000000154e-04 -2.172309999999999942e-04
2.438530000000000114e-04 -1.542399999999999869e-04
1.462740000000000025e-04 -9.100410000000000508e-05
1.923269999999999968e-05 -1.794020000000000147e-05
-1.090340000000000000e-04 6.927330000000000640e-05
-2.078609999999999941e-04 1.611069999999999874e-04
-2.551699999999999845e-04 2.343109999999999865e-04
-2.458469999999999926e-04 2.622179999999999889e-04
-1.905610000000000073e-04 2.273929999999999962e-04
-1.070309999999999990e-04 1.332679999999999987e-04
-1.206389999999999981e-05 7.595120000000000052e-06
8.034500000000000409e-05 -1.105769999999999952e-04
1.570160000000000024e-04 -1.902069999999999900e-04
2.047940000000000047e-04 -2.185140000000000021e-04
2.131369999999999890e-04 -2.000229999999999923e-04
1.784500000000000008e-04 -1.497910000000000029e-04
1.072000000000000036e-04 -8.496829999999999758e-05
1.562640000000000001e-05 -1.744469999999999918e-05
-7.453369999999999418e-05 4.838590000000000035e-05
-1.428319999999999904e-04 1.103350000000000066e-04
-1.762959999999999939e-04 1.602630000000000070e-04
-1.720360000000000042e-04 1.813689999999999909e-04
-1.356720000000000116e-04 1.583300000000000104e-04
-7.765970000000000457e-05 9.337240000000000069e-05
-1.004569999999999938e-05 8.099719999999999422e-06
5.548029999999999802e-05 -7.012550000000000478e-05
1.085610000000000063e-04 -1.223340000000000115e-04
1.406749999999999906e-04 -1.432840000000000058e-04
1.458680000000000068e-04 -1.373230000000000132e-04
1.222940000000000051e-04 -1.110399999999999940e-04
7.410459999999999519e-05 -6.924110000000000356e-05
1.190440000000000074e-05 -1.615340000000000021e-05
-4.971860000000000201e-05 4.113499999999999833e-05
-9.694649999999999752e-05 9.145129999999999633e-05
-1.211130000000000041e-04 1.225280000000000032e-04
-1.202509999999999978e-04 1.263190000000000081e-04
-9.763010000000000568e-05 1.027760000000000067e-04
-5.921429999999999988e-05 5.953739999999999684e-05
-1.207130000000000079e-05 8.162079999999999618e-06
3.591040000000000096e-05 -4.022760000000000089e-05
7.616999999999999747e-05 -7.744170000000000090e-05
1.006959999999999995e-04 -9.848319999999999926e-05
1.042669999999999963e-04 -1.009260000000000024e-04
8.645299999999999372e-05 -8.478039999999999893e-05
5.201379999999999995e-05 -5.300269999999999992e-05
9.341639999999999891e-06 -1.174999999999999931e-05
-3.220470000000000017e-05 3.049120000000000039e-05
-6.473010000000000558e-05 6.491550000000000553e-05
-8.310840000000000545e-05 8.471909999999999326e-05
-8.517959999999999334e-05 8.671950000000000209e-05
-7.146030000000000426e-05 7.174390000000000270e-05
-4.489619999999999885e-05 4.391720000000000026e-05
-1.064219999999999951e-05 9.380690000000000813e-06
2.454100000000000102e-05 -2.505090000000000100e-05
5.355749999999999671e-05 -5.304660000000000131e-05
7.066750000000000061e-05 -6.971210000000000633e-05
7.293309999999999464e-05 -7.235769999999999333e-05
6.079720000000000127e-05 -6.098479999999999927e-05
3.764370000000000010e-05 -3.831349999999999833e-05
8.686430000000000789e-06 -9.230830000000000185e-06
-2.028469999999999910e-05 2.026769999999999909e-05
-4.394649999999999674e-05 4.437669999999999815e-05
-5.820949999999999893e-05 5.867319999999999925e-05
