-3.295169999999999985e-08 7.585850000000000393e-07
-2.010109999999999991e-07 2.639039999999999893e-06
-5.934540000000000147e-07 4.317559999999999706e-06
-1.282350000000000097e-06 7.429920000000000346e-06
-2.672319999999999937e-06 1.797039999999999993e-05
-5.837309999999999851e-06 4.129070000000000093e-05
-1.216569999999999941e-05 7.431709999999999358e-05
-2.215249999999999839e-05 1.010089999999999946e-04
-3.426759999999999697e-05 1.052619999999999961e-04
-4.477179999999999712e-05 7.799819999999999464e-05
-4.809220000000000010e-05 1.648689999999999965e-05
-3.808300000000000113e-05 -6.390039999999999555e-05
-1.106389999999999922e-05 -1.340489999999999900e-04
3.095980000000000129e-05 -1.760940000000000118e-04
7.987319999999999956e-05 -1.980859999999999869e-04
1.244089999999999942e-04 -2.223019999999999868e-04
1.544320000000000013e-04 -2.615009999999999752e-04
1.644129999999999995e-04 -3.058679999999999928e-04
1.547519999999999983e-04 -3.249379999999999847e-04
1.298609999999999955e-04 -2.803300000000000214e-04
9.385029999999999826e-05 -1.573059999999999877e-04
4.770129999999999677e-05 9.105000000000000070e-06
-9.464829999999999977e-06 1.627219999999999914e-04
-7.688440000000000541e-05 2.757409999999999744e-04
-1.489940000000000036e-04 3.525290000000000259e-04
-2.138060000000000058e-04 4.021499999999999901e-04
-2.552049999999999935e-04 4.287299999999999965e-04
-2.605789999999999864e-04 4.344360000000000127e-04
-2.291229999999999949e-04 4.200469999999999985e-04
-1.731819999999999963e-04 3.862229999999999917e-04
-1.105570000000000055e-04 3.268060000000000149e-04
-5.349069999999999932e-05 2.188830000000000116e-04
-3.191469999999999871e-06 5.121170000000000301e-05
4.590289999999999719e-05 -1.452699999999999966e-04
9.819270000000000602e-05 -3.301499999999999747e-04
1.538590000000000053e-04 -4.809419999999999906e-04
2.099539999999999892e-04 -5.830619999999999683e-04
2.604179999999999993e-04 -6.281729999999999909e-04
2.954389999999999881e-04 -6.203369999999999935e-04
3.039599999999999832e-04 -5.718490000000000335e-04
2.791359999999999783e-04 -4.959769999999999847e-04
2.222550000000000057e-04 -3.965209999999999937e-04
1.417649999999999954e-04 -2.672789999999999866e-04
4.924510000000000053e-05 -1.085540000000000045e-04
-4.418149999999999703e-05 7.344680000000000295e-05
-1.299220000000000073e-04 2.664729999999999811e-04
-2.022670000000000067e-04 4.415069999999999997e-04
-2.570909999999999819e-04 5.629149999999999866e-04
-2.906650000000000097e-04 6.162270000000000074e-04
-3.003899999999999886e-04 6.223519999999999530e-04
-2.864470000000000037e-04 6.092959999999999479e-04
-2.517029999999999853e-04 5.737900000000000205e-04
-1.999360000000000048e-04 4.842730000000000168e-04
-1.346499999999999932e-04 3.134219999999999953e-04
-5.941739999999999798e-05 8.107500000000000557e-05
2.163539999999999956e-05 -1.529880000000000064e-04
1.056170000000000020e-04 -3.620440000000000051e-04
1.926359999999999900e-04 -5.555030000000000514e-04
2.812469999999999857e-04 -7.200639999999999688e-04
3.607060000000000257e-04 -8.222680000000000223e-04
4.111060000000000040e-04 -8.251270000000000436e-04
4.132510000000000046e-04 -7.113959999999999902e-04
3.595429999999999828e-04 -5.214599999999999574e-04
2.570189999999999866e-04 -3.183850000000000222e-04
1.214259999999999992e-04 -1.286380000000000108e-04
-3.008230000000000165e-05 7.179870000000000089e-05
-1.807860000000000001e-04 3.158549999999999769e-04
-3.125269999999999979e-04 5.856760000000000351e-04
-4.072689999999999796e-04 8.151099999999999665e-04
-4.542309999999999816e-04 9.418090000000000489e-04
-4.549770000000000181e-04 9.448009999999999959e-04
-4.186789999999999804e-04 8.409100000000000515e-04
-3.513659999999999830e-04 6.567440000000000127e-04
-2.512330000000000119e-04 4.079619999999999948e-04
-1.152369999999999946e-04 9.538349999999999910e-05
5.071559999999999941e-05 -2.710869999999999881e-04
2.281949999999999929e-04 -6.361119999999999839e-04
3.915629999999999914e-04 -9.164909999999999637e-04
5.170549999999999886e-04 -1.061319999999999928e-03
5.880749999999999693e-04 -1.067870000000000060e-03
5.936519999999999601e-04 -9.606789999999999817e-04
5.258869999999999474e-04 -7.692180000000000068e-04
3.837930000000000031e-04 -5.192350000000000524e-04
1.804189999999999950e-04 -2.012879999999999878e-04
-5.638980000000000007e-05 1.969519999999999940e-04
-2.902790000000000036e-04 6.055490000000000395e-04
-4.856339999999999789e-04 9.342419999999999501e-04
-6.171629999999999998e-04 1.129620000000000016e-03
-6.736430000000000282e-04 1.177300000000000048e-03
-6.534909999999999677e-04 1.100330000000000058e-03
-5.588519999999999816e-04 9.204140000000000411e-04
-3.950529999999999732e-04 6.310250000000000104e-04
-1.752839999999999975e-04 2.225320000000000032e-04
7.663939999999999674e-05 -2.936150000000000001e-04
3.306329999999999903e-04 -8.445310000000000360e-04
5.560170000000000130e-04 -1.261250000000000001e-03
7.234420000000000303e-04 -1.413809999999999937e-03
8.065169999999999761e-04 -1.306089999999999985e-03
7.844380000000000406e-04 -1.032439999999999920e-03
6.456790000000000229e-04 -6.981889999999999928e-04
3.943679999999999755e-04 -3.240590000000000224e-04
5.845750000000000062e-05 1.148929999999999993e-04
-3.060119999999999832e-04 5.864550000000000492e-04
-6.264919999999999777e-04 1.030810000000000060e-03
-8.428370000000000349e-04 1.386349999999999952e-03
-9.296890000000000362e-04 1.552350000000000084e-03
-8.919359999999999658e-04 1.450499999999999966e-03
-7.431059999999999966e-04 1.060710000000000082e-03
-4.916290000000000460e-04 4.448580000000000156e-04
-1.488069999999999866e-04 -2.427759999999999944e-04
2.542380000000000009e-04 -8.831829999999999499e-04
6.606000000000000110e-04 -1.386209999999999916e-03
9.951929999999999023e-04 -1.656979999999999955e-03
1.182359999999999921e-03 -1.655779999999999925e-03
1.170129999999999912e-03 -1.413930000000000091e-03
9.509149999999999851e-04 -1.017810000000000069e-03
5.654320000000000439e-04 -5.259320000000000054e-04
8.568609999999999942e-05 7.306090000000000381e-05
-4.086650000000000048e-04 7.640060000000000167e-04
-8.432129999999999920e-04 1.417920000000000031e-03
-1.153200000000000058e-03 1.864999999999999904e-03
-1.291360000000000077e-03 1.987539999999999880e-03
-1.236450000000000049e-03 1.740149999999999987e-03
-9.921649999999999307e-04 1.143839999999999918e-03
-5.801670000000000308e-04 2.918770000000000110e-04
-4.168060000000000206e-05 -6.273290000000000376e-04
5.513119999999999826e-04 -1.393200000000000037e-03
1.094740000000000079e-03 -1.864290000000000001e-03
1.474389999999999902e-03 -2.010669999999999992e-03
1.600059999999999937e-03 -1.858030000000000098e-03
1.431940000000000036e-03 -1.444900000000000047e-03
9.916289999999999480e-04 -8.246170000000000366e-04
3.579559999999999860e-04 -4.467379999999999908e-05
-3.519419999999999992e-04 8.338970000000000020e-04
-1.009869999999999952e-03 1.663409999999999932e-03
-1.501909999999999964e-03 2.241679999999999801e-03
-1.746500000000000006e-03 2.407820000000000186e-03
-1.702050000000000091e-03 2.078640000000000088e-03
-1.365069999999999912e-03 1.281409999999999971e-03
-7.691179999999999501e-04 1.853869999999999921e-04
8.056240000000000306e-06 -9.246210000000000366e-04
8.388529999999999728e-04 -1.779580000000000007e-03
1.561279999999999960e-03 -2.268039999999999813e-03
2.018180000000000061e-03 -2.401529999999999811e-03
2.099569999999999822e-03 -2.181509999999999786e-03
1.769729999999999958e-03 -1.574150000000000072e-03
1.078650000000000008e-03 -6.250039999999999676e-04
1.577109999999999949e-04 4.942399999999999571e-04
-8.090050000000000106e-04 1.560699999999999935e-03
-1.633289999999999915e-03 2.363409999999999817e-03
-2.165390000000000110e-03 2.735329999999999793e-03
-2.310249999999999804e-03 2.550390000000000035e-03
-2.027380000000000067e-03 1.794419999999999913e-03
-1.339130000000000008e-03 6.375660000000000008e-04
-3.481709999999999840e-04 -6.291149999999999694e-04
7.617740000000000015e-04 -1.709269999999999930e-03
1.759970000000000024e-03 -2.405430000000000068e-03
2.426320000000000039e-03 -2.637070000000000039e-03
2.605860000000000207e-03 -2.380580000000000196e-03
2.244499999999999967e-03 -1.681830000000000044e-03
1.405720000000000060e-03 -6.828869999999999689e-04
2.618179999999999791e-04 4.644149999999999776e-04
-9.475889999999999834e-04 1.604570000000000041e-03
-1.974249999999999877e-03 2.503580000000000041e-03
-2.610879999999999885e-03 2.868120000000000044e-03
-2.724129999999999954e-03 2.529140000000000034e-03
-2.279329999999999985e-03 1.598280000000000100e-03
-1.353730000000000037e-03 3.632330000000000237e-04
-1.254340000000000056e-04 -8.729840000000000429e-04
1.160510000000000014e-03 -1.886359999999999903e-03
2.235930000000000122e-03 -2.516930000000000122e-03
2.857090000000000064e-03 -2.613780000000000010e-03
2.861339999999999977e-03 -2.149750000000000185e-03
2.225729999999999983e-03 -1.268510000000000037e-03
1.089839999999999906e-03 -1.606400000000000070e-04
-2.828999999999999918e-04 9.639110000000000213e-04
-1.581130000000000035e-03 1.843699999999999983e-03
-2.520019999999999986e-03 2.284260000000000197e-03
-2.899000000000000101e-03 2.237269999999999971e-03
-2.639269999999999984e-03 1.726419999999999995e-03
-1.798359999999999933e-03 8.596810000000000519e-04
-5.616660000000000532e-04 -1.729959999999999950e-04
7.932459999999999468e-04 -1.157019999999999924e-03
1.957110000000000186e-03 -1.837579999999999899e-03
2.660070000000000056e-03 -2.013989999999999791e-03
2.740269999999999945e-03 -1.718480000000000094e-03
2.190000000000000106e-03 -1.131650000000000104e-03
1.155470000000000021e-03 -4.235630000000000102e-04
-1.079030000000000001e-04 2.846099999999999737e-04
-1.299290000000000037e-03 8.756550000000000314e-04
-2.137140000000000047e-03 1.207420000000000064e-03
-2.426030000000000027e-03 1.259370000000000107e-03
-2.116129999999999921e-03 1.099020000000000032e-03
-1.319470000000000105e-03 7.660370000000000113e-04
-2.668559999999999943e-04 3.026840000000000043e-04
7.674430000000000314e-04 -2.000229999999999923e-04
1.538080000000000046e-03 -6.239109999999999968e-04
1.883459999999999995e-03 -8.986089999999999746e-04
1.756830000000000024e-03 -9.582030000000000278e-04
1.228560000000000069e-03 -8.127619999999999680e-04
4.633540000000000228e-04 -5.855979999999999996e-04
-3.265189999999999954e-04 -3.356330000000000034e-04
-9.441649999999999565e-04 -4.153369999999999843e-05
-1.260300000000000005e-03 2.929429999999999903e-04
-1.233979999999999973e-03 5.586550000000000240e-04
-9.100199999999999912e-04 6.828840000000000300e-04
-4.082339999999999949e-04 7.224519999999999467e-04
1.090079999999999972e-04 6.525129999999999646e-04
4.975920000000000430e-04 4.068200000000000115e-04
6.826199999999999933e-04 2.515229999999999972e-05
6.669329999999999790e-04 -3.819559999999999731e-04
5.073049999999999955e-04 -6.930490000000000522e-04
2.835380000000000083e-04 -8.270390000000000076e-04
7.144630000000000067e-05 -7.459839999999999917e-04
-7.947809999999999380e-05 -4.707180000000000153e-04
-1.575199999999999962e-04 -9.389189999999999461e-05
-1.830579999999999946e-04 2.788639999999999782e-04
-1.889240000000000092e-04 5.499409999999999715e-04
-1.972210000000000011e-04 6.322489999999999838e-04
-2.080779999999999956e-04 5.396150000000000165e-04
-2.076299999999999890e-04 3.767320000000000109e-04
-1.811089999999999900e-04 1.934840000000000062e-04
-1.181330000000000021e-04 -1.523260000000000049e-05
-1.771989999999999953e-05 -2.035539999999999962e-04
1.037390000000000041e-04 -3.088739999999999975e-04
2.146600000000000081e-04 -3.247239999999999762e-04
2.836149999999999739e-04 -2.826990000000000254e-04
2.931820000000000129e-04 -2.180879999999999895e-04
2.423120000000000070e-04 -1.524999999999999934e-04
1.421729999999999956e-04 -8.708680000000000110e-05
1.345989999999999966e-05 -1.248269999999999993e-05
-1.151310000000000061e-04 7.531209999999999337e-05
-2.129529999999999921e-04 1.664500000000000072e-04
-2.582850000000000250e-04 2.377140000000000080e-04
-2.464979999999999971e-04 2.629490000000000061e-04
-1.887710000000000126e-04 2.254719999999999988e-04
-1.033010000000000059e-04 1.293289999999999945e-04
-7.228330000000000299e-06 2.590649999999999921e-06
8.534389999999999446e-05 -1.156279999999999981e-04
1.613039999999999992e-04 -1.943810000000000080e-04
2.076319999999999934e-04 -2.211179999999999927e-04
2.139820000000000123e-04 -2.006830000000000029e-04
1.770970000000000020e-04 -1.484690000000000044e-04
1.039230000000000009e-04 -8.193160000000000004e-05
1.117289999999999936e-05 -1.324620000000000033e-05
-7.915080000000000119e-05 5.294069999999999950e-05
-1.466360000000000103e-04 1.143049999999999974e-04
-1.785780000000000104e-04 1.627920000000000094e-04
-1.724669999999999871e-04 1.819389999999999940e-04
-1.343050000000000092e-04 1.568960000000000103e-04
-7.486209999999999599e-05 9.035510000000000503e-05
-6.392030000000000361e-06 4.237089999999999780e-06
5.931370000000000099e-05 -7.399379999999999619e-05
1.118740000000000066e-04 -1.254759999999999892e-04
1.428310000000000018e-04 -1.452009999999999944e-04
1.464210000000000132e-04 -1.377720000000000084e-04
1.211380000000000047e-04 -1.099969999999999973e-04
7.153430000000000389e-05 -6.689480000000000198e-05
8.537540000000000255e-06 -1.292679999999999963e-05
-5.313300000000000103e-05 4.460030000000000055e-05
-9.973190000000000646e-05 9.441709999999999426e-05
-1.227970000000000103e-04 1.243620000000000131e-04
-1.206070000000000059e-04 1.266800000000000001e-04
-9.666499999999999691e-05 1.016849999999999997e-04
-5.714319999999999865e-05 5.732140000000000314e-05
-9.290099999999999365e-06 5.331750000000000240e-06
3.886639999999999773e-05 -4.310880000000000305e-05
7.870879999999999424e-05 -7.985259999999999505e-05
1.022959999999999977e-04 -1.000089999999999974e-04
1.046160000000000026e-04 -1.013079999999999997e-04
8.553230000000000099e-05 -8.396370000000000385e-05
5.008890000000000082e-05 -5.116200000000000245e-05
6.866359999999999765e-06 -9.272979999999999434e-06
-3.471820000000000244e-05 3.308149999999999828e-05
-6.681839999999999709e-05 6.708459999999999803e-05
-8.441840000000000476e-05 8.604820000000000058e-05
-8.550170000000000166e-05 8.699159999999999564e-05
-7.075439999999999464e-05 7.096820000000000266e-05
-4.331099999999999918e-05 4.230090000000000017e-05
-8.505279999999999991e-06 7.270440000000000138e-06
2.678310000000000112e-05 -2.723769999999999843e-05
5.544120000000000038e-05 -5.489399999999999992e-05
7.182470000000000369e-05 -7.087779999999999417e-05
7.317130000000000194e-05 -7.263629999999999436e-05
6.012499999999999778e-05 -6.034880000000000062e-05
3.624470000000000214e-05 -3.691870000000000281e-05
6.863690000000000179e-06 -7.381189999999999882e-06
-2.217240000000000137e-05 2.218800000000000169e-05
-4.554429999999999693e-05 4.598629999999999710e-05
-5.922359999999999994e-05 5.967159999999999972e-05
