-2.652189999999999875e-08 7.692400000000000245e-07
-1.713670000000000018e-07 2.697520000000000136e-06
-5.434100000000000200e-07 4.464769999999999606e-06
-1.247720000000000058e-06 7.698150000000000148e-06
-2.637280000000000015e-06 1.850469999999999920e-05
-5.672330000000000289e-06 4.251989999999999925e-05
-1.182669999999999978e-05 7.688200000000000014e-05
-2.210179999999999903e-05 1.053100000000000065e-04
-3.559490000000000034e-05 1.109919999999999971e-04
-4.858949999999999955e-05 8.414660000000000510e-05
-5.461569999999999956e-05 2.163320000000000152e-05
-4.608809999999999670e-05 -6.129150000000000093e-05
-1.796450000000000054e-05 -1.352249999999999936e-04
2.831100000000000050e-05 -1.816099999999999908e-04
8.369460000000000332e-05 -2.079120000000000111e-04
1.346429999999999914e-04 -2.363780000000000059e-04
1.687960000000000014e-04 -2.799119999999999994e-04
1.800139999999999878e-04 -3.282310000000000089e-04
1.698889999999999992e-04 -3.496099999999999815e-04
1.445119999999999879e-04 -3.042149999999999867e-04
1.085300000000000061e-04 -1.764210000000000105e-04
6.153939999999999562e-05 -1.590279999999999917e-06
2.023119999999999921e-07 1.624730000000000011e-04
-7.592700000000000675e-05 2.861370000000000016e-04
-1.595669999999999988e-04 3.729299999999999954e-04
-2.351520000000000010e-04 4.316680000000000148e-04
-2.837690000000000134e-04 4.655239999999999834e-04
-2.920120000000000224e-04 4.750290000000000220e-04
-2.593900000000000220e-04 4.600459999999999793e-04
-1.986860000000000015e-04 4.217940000000000209e-04
-1.285129999999999942e-04 3.552529999999999816e-04
-6.293599999999999509e-05 2.378439999999999949e-04
-5.316290000000000391e-06 5.790750000000000080e-05
4.936010000000000197e-05 -1.530649999999999990e-04
1.071149999999999934e-04 -3.522870000000000103e-04
1.697090000000000111e-04 -5.148369999999999769e-04
2.335930000000000113e-04 -6.254509999999999584e-04
2.905979999999999848e-04 -6.761329999999999858e-04
3.293099999999999760e-04 -6.705899999999999882e-04
3.381580000000000241e-04 -6.200879999999999760e-04
3.100770000000000197e-04 -5.376639999999999805e-04
2.461960000000000125e-04 -4.282600000000000230e-04
1.557290000000000128e-04 -2.871090000000000187e-04
5.226420000000000013e-05 -1.152780000000000032e-04
-5.094510000000000119e-05 8.056809999999999861e-05
-1.443319999999999998e-04 2.872640000000000198e-04
-2.225259999999999901e-04 4.743200000000000259e-04
-2.822209999999999801e-04 6.045389999999999662e-04
-3.198499999999999954e-04 6.624670000000000255e-04
-3.317339999999999785e-04 6.692290000000000261e-04
-3.164779999999999742e-04 6.540359999999999837e-04
-2.767140000000000073e-04 6.144930000000000270e-04
-2.182379999999999932e-04 5.184939999999999861e-04
-1.472330000000000047e-04 3.374750000000000037e-04
-6.784029999999999488e-05 9.129000000000000179e-05
1.812960000000000003e-05 -1.580940000000000080e-04
1.102129999999999966e-04 -3.814600000000000239e-04
2.077889999999999989e-04 -5.879379999999999806e-04
3.063860000000000173e-04 -7.652180000000000180e-04
3.936319999999999880e-04 -8.788090000000000354e-04
4.503479999999999918e-04 -8.881559999999999715e-04
4.576180000000000221e-04 -7.729930000000000308e-04
4.052610000000000218e-04 -5.740030000000000132e-04
2.963730000000000032e-04 -3.572189999999999827e-04
1.456659999999999975e-04 -1.514890000000000128e-04
-2.572409999999999991e-05 6.730759999999999911e-05
-1.949130000000000090e-04 3.329639999999999922e-04
-3.403389999999999953e-04 6.260550000000000359e-04
-4.450359999999999993e-04 8.758859999999999823e-04
-5.005899999999999760e-04 1.015650000000000103e-03
-5.082959999999999865e-04 1.023030000000000076e-03
-4.743530000000000034e-04 9.161199999999999769e-04
-4.023830000000000267e-04 7.224659999999999502e-04
-2.909829999999999752e-04 4.571679999999999841e-04
-1.393750000000000132e-04 1.206509999999999939e-04
4.461179999999999866e-05 -2.754370000000000126e-04
2.418870000000000102e-04 -6.717690000000000120e-04
4.265089999999999919e-04 -9.802990000000000141e-04
5.729959999999999871e-04 -1.146160000000000017e-03
6.608000000000000158e-04 -1.164410000000000054e-03
6.742340000000000095e-04 -1.058609999999999976e-03
6.024739999999999783e-04 -8.575769999999999921e-04
4.446909999999999882e-04 -5.871519999999999647e-04
2.168170000000000080e-04 -2.394960000000000123e-04
-4.873389999999999770e-05 1.949219999999999881e-04
-3.114169999999999764e-04 6.421530000000000163e-04
-5.334489999999999675e-04 1.006320000000000001e-03
-6.880910000000000498e-04 1.228329999999999917e-03
-7.611080000000000319e-04 1.290389999999999983e-03
-7.466950000000000193e-04 1.214709999999999922e-03
-6.444079999999999600e-04 1.023339999999999970e-03
-4.609190000000000097e-04 7.101100000000000164e-04
-2.139189999999999961e-04 2.662850000000000026e-04
6.809759999999999663e-05 -2.938870000000000002e-04
3.524789999999999976e-04 -8.923989999999999917e-04
6.084130000000000310e-04 -1.352899999999999979e-03
8.064349999999999860e-04 -1.537009999999999895e-03
9.158210000000000395e-04 -1.442759999999999963e-03
9.064379999999999703e-04 -1.163820000000000089e-03
7.581379999999999977e-04 -8.083990000000000099e-04
4.745050000000000114e-04 -3.997180000000000242e-04
9.226649999999999489e-05 8.592430000000000673e-05
-3.211670000000000236e-04 6.126109999999999932e-04
-6.860500000000000062e-04 1.111860000000000105e-03
-9.388489999999999553e-04 1.512190000000000062e-03
-1.051140000000000104e-03 1.706279999999999906e-03
-1.024649999999999997e-03 1.612259999999999908e-03
-8.711650000000000253e-04 1.207249999999999990e-03
-5.986500000000000501e-04 5.520699999999999913e-04
-2.178179999999999938e-04 -1.947229999999999990e-04
2.394150000000000108e-04 -9.041020000000000523e-04
7.098869999999999746e-04 -1.474669999999999974e-03
1.106599999999999901e-03 -1.802070000000000017e-03
1.341050000000000098e-03 -1.838309999999999901e-03
1.351570000000000072e-03 -1.607860000000000018e-03
1.125139999999999951e-03 -1.194259999999999940e-03
7.020629999999999492e-04 -6.585879999999999903e-04
1.609640000000000127e-04 5.000609999999999883e-06
-4.057089999999999742e-04 7.749649999999999638e-04
-9.108159999999999477e-04 1.512679999999999971e-03
-1.282060000000000014e-03 2.033529999999999973e-03
-1.467559999999999915e-03 2.204380000000000141e-03
-1.439359999999999988e-03 1.970609999999999810e-03
-1.192949999999999913e-03 1.351489999999999896e-03
-7.457199999999999549e-04 4.427330000000000046e-04
-1.414580000000000134e-04 -5.612920000000000192e-04
5.401419999999999659e-04 -1.427670000000000024e-03
1.182979999999999926e-03 -1.996729999999999946e-03
1.655140000000000040e-03 -2.220750000000000068e-03
1.845269999999999983e-03 -2.113449999999999791e-03
1.697099999999999997e-03 -1.706980000000000086e-03
1.227739999999999951e-03 -1.051810000000000028e-03
5.236390000000000055e-04 -1.971619999999999937e-04
-2.835520000000000119e-04 7.870839999999999607e-04
-1.049900000000000095e-03 1.736740000000000072e-03
-1.647049999999999946e-03 2.427949999999999900e-03
-1.979359999999999887e-03 2.678369999999999796e-03
-1.990570000000000100e-03 2.388659999999999915e-03
-1.664429999999999946e-03 1.577419999999999951e-03
-1.027480000000000103e-03 4.136720000000000197e-04
-1.586889999999999980e-04 -8.078490000000000237e-04
8.034029999999999514e-04 -1.797980000000000021e-03
1.674389999999999993e-03 -2.420550000000000045e-03
2.265269999999999784e-03 -2.665190000000000007e-03
2.435049999999999801e-03 -2.516290000000000020e-03
2.130519999999999897e-03 -1.925520000000000009e-03
1.400769999999999967e-03 -9.289740000000000541e-04
3.857889999999999887e-04 2.979160000000000120e-04
-7.176930000000000419e-04 1.512349999999999979e-03
-1.702320000000000005e-03 2.474650000000000113e-03
-2.390290000000000210e-03 2.989669999999999828e-03
-2.655550000000000011e-03 2.906789999999999808e-03
-2.433530000000000155e-03 2.190590000000000072e-03
-1.733699999999999911e-03 9.985499999999999585e-04
-6.561819999999999459e-04 -3.741659999999999951e-04
6.059480000000000335e-04 -1.609530000000000075e-03
1.796269999999999985e-03 -2.479499999999999933e-03
2.654290000000000121e-03 -2.873399999999999913e-03
2.982129999999999937e-03 -2.740409999999999981e-03
2.694970000000000091e-03 -2.102240000000000011e-03
1.843800000000000040e-03 -1.085199999999999923e-03
6.046219999999999720e-04 1.586989999999999928e-04
-7.653840000000000296e-04 1.456889999999999965e-03
-1.988869999999999787e-03 2.546230000000000021e-03
-2.823490000000000114e-03 3.096709999999999914e-03
-3.100949999999999887e-03 2.900579999999999825e-03
-2.754379999999999849e-03 2.039130000000000109e-03
-1.835279999999999898e-03 7.876540000000000451e-04
-5.126090000000000247e-04 -5.449260000000000475e-04
9.516849999999999659e-04 -1.716639999999999963e-03
2.249380000000000043e-03 -2.540979999999999975e-03
3.088570000000000117e-03 -2.831090000000000082e-03
3.264180000000000206e-03 -2.518639999999999941e-03
2.720839999999999977e-03 -1.714430000000000077e-03
1.577990000000000035e-03 -5.955119999999999728e-04
9.820950000000000220e-05 6.231430000000000476e-04
-1.384690000000000053e-03 1.661750000000000033e-03
-2.545949999999999949e-03 2.296209999999999918e-03
-3.138499999999999797e-03 2.440330000000000103e-03
-3.040580000000000192e-03 2.079060000000000196e-03
-2.278360000000000107e-03 1.289919999999999956e-03
-1.022729999999999907e-03 2.481049999999999835e-04
4.436399999999999740e-04 -8.281099999999999572e-04
1.787710000000000080e-03 -1.663439999999999971e-03
2.702350000000000065e-03 -2.024109999999999972e-03
2.981469999999999954e-03 -1.904759999999999917e-03
2.573910000000000000e-03 -1.453770000000000062e-03
1.595410000000000014e-03 -8.188060000000000477e-04
2.946690000000000073e-04 -1.083459999999999957e-04
-1.010800000000000066e-03 5.607869999999999825e-04
-2.009899999999999794e-03 1.029689999999999989e-03
-2.473889999999999856e-03 1.246670000000000070e-03
-2.318880000000000160e-03 1.245650000000000056e-03
-1.627039999999999953e-03 1.039079999999999952e-03
-6.127650000000000327e-04 6.487230000000000297e-04
4.487849999999999934e-04 1.522999999999999886e-04
1.299519999999999972e-03 -3.328319999999999738e-04
1.760070000000000081e-03 -7.218510000000000247e-04
1.763379999999999939e-03 -9.234869999999999624e-04
1.357460000000000003e-03 -9.196020000000000496e-04
6.847500000000000288e-04 -8.097479999999999999e-04
-5.844540000000000119e-05 -6.356390000000000174e-04
-6.782020000000000366e-04 -3.632199999999999817e-04
-1.036779999999999950e-03 1.019119999999999994e-05
-1.082679999999999927e-03 3.686179999999999730e-04
-8.527709999999999978e-04 6.178509999999999905e-04
-4.557249999999999778e-04 7.889099999999999802e-04
-3.598679999999999907e-05 8.357360000000000093e-04
2.798030000000000178e-04 6.733149999999999595e-04
4.273389999999999958e-04 3.238089999999999892e-04
4.154900000000000216e-04 -1.110549999999999997e-04
3.050899999999999944e-04 -5.029659999999999817e-04
1.734910000000000098e-04 -7.514369999999999817e-04
8.159229999999999467e-05 -7.951090000000000067e-04
5.315009999999999787e-05 -6.324059999999999621e-04
7.192720000000000483e-05 -3.358319999999999925e-04
9.600800000000000642e-05 4.687779999999999695e-06
8.187740000000000317e-05 2.983799999999999994e-04
8.470990000000000019e-06 4.523759999999999934e-04
-1.112000000000000060e-04 4.636689999999999952e-04
-2.384940000000000107e-04 4.158569999999999997e-04
-3.285769999999999815e-04 3.381659999999999874e-04
-3.466259999999999979e-04 2.054900000000000129e-04
-2.785789999999999903e-04 4.737000000000000217e-05
-1.372939999999999903e-04 -7.908790000000000557e-05
4.104219999999999814e-05 -1.597219999999999998e-04
2.105200000000000105e-04 -2.105150000000000131e-04
3.306629999999999747e-04 -2.489799999999999913e-04
3.760619999999999783e-04 -2.784360000000000155e-04
3.401240000000000253e-04 -2.819960000000000153e-04
2.351320000000000114e-04 -2.362820000000000122e-04
8.891519999999999871e-05 -1.322809999999999893e-04
-6.305120000000000375e-05 1.458980000000000048e-05
-1.886120000000000027e-04 1.678949999999999909e-04
-2.676369999999999856e-04 2.848980000000000089e-04
-2.936920000000000199e-04 3.318180000000000001e-04
-2.694069999999999907e-04 2.970490000000000218e-04
-2.013250000000000011e-04 1.972200000000000125e-04
-9.908349999999999417e-05 6.728299999999999938e-05
2.190849999999999869e-05 -5.763079999999999717e-05
1.392710000000000020e-04 -1.542520000000000132e-04
2.275819999999999905e-04 -2.133030000000000006e-04
2.664319999999999861e-04 -2.353350000000000092e-04
2.480310000000000110e-04 -2.243000000000000039e-04
1.799229999999999916e-04 -1.823530000000000073e-04
8.147560000000000306e-05 -1.097040000000000054e-04
-2.354150000000000153e-05 -1.091029999999999954e-05
-1.142630000000000002e-04 9.765290000000000146e-05
-1.767499999999999865e-04 1.870460000000000113e-04
-2.042059999999999893e-04 2.284320000000000111e-04
-1.952989999999999880e-04 2.118470000000000064e-04
-1.529210000000000085e-04 1.504359999999999942e-04
-8.417820000000000662e-05 6.824550000000000245e-05
-7.597740000000000376e-07 -1.380010000000000023e-05
8.170980000000000159e-05 -8.397599999999999694e-05
1.463149999999999976e-04 -1.368060000000000044e-04
1.792499999999999931e-04 -1.673789999999999978e-04
1.742430000000000053e-04 -1.695579999999999917e-04
1.346300000000000036e-04 -1.395110000000000133e-04
7.172280000000000387e-05 -8.077189999999999826e-05
3.985880000000000219e-07 -5.882399999999999787e-06
-6.546459999999999660e-05 6.723810000000000257e-05
-1.154609999999999979e-04 1.219040000000000038e-04
-1.428289999999999974e-04 1.481040000000000037e-04
-1.439190000000000022e-04 1.440640000000000085e-04
-1.185209999999999991e-04 1.142840000000000056e-04
-7.099639999999999673e-05 6.646820000000000170e-05
-1.072499999999999981e-05 9.531559999999999252e-06
4.950230000000000206e-05 -4.699930000000000248e-05
9.694040000000000447e-05 -9.336430000000000326e-05
1.225359999999999937e-04 -1.208919999999999938e-04
1.229659999999999879e-04 -1.241989999999999945e-04
1.004370000000000008e-04 -1.030619999999999968e-04
6.102109999999999755e-05 -6.273250000000000289e-05
1.278459999999999953e-05 -1.241079999999999983e-05
-3.554799999999999914e-05 3.733830000000000130e-05
-7.552830000000000665e-05 7.708539999999999891e-05
-1.000409999999999998e-04 1.001949999999999987e-04
-1.046670000000000060e-04 1.035489999999999940e-04
-8.891840000000000572e-05 8.762350000000000564e-05
-5.660750000000000308e-05 5.617410000000000144e-05
-1.496339999999999975e-05 1.557789999999999869e-05
2.725270000000000082e-05 -2.625170000000000143e-05
6.187020000000000269e-05 -6.133070000000000557e-05
8.292900000000000510e-05 -8.319249999999999334e-05
8.747169999999999804e-05 -8.819360000000000209e-05
7.563629999999999952e-05 -7.617260000000000318e-05
5.034330000000000299e-05 -5.030590000000000230e-05
1.673940000000000104e-05 -1.625700000000000037e-05
-1.863380000000000106e-05 1.910579999999999925e-05
