-4.501470000000000007e-08 7.223380000000000457e-07
-2.452739999999999767e-07 2.446029999999999940e-06
-6.251049999999999849e-07 3.848750000000000208e-06
-1.199579999999999999e-06 6.594620000000000059e-06
-2.503710000000000123e-06 1.629300000000000138e-05
-5.708199999999999829e-06 3.741689999999999746e-05
-1.171330000000000015e-05 6.634150000000000171e-05
-1.991419999999999985e-05 8.790590000000000144e-05
-2.812850000000000013e-05 8.824280000000000155e-05
-3.351989999999999733e-05 6.051169999999999867e-05
-3.260090000000000156e-05 3.357399999999999822e-06
-2.146349999999999872e-05 -6.775839999999999825e-05
1.587200000000000025e-06 -1.257750000000000079e-04
3.367769999999999775e-05 -1.563129999999999923e-04
6.843899999999999983e-05 -1.692510000000000097e-04
9.862020000000000150e-05 -1.852799999999999879e-04
1.176059999999999985e-04 -2.145229999999999923e-04
1.209030000000000044e-04 -2.472229999999999740e-04
1.083200000000000064e-04 -2.568310000000000081e-04
8.380970000000000498e-05 -2.111810000000000098e-04
5.187590000000000251e-05 -1.009700000000000040e-04
1.499240000000000066e-05 3.837010000000000046e-05
-2.583120000000000096e-05 1.573120000000000009e-04
-7.005860000000000039e-05 2.373470000000000029e-04
-1.158189999999999968e-04 2.879970000000000143e-04
-1.559540000000000047e-04 3.182950000000000145e-04
-1.779619999999999878e-04 3.311939999999999871e-04
-1.726010000000000098e-04 3.290340000000000213e-04
-1.428040000000000104e-04 3.138150000000000032e-04
-1.019640000000000016e-04 2.879490000000000174e-04
-6.338270000000000557e-05 2.469479999999999809e-04
-3.138680000000000246e-05 1.683730000000000090e-04
-1.812359999999999958e-06 3.907800000000000092e-05
2.992570000000000047e-05 -1.153390000000000014e-04
6.413340000000000501e-05 -2.616480000000000129e-04
1.004010000000000032e-04 -3.820739999999999878e-04
1.396149999999999974e-04 -4.632330000000000150e-04
1.789980000000000097e-04 -4.976899999999999597e-04
2.092270000000000078e-04 -4.908339999999999969e-04
2.195339999999999889e-04 -4.538610000000000105e-04
2.044650000000000016e-04 -3.961149999999999979e-04
1.652529999999999982e-04 -3.183710000000000186e-04
1.071519999999999932e-04 -2.147949999999999924e-04
3.780979999999999839e-05 -8.696839999999999898e-05
-3.347830000000000098e-05 6.020519999999999745e-05
-9.851179999999999421e-05 2.178450000000000124e-04
-1.522589999999999935e-04 3.603559999999999901e-04
-1.913910000000000112e-04 4.557669999999999885e-04
-2.128859999999999943e-04 4.933420000000000210e-04
-2.158600000000000102e-04 4.950010000000000130e-04
-2.027949999999999989e-04 4.856829999999999915e-04
-1.765749999999999958e-04 4.589290000000000101e-04
-1.378999999999999909e-04 3.844590000000000268e-04
-8.766760000000000069e-05 2.395230000000000037e-04
-3.052879999999999814e-05 4.585649999999999709e-05
2.664240000000000092e-05 -1.415830000000000029e-04
8.195100000000000193e-05 -3.041009999999999807e-04
1.410799999999999977e-04 -4.557130000000000057e-04
2.061329999999999998e-04 -5.847880000000000396e-04
2.643979999999999985e-04 -6.613119999999999459e-04
2.950319999999999766e-04 -6.530989999999999756e-04
2.851740000000000178e-04 -5.459189999999999616e-04
2.368980000000000077e-04 -3.802069999999999734e-04
1.611600000000000088e-04 -2.159709999999999961e-04
6.790860000000000234e-05 -7.446370000000000332e-05
-3.647910000000000112e-05 7.307620000000000348e-05
-1.430960000000000001e-04 2.618230000000000036e-04
-2.354579999999999943e-04 4.753219999999999733e-04
-2.950319999999999766e-04 6.520439999999999526e-04
-3.141539999999999741e-04 7.386200000000000534e-04
-3.011159999999999813e-04 7.238810000000000036e-04
-2.694729999999999999e-04 6.303720000000000287e-04
-2.233459999999999992e-04 4.835269999999999803e-04
-1.558479999999999891e-04 2.918180000000000036e-04
-6.097789999999999770e-05 4.750260000000000154e-05
5.565889999999999662e-05 -2.446160000000000175e-04
1.767849999999999955e-04 -5.320859999999999739e-04
2.816490000000000269e-04 -7.388639999999999921e-04
3.556680000000000106e-04 -8.271240000000000449e-04
3.931849999999999972e-04 -8.064110000000000418e-04
3.906509999999999974e-04 -7.059450000000000317e-04
3.409169999999999887e-04 -5.516279999999999708e-04
2.394879999999999947e-04 -3.609349999999999993e-04
9.489150000000000449e-05 -1.171010000000000025e-04
-7.084810000000000359e-05 1.944659999999999911e-04
-2.283940000000000091e-04 5.066880000000000385e-04
-3.499020000000000255e-04 7.416459999999999936e-04
-4.206169999999999744e-04 8.645770000000000538e-04
-4.413040000000000018e-04 8.753339999999999645e-04
-4.171579999999999928e-04 8.012349999999999681e-04
-3.482900000000000145e-04 6.601380000000000008e-04
-2.331760000000000050e-04 4.386910000000000050e-04
-7.936049999999999344e-05 1.216200000000000045e-04
9.298349999999999498e-05 -2.836259999999999845e-04
2.590350000000000161e-04 -7.107660000000000453e-04
3.962460000000000006e-04 -1.008449999999999928e-03
4.861450000000000016e-04 -1.075629999999999946e-03
5.175380000000000041e-04 -9.395459999999999793e-04
4.853370000000000188e-04 -6.963759999999999612e-04
3.842939999999999768e-04 -4.353030000000000029e-04
2.110299999999999904e-04 -1.595289999999999968e-04
-2.060090000000000125e-05 1.641199999999999940e-04
-2.660440000000000027e-04 5.078920000000000223e-04
-4.641800000000000179e-04 8.218750000000000144e-04
-5.748119999999999575e-04 1.060020000000000059e-03
-5.956029999999999961e-04 1.142180000000000018e-03
-5.419780000000000344e-04 1.015199999999999957e-03
-4.230990000000000228e-04 6.774370000000000261e-04
-2.406569999999999966e-04 1.873049999999999965e-04
-4.892589999999999687e-06 -3.285739999999999885e-04
2.566609999999999877e-04 -7.865980000000000064e-04
5.042319999999999658e-04 -1.122189999999999906e-03
6.898009999999999775e-04 -1.258470000000000031e-03
7.650310000000000010e-04 -1.175400000000000056e-03
7.025990000000000403e-04 -9.207030000000000379e-04
5.133229999999999911e-04 -5.830679999999999544e-04
2.385149999999999890e-04 -2.107680000000000122e-04
-7.388779999999999415e-05 2.190849999999999937e-04
-3.802699999999999895e-04 7.032250000000000306e-04
-6.333689999999999459e-04 1.137900000000000066e-03
-7.842570000000000097e-04 1.395240000000000065e-03
-8.050740000000000240e-04 1.399070000000000088e-03
-7.009009999999999763e-04 1.129159999999999929e-03
-4.927739999999999681e-04 6.148390000000000539e-04
-1.998160000000000127e-04 -5.714420000000000084e-05
1.517430000000000005e-04 -7.260879999999999505e-04
5.097590000000000367e-04 -1.220799999999999967e-03
8.018640000000000056e-04 -1.452579999999999974e-03
9.628529999999999511e-04 -1.426909999999999984e-03
9.536209999999999826e-04 -1.187300000000000074e-03
7.646699999999999548e-04 -7.846720000000000387e-04
4.207209999999999856e-04 -2.798550000000000234e-04
-1.555100000000000069e-05 2.873330000000000220e-04
-4.576669999999999805e-04 8.817220000000000396e-04
-8.207600000000000225e-04 1.396490000000000014e-03
-1.039750000000000093e-03 1.683809999999999994e-03
-1.078530000000000070e-03 1.643329999999999921e-03
-9.316840000000000061e-04 1.241839999999999914e-03
-6.181420000000000187e-04 5.303379999999999900e-04
-1.768019999999999921e-04 -3.328070000000000138e-04
3.280140000000000074e-04 -1.108370000000000015e-03
8.047700000000000079e-04 -1.595709999999999967e-03
1.153850000000000101e-03 -1.750679999999999901e-03
1.296779999999999981e-03 -1.632949999999999983e-03
1.191699999999999964e-03 -1.276989999999999983e-03
8.386949999999999787e-04 -6.783969999999999627e-04
2.924539999999999887e-04 9.935760000000000566e-05
-3.328200000000000017e-04 8.997249999999999822e-04
-8.963009999999999554e-04 1.552889999999999913e-03
-1.283999999999999985e-03 1.923170000000000088e-03
-1.433730000000000030e-03 1.925449999999999991e-03
-1.321590000000000091e-03 1.512399999999999899e-03
-9.500179999999999562e-04 7.279380000000000225e-04
-3.642590000000000237e-04 -2.452450000000000008e-04
3.306170000000000094e-04 -1.156829999999999968e-03
9.879439999999999316e-04 -1.784159999999999913e-03
1.462729999999999976e-03 -2.010640000000000170e-03
1.647529999999999915e-03 -1.833449999999999924e-03
1.489429999999999921e-03 -1.302699999999999952e-03
1.002300000000000023e-03 -5.238379999999999946e-04
2.788180000000000129e-04 3.365630000000000097e-04
-5.226229999999999461e-04 1.146179999999999899e-03
-1.225600000000000083e-03 1.802629999999999944e-03
-1.681980000000000020e-03 2.152219999999999828e-03
-1.792090000000000089e-03 2.011199999999999880e-03
-1.518929999999999933e-03 1.330940000000000074e-03
-9.096269999999999833e-04 3.075360000000000181e-04
-9.398870000000000358e-05 -7.564219999999999755e-04
7.566129999999999470e-04 -1.602990000000000101e-03
1.473069999999999935e-03 -2.085309999999999941e-03
1.905709999999999913e-03 -2.138680000000000008e-03
1.936280000000000076e-03 -1.721349999999999963e-03
1.518629999999999980e-03 -9.112779999999999579e-04
7.280509999999999586e-04 7.733170000000000365e-05
-2.456010000000000224e-04 1.031159999999999933e-03
-1.168540000000000030e-03 1.760030000000000101e-03
-1.831259999999999919e-03 2.069099999999999932e-03
-2.083799999999999802e-03 1.881110000000000074e-03
-1.863099999999999912e-03 1.286250000000000067e-03
-1.212409999999999920e-03 4.233749999999999775e-04
-2.732939999999999892e-04 -5.313369999999999985e-04
7.445600000000000135e-04 -1.370679999999999989e-03
1.606210000000000060e-03 -1.914469999999999930e-03
2.102140000000000172e-03 -1.994380000000000024e-03
2.100149999999999847e-03 -1.538160000000000005e-03
1.591559999999999893e-03 -7.143639999999999929e-04
7.042899999999999942e-04 1.925080000000000075e-04
-3.408090000000000229e-04 9.562890000000000322e-04
-1.298110000000000106e-03 1.445309999999999997e-03
-1.945340000000000047e-03 1.581610000000000004e-03
-2.116890000000000178e-03 1.316530000000000001e-03
-1.753690000000000023e-03 7.563160000000000412e-04
-9.476489999999999523e-04 9.049750000000000556e-05
8.033679999999999966e-05 -5.432860000000000293e-04
1.061639999999999980e-03 -1.035609999999999959e-03
1.755859999999999930e-03 -1.280539999999999934e-03
1.998090000000000109e-03 -1.217439999999999972e-03
1.736389999999999982e-03 -8.903980000000000358e-04
1.050369999999999906e-03 -3.657910000000000219e-04
1.277379999999999889e-04 2.268209999999999888e-04
-7.883659999999999800e-04 6.788830000000000255e-04
-1.465369999999999910e-03 8.938140000000000451e-04
-1.746189999999999895e-03 9.034569999999999797e-04
-1.583399999999999998e-03 7.608079999999999704e-04
-1.034149999999999956e-03 4.583209999999999780e-04
-2.434670000000000052e-04 5.013159999999999958e-05
5.736660000000000197e-04 -2.959840000000000040e-04
1.190150000000000062e-03 -5.340219999999999906e-04
1.456629999999999991e-03 -6.965689999999999642e-04
1.343779999999999931e-03 -7.562110000000000143e-04
9.181789999999999787e-04 -6.769260000000000034e-04
3.074080000000000085e-04 -4.564629999999999968e-04
-3.245149999999999923e-04 -1.330199999999999970e-04
-8.158399999999999680e-04 2.419319999999999869e-04
-1.059239999999999921e-03 5.941230000000000035e-04
-1.029680000000000048e-03 8.196310000000000271e-04
-7.735199999999999802e-04 8.526999999999999641e-04
-3.798820000000000061e-04 6.790519999999999759e-04
4.857279999999999682e-05 3.136330000000000107e-04
4.180030000000000160e-04 -1.368639999999999961e-04
6.565839999999999871e-04 -5.045979999999999823e-04
7.286179999999999957e-04 -7.104260000000000045e-04
6.446429999999999738e-04 -7.590389999999999811e-04
4.465690000000000132e-04 -6.374529999999999563e-04
1.815150000000000129e-04 -3.534659999999999799e-04
-1.024580000000000006e-04 1.051159999999999944e-05
-3.489219999999999908e-04 3.454500000000000214e-04
-5.046750000000000021e-04 5.641500000000000247e-04
-5.428499999999999949e-04 6.199890000000000435e-04
-4.691399999999999976e-04 5.179569999999999877e-04
-3.089289999999999961e-04 3.079429999999999754e-04
-9.566479999999999927e-05 5.903509999999999997e-05
1.304339999999999916e-04 -1.680560000000000051e-04
3.233140000000000016e-04 -3.352300000000000006e-04
4.404890000000000173e-04 -4.237059999999999850e-04
4.565220000000000042e-04 -4.284019999999999820e-04
3.713589999999999795e-04 -3.546239999999999983e-04
2.095780000000000050e-04 -2.160110000000000025e-04
1.239749999999999946e-05 -3.644129999999999955e-05
-1.739629999999999877e-04 1.492499999999999957e-04
-3.101700000000000203e-04 3.011690000000000027e-04
-3.722880000000000243e-04 3.841000000000000122e-04
-3.543309999999999928e-04 3.771919999999999895e-04
-2.657679999999999938e-04 2.816389999999999779e-04
-1.275380000000000112e-04 1.232989999999999997e-04
3.134690000000000306e-05 -5.374719999999999932e-05
1.778430000000000115e-04 -2.027549999999999925e-04
2.811879999999999783e-04 -2.914300000000000202e-04
3.203470000000000146e-04 -3.112750000000000174e-04
2.892910000000000056e-04 -2.720549999999999965e-04
1.977539999999999908e-04 -1.876609999999999910e-04
6.808829999999999657e-05 -7.154079999999999782e-05
-6.982469999999999573e-05 5.810699999999999779e-05
-1.850870000000000119e-04 1.757490000000000007e-04
-2.534099999999999742e-04 2.534470000000000147e-04
-2.632919999999999857e-04 2.711549999999999746e-04
-2.175799999999999870e-04 2.256199999999999981e-04
-1.302660000000000027e-04 1.318810000000000067e-04
-2.153509999999999986e-05 1.650140000000000095e-05
8.629490000000000619e-05 -9.267369999999999330e-05
1.718359999999999994e-04 -1.741160000000000114e-04
2.179639999999999887e-04 -2.150710000000000013e-04
2.156270000000000007e-04 -2.108719999999999963e-04
1.666729999999999948e-04 -1.642159999999999876e-04
8.389039999999999898e-05 -8.526070000000000176e-05
-1.240350000000000076e-05 9.003060000000000839e-06
-1.000689999999999935e-04 9.772039999999999362e-05
-1.608760000000000094e-04 1.612739999999999877e-04
-1.842170000000000016e-04 1.865589999999999870e-04
-1.681270000000000117e-04 1.701829999999999934e-04
-1.183550000000000010e-04 1.185139999999999973e-04
-4.659549999999999798e-05 4.506579999999999804e-05
3.166400000000000041e-05 -3.334190000000000005e-05
9.986510000000000037e-05 -1.003090000000000047e-04
1.437479999999999932e-04 -1.428249999999999886e-04
1.546949999999999953e-04 -1.533980000000000109e-04
1.318389999999999959e-04 -1.312800000000000035e-04
8.203969999999999991e-05 -8.253249999999999627e-05
1.772119999999999899e-05 -1.867880000000000148e-05
-4.650019999999999908e-05 4.593089999999999760e-05
-9.721920000000000594e-05 9.742599999999999860e-05
-1.248180000000000101e-04 1.254960000000000060e-04
-1.249439999999999882e-04 1.254620000000000127e-04
-9.895429999999999547e-05 9.892420000000000401e-05
-5.344310000000000336e-05 5.298750000000000047e-05
1.166169999999999966e-06 -1.603280000000000047e-06
5.285190000000000130e-05 -5.292159999999999828e-05
9.067260000000000326e-05 -9.038530000000000349e-05
1.072110000000000006e-04 -1.068619999999999943e-04
1.000910000000000010e-04 -9.997290000000000636e-05
