-4.437939999999999835e-08 7.240600000000000395e-07
-2.434250000000000241e-07 2.454720000000000106e-06
-6.259770000000000208e-07 3.868620000000000240e-06
-1.209619999999999948e-06 6.629559999999999762e-06
-2.520949999999999979e-06 1.636720000000000145e-05
-5.730230000000000192e-06 3.759120000000000018e-05
-1.177499999999999992e-05 6.669100000000000234e-05
-2.011009999999999911e-05 8.846580000000000264e-05
-2.856300000000000080e-05 8.897249999999999560e-05
-3.420969999999999876e-05 6.130120000000000187e-05
-3.343109999999999913e-05 4.025640000000000305e-06
-2.220999999999999911e-05 -6.745029999999999353e-05
1.221700000000000094e-06 -1.260289999999999956e-04
3.397340000000000239e-05 -1.572020000000000036e-04
6.949999999999999527e-05 -1.707509999999999920e-04
1.002999999999999985e-04 -1.873490000000000116e-04
1.196329999999999979e-04 -2.170809999999999905e-04
1.230509999999999981e-04 -2.500900000000000128e-04
1.104510000000000035e-04 -2.597259999999999998e-04
8.579560000000000235e-05 -2.137510000000000072e-04
5.353480000000000115e-05 -1.028060000000000047e-04
1.604509999999999991e-05 3.764810000000000297e-05
-2.573570000000000163e-05 1.578879999999999899e-04
-7.115949999999999522e-05 2.391820000000000014e-04
-1.180540000000000051e-04 2.909519999999999750e-04
-1.590130000000000037e-04 3.221599999999999919e-04
-1.814899999999999988e-04 3.356009999999999874e-04
-1.762339999999999935e-04 3.335020000000000063e-04
-1.460950000000000031e-04 3.179049999999999996e-04
-1.044740000000000030e-04 2.913379999999999811e-04
-6.488999999999999705e-05 2.493880000000000185e-04
-3.197730000000000299e-05 1.696719999999999977e-04
-1.710090000000000088e-06 3.912319999999999839e-05
3.061630000000000026e-05 -1.165380000000000013e-04
6.548990000000000464e-05 -2.639820000000000079e-04
1.024979999999999934e-04 -3.854449999999999934e-04
1.423969999999999988e-04 -4.675519999999999850e-04
1.823620000000000135e-04 -5.027109999999999782e-04
2.130439999999999884e-04 -4.961170000000000206e-04
2.235200000000000012e-04 -4.589549999999999858e-04
2.081530000000000110e-04 -4.006840000000000011e-04
1.681890000000000121e-04 -3.221070000000000248e-04
1.090800000000000059e-04 -2.173350000000000054e-04
3.862780000000000309e-05 -8.800869999999999646e-05
-3.383150000000000295e-05 6.077000000000000262e-05
-1.000250000000000054e-04 2.199559999999999927e-04
-1.547940000000000091e-04 3.638800000000000194e-04
-1.947480000000000131e-04 4.604330000000000011e-04
-2.168460000000000038e-04 4.986949999999999543e-04
-2.200880000000000111e-04 5.005489999999999809e-04
-2.068220000000000063e-04 4.910669999999999792e-04
-1.800190000000000123e-04 4.638609999999999825e-04
-1.406500000000000035e-04 3.885550000000000093e-04
-8.973329999999999685e-05 2.423129999999999956e-04
-3.174780000000000120e-05 4.697899999999999862e-05
2.663819999999999849e-05 -1.422499999999999882e-04
8.341390000000000447e-05 -3.065319999999999850e-04
1.438950000000000038e-04 -4.598919999999999939e-04
2.100220000000000027e-04 -5.905969999999999970e-04
2.692279999999999912e-04 -6.683000000000000355e-04
3.006749999999999766e-04 -6.605380000000000106e-04
2.911300000000000129e-04 -5.530140000000000012e-04
2.422640000000000102e-04 -3.861819999999999966e-04
1.649780000000000051e-04 -2.201170000000000069e-04
6.956170000000000181e-05 -7.627729999999999558e-05
-3.709130000000000180e-05 7.379889999999999573e-05
-1.456800000000000011e-04 2.650360000000000151e-04
-2.396119999999999956e-04 4.807880000000000053e-04
-3.004279999999999906e-04 6.592959999999999706e-04
-3.204319999999999976e-04 7.469479999999999913e-04
-3.076940000000000122e-04 7.324189999999999954e-04
-2.755899999999999821e-04 6.382179999999999668e-04
-2.283189999999999937e-04 4.898460000000000531e-04
-1.592309999999999939e-04 2.959479999999999793e-04
-6.250860000000000661e-05 4.898660000000000292e-05
5.617939999999999951e-05 -2.460849999999999995e-04
1.795400000000000056e-04 -5.366480000000000295e-04
2.867349999999999847e-04 -7.462789999999999745e-04
3.628629999999999985e-04 -8.366310000000000066e-04
4.017170000000000029e-04 -8.168760000000000170e-04
3.993099999999999970e-04 -7.161090000000000380e-04
3.484459999999999771e-04 -5.602650000000000035e-04
2.448880000000000176e-04 -3.670079999999999935e-04
9.750160000000000174e-05 -1.198630000000000008e-04
-7.132279999999999415e-05 1.955290000000000044e-04
-2.319680000000000125e-04 5.117449999999999733e-04
-3.563899999999999946e-04 7.502140000000000241e-04
-4.294340000000000223e-04 8.755339999999999694e-04
-4.512760000000000209e-04 8.872720000000000390e-04
-4.268019999999999974e-04 8.127240000000000202e-04
-3.563230000000000238e-04 6.698299999999999480e-04
-2.387649999999999950e-04 4.454190000000000124e-04
-8.201389999999999755e-05 1.244840000000000096e-04
9.357950000000000079e-05 -2.852290000000000164e-04
2.630490000000000085e-04 -7.170909999999999958e-04
4.036819999999999883e-04 -1.019050000000000077e-03
4.966460000000000015e-04 -1.089059999999999985e-03
5.299169999999999749e-04 -9.537319999999999956e-04
4.974810000000000300e-04 -7.092939999999999618e-04
3.939069999999999811e-04 -4.452959999999999731e-04
2.165600000000000001e-04 -1.652120000000000032e-04
-1.974869999999999949e-05 1.637999999999999970e-04
-2.699530000000000224e-04 5.132700000000000240e-04
-4.726029999999999879e-04 8.323449999999999599e-04
-5.867830000000000094e-04 1.074309999999999979e-03
-6.093640000000000428e-04 1.158540000000000004e-03
-5.555739999999999767e-04 1.031229999999999951e-03
-4.347740000000000220e-04 6.903770000000000479e-04
-2.487179999999999860e-04 1.948560000000000060e-04
-7.678529999999999817e-06 -3.276369999999999803e-04
2.601999999999999821e-04 -7.925239999999999629e-04
5.139260000000000529e-04 -1.134550000000000012e-03
7.043839999999999563e-04 -1.275910000000000108e-03
7.825599999999999614e-04 -1.195270000000000013e-03
7.204330000000000326e-04 -9.396569999999999923e-04
5.282000000000000453e-04 -5.980789999999999501e-04
2.474779999999999775e-04 -2.196160000000000061e-04
-7.232470000000000229e-05 2.179390000000000016e-04
-3.859719999999999969e-04 7.104989999999999613e-04
-6.454050000000000455e-04 1.152870000000000067e-03
-8.013090000000000490e-04 1.415569999999999893e-03
-8.249579999999999847e-04 1.421549999999999940e-03
-7.204149999999999660e-04 1.150399999999999990e-03
-5.085699999999999639e-04 6.313650000000000512e-04
-2.092709999999999959e-04 -4.865759999999999980e-05
1.504669999999999944e-04 -7.277440000000000037e-04
5.177330000000000387e-04 -1.232550000000000008e-03
8.186629999999999645e-04 -1.472449999999999931e-03
9.858519999999999523e-04 -1.451800000000000052e-03
9.785340000000000878e-04 -1.213380000000000014e-03
7.869370000000000314e-04 -8.074729999999999581e-04
4.364269999999999738e-04 -2.950709999999999943e-04
-9.333360000000000031e-06 2.826710000000000182e-04
-4.623760000000000196e-04 8.887149999999999911e-04
-8.358550000000000398e-04 1.414450000000000039e-03
-1.062870000000000047e-03 1.710160000000000066e-03
-1.106049999999999915e-03 1.673669999999999932e-03
-9.591289999999999712e-04 1.270709999999999982e-03
-6.406470000000000480e-04 5.522399999999999575e-04
-1.899070000000000098e-04 -3.222950000000000034e-04
3.274880000000000195e-04 -1.111690000000000031e-03
8.178989999999999698e-04 -1.612609999999999998e-03
1.178889999999999929e-03 -1.778379999999999978e-03
1.329150000000000080e-03 -1.666809999999999906e-03
1.225170000000000035e-03 -1.311190000000000055e-03
8.670760000000000446e-04 -7.064950000000000179e-04
3.105539999999999950e-04 8.320910000000000264e-05
-3.288729999999999800e-04 8.991090000000000410e-04
-9.082050000000000366e-04 1.568289999999999962e-03
-1.310160000000000101e-03 1.952189999999999915e-03
-1.469320000000000088e-03 1.963219999999999896e-03
-1.359980000000000000e-03 1.551920000000000036e-03
-9.841679999999998919e-04 7.611399999999999937e-04
-3.874630000000000001e-04 -2.253489999999999866e-04
3.238189999999999840e-04 -1.154379999999999989e-03
1.000049999999999941e-03 -1.799910000000000052e-03
1.491960000000000074e-03 -2.042079999999999937e-03
1.688159999999999964e-03 -1.874980000000000049e-03
1.533400000000000084e-03 -1.346200000000000088e-03
1.040850000000000065e-03 -5.602880000000000403e-04
3.038849999999999950e-04 3.147669999999999765e-04
-5.167350000000000458e-04 1.143570000000000003e-03
-1.240540000000000045e-03 1.820250000000000036e-03
-1.714900000000000105e-03 2.187419999999999816e-03
-1.836820000000000076e-03 2.057370000000000206e-03
-1.567140000000000069e-03 1.378340000000000034e-03
-9.515549999999999790e-04 3.459170000000000018e-04
-1.200060000000000026e-04 -7.350660000000000397e-04
7.530189999999999540e-04 -1.603159999999999958e-03
1.492990000000000029e-03 -2.107550000000000135e-03
1.944970000000000076e-03 -2.179099999999999787e-03
1.987050000000000188e-03 -1.771659999999999988e-03
1.570769999999999979e-03 -9.606210000000000443e-04
7.703579999999999586e-04 3.943690000000000184e-05
-2.230009999999999881e-04 1.012590000000000061e-03
-1.171039999999999928e-03 1.765049999999999996e-03
-1.858370000000000031e-03 2.097289999999999918e-03
-2.129810000000000210e-03 1.926519999999999925e-03
-1.918299999999999953e-03 1.338699999999999959e-03
-1.264670000000000074e-03 4.714019999999999972e-04
-3.108210000000000248e-04 -4.979119999999999857e-04
7.301360000000000445e-04 -1.359100000000000022e-03
1.617960000000000101e-03 -1.927550000000000097e-03
2.137560000000000154e-03 -2.029439999999999977e-03
2.151769999999999898e-03 -1.587209999999999923e-03
1.647990000000000002e-03 -7.662250000000000441e-04
7.523669999999999880e-04 1.491700000000000101e-04
-3.123320000000000176e-04 9.305920000000000511e-04
-1.295240000000000020e-03 1.442649999999999965e-03
-1.967819999999999899e-03 1.602329999999999900e-03
-2.159110000000000109e-03 1.355340000000000017e-03
-1.805949999999999960e-03 8.037349999999999746e-04
-9.976860000000000155e-04 1.358639999999999989e-04
4.427459999999999789e-05 -5.095240000000000229e-04
1.047240000000000063e-03 -1.020590000000000039e-03
1.765139999999999895e-03 -1.287399999999999959e-03
2.027940000000000211e-03 -1.243940000000000020e-03
1.779570000000000067e-03 -9.295829999999999935e-04
1.096689999999999991e-03 -4.084110000000000171e-04
1.664729999999999899e-04 1.900580000000000021e-04
-7.656520000000000209e-04 6.555410000000000447e-04
-1.462799999999999994e-03 8.881870000000000260e-04
-1.762880000000000089e-03 9.158200000000000238e-04
-1.614170000000000058e-03 7.876400000000000415e-04
-1.071389999999999973e-03 4.930960000000000508e-04
-2.789749999999999912e-04 8.479259999999999857e-05
5.473869999999999821e-04 -2.687449999999999757e-04
1.178350000000000100e-03 -5.191240000000000394e-04
1.460630000000000088e-03 -6.963930000000000120e-04
1.360990000000000073e-03 -7.704539999999999523e-04
9.439750000000000007e-04 -7.020750000000000298e-04
3.365069999999999954e-04 -4.865229999999999902e-04
-2.977340000000000195e-04 -1.615780000000000037e-04
-7.965949999999999854e-04 2.202290000000000085e-04
-1.050890000000000071e-03 5.832440000000000150e-04
-1.033070000000000082e-03 8.217120000000000500e-04
-7.874439999999999912e-04 8.671520000000000486e-04
-4.016520000000000095e-04 7.024779999999999783e-04
2.302950000000000033e-05 3.408600000000000128e-04
3.937589999999999819e-04 -1.114789999999999943e-04
6.387059999999999526e-04 -4.860520000000000010e-04
7.208149999999999757e-04 -7.022859999999999910e-04
6.482729999999999916e-04 -7.629489999999999623e-04
4.606400000000000078e-04 -6.526089999999999582e-04
2.032469999999999871e-04 -3.763969999999999946e-04
-7.738179999999999831e-05 -1.496370000000000041e-05
-3.259879999999999831e-04 3.228489999999999984e-04
-4.891700000000000345e-04 5.489709999999999859e-04
-5.381220000000000361e-04 6.153340000000000415e-04
-4.758310000000000187e-04 5.247669999999999852e-04
-3.252589999999999973e-04 3.244650000000000182e-04
-1.179579999999999979e-04 8.127869999999999821e-05
1.071490000000000002e-04 -1.450640000000000057e-04
3.042359999999999921e-04 -3.162959999999999817e-04
4.296810000000000082e-04 -4.127169999999999992e-04
4.559710000000000022e-04 -4.276239999999999837e-04
3.807920000000000228e-04 -3.640629999999999734e-04
2.267190000000000091e-04 -2.333149999999999981e-04
3.341829999999999817e-05 -5.756699999999999957e-05
-1.536940000000000094e-04 1.289790000000000131e-04
-2.950310000000000150e-04 2.860450000000000167e-04
-3.653810000000000174e-04 3.772070000000000089e-04
-3.568649999999999925e-04 3.797849999999999967e-04
-2.769250000000000227e-04 2.928669999999999863e-04
-1.447029999999999866e-04 1.404459999999999899e-04
1.204059999999999954e-05 -3.456559999999999987e-05
1.606699999999999914e-04 -1.857010000000000030e-04
2.698290000000000215e-04 -2.800759999999999795e-04
3.170499999999999816e-04 -3.078919999999999856e-04
2.944509999999999901e-04 -2.771490000000000260e-04
2.099600000000000023e-04 -1.998849999999999878e-04
8.451859999999999408e-05 -8.803110000000000492e-05
-5.278909999999999912e-05 4.104140000000000316e-05
-1.711069999999999865e-04 1.617850000000000104e-04
-2.454029999999999948e-04 2.454690000000000040e-04
-2.627950000000000208e-04 2.706729999999999748e-04
-2.244489999999999918e-04 2.324919999999999960e-04
-1.427749999999999874e-04 1.443810000000000124e-04
-3.681020000000000207e-05 3.175450000000000234e-05
7.162090000000000405e-05 -7.801850000000000527e-05
1.608830000000000112e-04 -1.631539999999999900e-04
2.129379999999999999e-04 -2.100150000000000009e-04
2.173870000000000110e-04 -2.126139999999999942e-04
1.746100000000000104e-04 -1.721659999999999911e-04
9.610569999999999703e-05 -9.750369999999999957e-05
1.341470000000000007e-06 -4.753649999999999795e-06
-8.778870000000000195e-05 8.545219999999999476e-05
-1.526449999999999997e-04 1.530609999999999902e-04
-1.816540000000000060e-04 1.840040000000000089e-04
-1.715730000000000055e-04 1.736239999999999897e-04
-1.268540000000000021e-04 1.270010000000000128e-04
-5.815079999999999896e-05 5.661169999999999874e-05
1.962639999999999898e-05 -2.130439999999999884e-05
8.992810000000000387e-05 -9.036260000000000115e-05
1.379540000000000009e-04 -1.370210000000000015e-04
1.541299999999999897e-04 -1.528310000000000009e-04
1.364349999999999905e-04 -1.358839999999999885e-04
9.062869999999999509e-05 -9.113089999999999852e-05
2.832549999999999841e-05 -2.928559999999999960e-05
-3.621749999999999671e-05 3.565380000000000074e-05
-8.943959999999999660e-05 8.965380000000000549e-05
-1.211070000000000045e-04 1.217870000000000047e-04
-1.259389999999999880e-04 1.264539999999999924e-04
-1.042669999999999963e-04 1.042309999999999987e-04
-6.177970000000000076e-05 6.132109999999999807e-05
-8.305110000000000178e-06 7.869490000000000781e-06
4.430619999999999941e-05 -4.437160000000000052e-05
8.483760000000000238e-05 -8.454700000000000214e-05
1.052259999999999985e-04 -1.048779999999999943e-04
1.022320000000000065e-04 -1.021169999999999982e-04
