-4.251519999999999811e-08 7.286149999999999900e-07
-2.375920000000000009e-07 2.477720000000000140e-06
-6.264520000000000035e-07 3.921249999999999938e-06
-1.234549999999999894e-06 6.722019999999999890e-06
-2.564749999999999881e-06 1.656399999999999930e-05
-5.781149999999999698e-06 3.805500000000000072e-05
-1.192060000000000069e-05 6.762259999999999864e-05
-2.061280000000000024e-05 8.995759999999999401e-05
-2.973189999999999904e-05 9.092150000000000015e-05
-3.612040000000000064e-05 6.343230000000000591e-05
-3.577659999999999895e-05 5.883099999999999628e-06
-2.435319999999999919e-05 -6.649849999999999360e-05
1.345929999999999930e-07 -1.265650000000000054e-04
3.475029999999999829e-05 -1.594990000000000123e-04
7.244819999999999526e-05 -1.748110000000000039e-04
1.049980000000000000e-04 -1.930699999999999929e-04
1.252640000000000123e-04 -2.242029999999999945e-04
1.289440000000000041e-04 -2.580300000000000215e-04
1.162379999999999940e-04 -2.676299999999999838e-04
9.119829999999999723e-05 -2.206540000000000053e-04
5.811349999999999849e-05 -1.076909999999999960e-04
1.903200000000000006e-05 3.568349999999999810e-05
-2.536470000000000128e-05 1.593069999999999979e-04
-7.414060000000000637e-05 2.439719999999999877e-04
-1.242439999999999983e-04 2.988859999999999976e-04
-1.675070000000000075e-04 3.327520000000000152e-04
-1.912190000000000135e-04 3.478099999999999920e-04
-1.861719999999999922e-04 3.458669999999999735e-04
-1.550769999999999926e-04 3.291060000000000166e-04
-1.113420000000000056e-04 3.004869999999999980e-04
-6.903480000000000521e-05 2.559120000000000123e-04
-3.360399999999999878e-05 1.731319999999999951e-04
-1.442150000000000033e-06 3.922899999999999998e-05
3.245989999999999732e-05 -1.197640000000000006e-04
6.912189999999999968e-05 -2.702259999999999840e-04
1.081619999999999988e-04 -3.944449999999999953e-04
1.499790000000000086e-04 -4.791500000000000186e-04
1.915850000000000029e-04 -5.163540000000000100e-04
2.235700000000000025e-04 -5.106359999999999675e-04
2.345869999999999954e-04 -4.730390000000000224e-04
2.184379999999999981e-04 -4.133119999999999893e-04
1.763570000000000057e-04 -3.323970000000000093e-04
1.143690000000000022e-04 -2.242950000000000065e-04
4.079579999999999996e-05 -9.079410000000000540e-05
-3.487419999999999892e-05 6.243369999999999823e-05
-1.042280000000000056e-04 2.258419999999999970e-04
-1.618020000000000070e-04 3.735449999999999752e-04
-2.040160000000000064e-04 4.731420000000000179e-04
-2.277489999999999907e-04 5.132659999999999610e-04
-2.317029999999999871e-04 5.156680000000000508e-04
-2.178589999999999889e-04 5.057419999999999971e-04
-1.893940000000000098e-04 4.772810000000000268e-04
-1.480549999999999911e-04 3.996499999999999836e-04
-9.529089999999999934e-05 2.498070000000000021e-04
-3.512620000000000260e-05 4.994710000000000160e-05
2.645179999999999973e-05 -1.440310000000000039e-04
8.724929999999999828e-05 -3.129410000000000113e-04
1.515490000000000088e-04 -4.709900000000000154e-04
2.206959999999999890e-04 -6.062570000000000198e-04
2.824670000000000045e-04 -6.873829999999999611e-04
3.161349999999999946e-04 -6.809550000000000151e-04
3.075439999999999814e-04 -5.724760000000000395e-04
2.571890000000000070e-04 -4.025939999999999879e-04
1.756870000000000003e-04 -2.316390000000000094e-04
7.423329999999999957e-05 -8.149590000000000013e-05
-3.878720000000000025e-05 7.563299999999999906e-05
-1.528889999999999926e-04 2.739230000000000267e-04
-2.511290000000000007e-04 4.959780000000000005e-04
-3.152690000000000201e-04 6.792830000000000352e-04
-3.376240000000000187e-04 7.696479999999999468e-04
-3.257380000000000041e-04 7.555419999999999974e-04
-2.924700000000000238e-04 6.595140000000000420e-04
-2.421219999999999969e-04 5.071820000000000104e-04
-1.686349999999999872e-04 3.074500000000000193e-04
-6.673690000000000134e-05 5.323260000000000258e-05
5.762789999999999758e-05 -2.500350000000000142e-04
1.870789999999999888e-04 -5.491139999999999606e-04
3.006109999999999989e-04 -7.664910000000000039e-04
3.825580000000000191e-04 -8.625010000000000012e-04
4.252489999999999938e-04 -8.454270000000000491e-04
4.233659999999999984e-04 -7.440300000000000169e-04
3.694319999999999961e-04 -5.842069999999999989e-04
2.598780000000000079e-04 -3.839599999999999762e-04
1.046340000000000014e-04 -1.275609999999999938e-04
-7.275699999999999475e-05 1.985369999999999865e-04
-2.418590000000000030e-04 5.257699999999999483e-04
-3.741810000000000145e-04 7.737479999999999922e-04
-4.536259999999999967e-04 9.054519999999999496e-04
-4.787899999999999882e-04 9.198340000000000162e-04
-4.535410000000000136e-04 8.441839999999999934e-04
-3.785920000000000236e-04 6.965390000000000340e-04
-2.541409999999999915e-04 4.640290000000000257e-04
-8.919770000000000151e-05 1.323680000000000039e-04
9.527649999999999487e-05 -2.897099999999999892e-04
2.739659999999999990e-04 -7.344180000000000283e-04
4.238770000000000211e-04 -1.047860000000000067e-03
5.253540000000000119e-04 -1.125499999999999981e-03
5.641119999999999685e-04 -9.923910000000000196e-04
5.313639999999999900e-04 -7.448999999999999459e-04
4.208500000000000110e-04 -4.732900000000000171e-04
2.319380000000000009e-04 -1.814680000000000047e-04
-1.759530000000000076e-05 1.626110000000000055e-04
-2.809460000000000169e-04 5.282289999999999599e-04
-4.958049999999999870e-04 8.615059999999999472e-04
-6.195880000000000181e-04 1.113730000000000058e-03
-6.471579999999999997e-04 1.203230000000000011e-03
-5.930949999999999720e-04 1.074910000000000102e-03
-4.671909999999999930e-04 7.258370000000000100e-04
-2.713039999999999896e-04 2.158770000000000068e-04
-1.570979999999999992e-05 -3.245629999999999891e-04
2.698180000000000110e-04 -8.082560000000000352e-04
5.407720000000000192e-04 -1.168100000000000041e-03
7.447829999999999468e-04 -1.323699999999999920e-03
8.309699999999999942e-04 -1.250150000000000003e-03
7.696549999999999486e-04 -9.922349999999999486e-04
5.694320000000000328e-04 -6.397799999999999494e-04
2.725059999999999961e-04 -2.442160000000000077e-04
-6.784979999999999538e-05 2.146449999999999888e-04
-4.017399999999999856e-04 7.304720000000000223e-04
-6.786410000000000099e-04 1.194100000000000023e-03
-8.482519999999999687e-04 1.471480000000000054e-03
-8.797399999999999491e-04 1.483160000000000077e-03
-7.743840000000000315e-04 1.208510000000000096e-03
-5.524269999999999745e-04 6.768090000000000044e-04
-2.356509999999999974e-04 -2.475420000000000094e-05
1.466270000000000041e-04 -7.314150000000000165e-04
5.393950000000000220e-04 -1.264149999999999909e-03
8.648510000000000312e-04 -1.526769999999999993e-03
1.049510000000000026e-03 -1.520330000000000075e-03
1.047710000000000091e-03 -1.285550000000000104e-03
8.487199999999999649e-04 -8.709380000000000290e-04
4.799159999999999906e-04 -3.376729999999999771e-04
7.957510000000000321e-06 2.694500000000000172e-04
-4.751369999999999877e-04 9.079290000000000277e-04
-8.772689999999999655e-04 1.463859999999999988e-03
-1.126550000000000034e-03 1.782479999999999915e-03
-1.182019999999999989e-03 1.756940000000000021e-03
-1.035059999999999973e-03 1.350089999999999971e-03
-7.031690000000000162e-04 6.128690000000000439e-04
-2.266590000000000130e-04 -2.925830000000000141e-04
3.254919999999999797e-04 -1.119760000000000026e-03
8.538480000000000418e-04 -1.658189999999999924e-03
1.248060000000000055e-03 -1.854179999999999977e-03
1.418779999999999911e-03 -1.760279999999999918e-03
1.317840000000000027e-03 -1.406169999999999989e-03
9.455899999999999505e-04 -7.848310000000000486e-04
3.606999999999999855e-04 3.803909999999999974e-05
-3.175860000000000185e-04 8.970799999999999694e-04
-9.405149999999999491e-04 1.610459999999999973e-03
-1.381980000000000101e-03 2.031719999999999880e-03
-1.567529999999999922e-03 2.066820000000000029e-03
-1.466169999999999930e-03 1.660690000000000039e-03
-1.078799999999999985e-03 8.531489999999999864e-04
-4.519929999999999803e-04 -1.695599999999999961e-04
3.045039999999999835e-04 -1.146569999999999968e-03
1.033040000000000043e-03 -1.842359999999999918e-03
1.572510000000000054e-03 -2.128070000000000135e-03
1.800380000000000079e-03 -1.989349999999999972e-03
1.654810000000000048e-03 -1.466669999999999996e-03
1.147280000000000088e-03 -6.617020000000000150e-04
3.732920000000000032e-04 2.538649999999999826e-04
-5.000659999999999654e-04 1.135890000000000077e-03
-1.281309999999999914e-03 1.868459999999999956e-03
-1.805380000000000092e-03 2.284029999999999828e-03
-1.959869999999999841e-03 2.184209999999999798e-03
-1.699849999999999929e-03 1.508760000000000049e-03
-1.067259999999999997e-03 4.518510000000000213e-04
-1.922570000000000127e-04 -6.755759999999999977e-04
7.425240000000000486e-04 -1.602480000000000094e-03
1.547629999999999926e-03 -2.167559999999999799e-03
2.053070000000000155e-03 -2.289659999999999786e-03
2.126639999999999954e-03 -1.910299999999999975e-03
1.713969999999999990e-03 -1.097080000000000060e-03
8.866059999999999610e-04 -6.540150000000000054e-05
-1.606839999999999950e-04 9.611930000000000517e-04
-1.177649999999999921e-03 1.778499999999999916e-03
-1.932609999999999970e-03 2.174249999999999967e-03
-2.255860000000000157e-03 2.050900000000000032e-03
-2.069510000000000099e-03 1.482690000000000050e-03
-1.407899999999999907e-03 6.033979999999999986e-04
-4.136880000000000006e-04 -4.060390000000000201e-04
6.907280000000000451e-04 -1.327159999999999972e-03
1.650350000000000081e-03 -1.963190000000000074e-03
2.234550000000000078e-03 -2.125300000000000106e-03
2.292639999999999869e-03 -1.721389999999999943e-03
1.801709999999999987e-03 -9.079889999999999966e-04
8.832389999999999642e-04 3.088020000000000294e-05
-2.350420000000000037e-04 8.605909999999999602e-04
-1.287989999999999925e-03 1.435580000000000103e-03
-2.029580000000000013e-03 1.659150000000000078e-03
-2.274120000000000134e-03 1.461529999999999947e-03
-1.947549999999999932e-03 9.330220000000000397e-04
-1.132689999999999999e-03 2.587120000000000261e-04
-5.240040000000000062e-05 -4.190379999999999951e-04
1.009509999999999921e-03 -9.812359999999999138e-04
1.791290000000000070e-03 -1.307079999999999961e-03
2.108889999999999983e-03 -1.316190000000000068e-03
1.895449999999999913e-03 -1.035279999999999968e-03
1.220270000000000079e-03 -5.222949999999999858e-04
2.691640000000000135e-04 9.284229999999999707e-05
-7.062700000000000531e-04 5.946630000000000492e-04
-1.457380000000000090e-03 8.744700000000000216e-04
-1.808340000000000078e-03 9.495670000000000109e-04
-1.696019999999999906e-03 8.591649999999999504e-04
-1.169080000000000076e-03 5.847269999999999465e-04
-3.711119999999999935e-04 1.750280000000000054e-04
4.799320000000000257e-04 -1.988640000000000123e-04
1.148769999999999913e-03 -4.816730000000000078e-04
1.471800000000000105e-03 -6.966780000000000542e-04
1.405610000000000063e-03 -8.072370000000000370e-04
1.009700000000000094e-03 -7.662580000000000216e-04
4.099950000000000209e-04 -5.627679999999999488e-04
-2.301639999999999871e-04 -2.336750000000000014e-04
-7.476860000000000103e-04 1.653330000000000110e-04
-1.028990000000000026e-03 5.549370000000000301e-04
-1.040209999999999963e-03 8.252280000000000075e-04
-8.206889999999999888e-04 9.015139999999999612e-04
-4.546829999999999969e-04 7.598429999999999551e-04
-4.035390000000000000e-05 4.087159999999999947e-04
3.321500000000000234e-04 -4.701100000000000103e-05
5.916310000000000145e-04 -4.373779999999999855e-04
6.981560000000000153e-04 -6.785979999999999833e-04
6.541000000000000156e-04 -7.691780000000000275e-04
4.930769999999999684e-04 -6.877969999999999744e-04
2.560269999999999799e-04 -4.325730000000000070e-04
-1.440050000000000044e-05 -7.919339999999999973e-05
-2.663780000000000032e-04 2.642519999999999765e-04
-4.467450000000000197e-04 5.076199999999999679e-04
-5.222399999999999872e-04 5.995679999999999760e-04
-4.889760000000000157e-04 5.379539999999999930e-04
-3.636409999999999968e-04 3.632689999999999943e-04
-1.729059999999999874e-04 1.362729999999999877e-04
4.781810000000000216e-05 -8.634999999999999826e-05
2.537630000000000029e-04 -2.662200000000000092e-04
3.988810000000000185e-04 -3.814910000000000241e-04
4.505970000000000092e-04 -4.216339999999999953e-04
4.008950000000000165e-04 -3.842019999999999919e-04
2.673099999999999869e-04 -2.744600000000000251e-04
8.552280000000000049e-05 -1.100170000000000005e-04
-1.014470000000000064e-04 7.684279999999999551e-05
-2.539509999999999814e-04 2.451810000000000231e-04
-3.440059999999999993e-04 3.558990000000000157e-04
-3.591220000000000219e-04 3.820690000000000175e-04
-3.015970000000000196e-04 3.176039999999999766e-04
-1.859160000000000001e-04 1.815970000000000030e-04
-3.641569999999999763e-05 1.361359999999999956e-05
1.156980000000000026e-04 -1.409880000000000128e-04
2.380050000000000091e-04 -2.482179999999999738e-04
3.047360000000000043e-04 -2.953140000000000257e-04
3.034779999999999834e-04 -2.860189999999999868e-04
2.376009999999999906e-04 -2.276579999999999945e-04
1.243469999999999938e-04 -1.281010000000000124e-04
-9.517390000000000707e-06 -2.296310000000000212e-06
-1.336920000000000068e-04 1.245130000000000054e-04
-2.217069999999999967e-04 2.219310000000000000e-04
-2.574890000000000143e-04 2.653989999999999843e-04
-2.380480000000000085e-04 2.460200000000000060e-04
-1.717070000000000011e-04 1.732220000000000027e-04
-7.436390000000000133e-05 6.924400000000000314e-05
3.374929999999999890e-05 -4.015080000000000190e-05
1.307629999999999947e-04 -1.329579999999999965e-04
1.966810000000000097e-04 -1.936499999999999908e-04
2.179270000000000024e-04 -2.131210000000000081e-04
1.912390000000000032e-04 -1.888799999999999941e-04
1.247730000000000063e-04 -1.262869999999999921e-04
3.558010000000000176e-05 -3.902069999999999725e-05
-5.545269999999999849e-05 5.319309999999999729e-05
-1.290589999999999988e-04 1.295699999999999944e-04
-1.715549999999999931e-04 1.739300000000000102e-04
-1.766190000000000110e-04 1.786199999999999941e-04
-1.454030000000000036e-04 1.454810000000000120e-04
-8.575679999999999859e-05 8.418639999999999750e-05
-1.084939999999999983e-05 9.194410000000000286e-06
6.314179999999999912e-05 -6.352319999999999516e-05
1.203929999999999974e-04 -1.194209999999999938e-04
1.491780000000000005e-04 -1.478849999999999978e-04
1.446879999999999944e-04 -1.441799999999999918e-04
1.098659999999999947e-04 -1.104090000000000063e-04
5.406990000000000217e-05 -5.503239999999999846e-05
-9.671529999999999201e-06 9.141439999999999673e-06
-6.776450000000000485e-05 6.801440000000000393e-05
-1.087260000000000022e-04 1.094130000000000043e-04
-1.251280000000000122e-04 1.256200000000000068e-04
-1.147559999999999970e-04 1.146910000000000036e-04
-8.091300000000000272e-05 8.044400000000000433e-05
-3.170150000000000133e-05 3.127939999999999735e-05
2.176140000000000141e-05 -2.180389999999999973e-05
6.788409999999999605e-05 -6.758100000000000229e-05
9.724140000000000041e-05 -9.690010000000000420e-05
1.045689999999999944e-04 -1.044719999999999986e-04
