-3.313310000000000173e-08 7.502540000000000423e-07
-2.016839999999999946e-07 2.591539999999999924e-06
-5.940269999999999497e-07 4.193420000000000078e-06
-1.280920000000000011e-06 7.204220000000000118e-06
-2.665309999999999982e-06 1.754920000000000132e-05
-5.813740000000000177e-06 4.035540000000000329e-05
-1.209689999999999933e-05 7.233879999999999933e-05
-2.198340000000000030e-05 9.765009999999999532e-05
-3.390270000000000322e-05 1.009390000000000038e-04
-4.403949999999999738e-05 7.402430000000000208e-05
-4.671899999999999773e-05 1.455379999999999947e-05
-3.578960000000000035e-05 -6.263800000000000574e-05
-7.853790000000000237e-06 -1.298200000000000005e-04
3.447239999999999880e-05 -1.705889999999999891e-04
8.240380000000000545e-05 -1.932810000000000084e-04
1.243879999999999888e-04 -2.185920000000000105e-04
1.506989999999999881e-04 -2.567669999999999762e-04
1.568420000000000003e-04 -2.966539999999999824e-04
1.443829999999999896e-04 -3.091929999999999787e-04
1.184029999999999978e-04 -2.597990000000000108e-04
8.284660000000000060e-05 -1.376170000000000073e-04
3.803650000000000081e-05 2.126660000000000066e-05
-1.727489999999999955e-05 1.636700000000000101e-04
-8.186950000000000618e-05 2.667799999999999902e-04
-1.492189999999999955e-04 3.380130000000000179e-04
-2.069259999999999904e-04 3.854609999999999742e-04
-2.400199999999999957e-04 4.099239999999999872e-04
-2.385160000000000047e-04 4.113650000000000162e-04
-2.042780000000000117e-04 3.915540000000000123e-04
-1.505780000000000074e-04 3.544910000000000183e-04
-9.385460000000000092e-05 2.971129999999999995e-04
-4.393700000000000302e-05 1.974649999999999940e-04
-4.139320000000000037e-07 4.306639999999999817e-05
4.238659999999999835e-05 -1.378290000000000114e-04
8.840469999999999741e-05 -3.081539999999999909e-04
1.381250000000000099e-04 -4.483719999999999958e-04
1.898529999999999998e-04 -5.454350000000000387e-04
2.386939999999999884e-04 -5.908699999999999586e-04
2.749699999999999779e-04 -5.873389999999999818e-04
2.867740000000000024e-04 -5.451110000000000330e-04
2.661809999999999914e-04 -4.755939999999999734e-04
2.137279999999999974e-04 -3.816709999999999851e-04
1.375059999999999943e-04 -2.575009999999999864e-04
4.896629999999999906e-05 -1.044750000000000051e-04
-4.081049999999999831e-05 7.048819999999999370e-05
-1.232910000000000093e-04 2.554079999999999914e-04
-1.928699999999999881e-04 4.223830000000000249e-04
-2.454870000000000164e-04 5.373310000000000499e-04
-2.773280000000000254e-04 5.871270000000000048e-04
-2.856450000000000070e-04 5.928959999999999829e-04
-2.706569999999999939e-04 5.813150000000000001e-04
-2.356749999999999958e-04 5.473809999999999960e-04
-1.852040000000000110e-04 4.594439999999999874e-04
-1.232349999999999949e-04 2.924520000000000114e-04
-5.301059999999999692e-05 6.885980000000000096e-05
2.252669999999999898e-05 -1.517799999999999868e-04
1.017350000000000009e-04 -3.464930000000000180e-04
1.849719999999999902e-04 -5.288629999999999677e-04
2.698080000000000161e-04 -6.869550000000000526e-04
3.444610000000000076e-04 -7.859409999999999617e-04
3.894710000000000121e-04 -7.872950000000000304e-04
3.876940000000000052e-04 -6.741009999999999754e-04
3.335030000000000221e-04 -4.882609999999999793e-04
2.341470000000000064e-04 -2.930419999999999770e-04
1.040650000000000006e-04 -1.128790000000000013e-04
-4.062590000000000011e-05 7.829699999999999930e-05
-1.828669999999999959e-04 3.127609999999999960e-04
-3.038259999999999876e-04 5.697970000000000335e-04
-3.864289999999999826e-04 7.821180000000000493e-04
-4.228529999999999984e-04 8.910500000000000018e-04
-4.176499999999999874e-04 8.825690000000000401e-04
-3.807440000000000260e-04 7.786619999999999523e-04
-3.166879999999999739e-04 6.055449999999999765e-04
-2.221810000000000061e-04 3.739290000000000040e-04
-9.443979999999999660e-05 7.971980000000000201e-05
5.938609999999999711e-05 -2.684419999999999753e-04
2.210629999999999941e-04 -6.138279999999999648e-04
3.678110000000000060e-04 -8.734969999999999887e-04
4.799170000000000063e-04 -1.000809999999999981e-03
5.432870000000000451e-04 -9.986599999999999557e-04
5.466639999999999824e-04 -8.939030000000000370e-04
4.805109999999999807e-04 -7.132700000000000064e-04
3.433180000000000086e-04 -4.774590000000000106e-04
1.494810000000000008e-04 -1.743190000000000093e-04
-7.178030000000000120e-05 2.066600000000000034e-04
-2.851589999999999984e-04 5.923659999999999863e-04
-4.590320000000000056e-04 8.935920000000000191e-04
-5.729770000000000132e-04 1.063590000000000108e-03
-6.186769999999999856e-04 1.095870000000000091e-03
-5.944729999999999849e-04 1.017019999999999990e-03
-5.011450000000000410e-04 8.464539999999999564e-04
-3.438550000000000070e-04 5.731220000000000194e-04
-1.373129999999999913e-04 1.853989999999999913e-04
9.372520000000000178e-05 -3.037420000000000202e-04
3.214380000000000080e-04 -8.201869999999999994e-04
5.206219999999999902e-04 -1.199399999999999989e-03
6.676159999999999994e-04 -1.322459999999999912e-03
7.386870000000000241e-04 -1.204130000000000087e-03
7.121840000000000375e-04 -9.407000000000000431e-04
5.749519999999999935e-04 -6.288879999999999731e-04
3.318439999999999758e-04 -2.780889999999999729e-04
1.395160000000000039e-05 1.405509999999999897e-04
-3.208640000000000233e-04 5.894960000000000087e-04
-6.037269999999999746e-04 1.002169999999999927e-03
-7.837070000000000234e-04 1.317610000000000092e-03
-8.450940000000000101e-04 1.445410000000000054e-03
-7.970279999999999726e-04 1.321979999999999943e-03
-6.508689999999999918e-04 9.374649999999999563e-04
-4.108749999999999989e-04 3.534349999999999796e-04
-8.708789999999999674e-05 -2.860609999999999976e-04
2.873229999999999730e-04 -8.755149999999999955e-04
6.542310000000000183e-04 -1.333930000000000098e-03
9.424000000000000302e-04 -1.569260000000000056e-03
1.085540000000000073e-03 -1.542069999999999986e-03
1.042869999999999995e-03 -1.285109999999999898e-03
8.148600000000000418e-04 -8.874679999999999808e-04
4.440609999999999891e-04 -4.099719999999999840e-04
-1.273029999999999905e-06 1.571099999999999916e-04
-4.477950000000000181e-04 7.978689999999999871e-04
-8.274559999999999598e-04 1.386440000000000068e-03
-1.081850000000000086e-03 1.763639999999999913e-03
-1.171200000000000062e-03 1.828509999999999988e-03
-1.082669999999999987e-03 1.551649999999999904e-03
-8.269819999999999775e-04 9.622120000000000499e-04
-4.293090000000000057e-04 1.512999999999999914e-04
6.959589999999999548e-05 -7.030639999999999893e-04
6.017600000000000119e-04 -1.394559999999999984e-03
1.070720000000000048e-03 -1.794859999999999902e-03
1.373599999999999995e-03 -1.882350000000000082e-03
1.433969999999999906e-03 -1.686369999999999970e-03
1.225229999999999896e-03 -1.248360000000000008e-03
7.784340000000000486e-04 -6.269430000000000315e-04
1.757960000000000089e-04 1.236780000000000041e-04
-4.692359999999999912e-04 9.387199999999999841e-04
-1.038850000000000016e-03 1.675009999999999997e-03
-1.434149999999999921e-03 2.146120000000000059e-03
-1.589879999999999896e-03 2.215350000000000045e-03
-1.478869999999999968e-03 1.823729999999999969e-03
-1.108550000000000030e-03 1.013919999999999969e-03
-5.194960000000000419e-04 -4.314510000000000133e-05
2.077620000000000074e-04 -1.073970000000000046e-03
9.488310000000000233e-04 -1.828149999999999957e-03
1.553130000000000005e-03 -2.212070000000000008e-03
1.883319999999999959e-03 -2.248759999999999822e-03
1.854280000000000034e-03 -1.947029999999999985e-03
1.454240000000000090e-03 -1.283740000000000011e-03
7.499670000000000381e-04 -3.211460000000000183e-04
-1.221899999999999939e-04 7.541419999999999634e-04
-9.863910000000000906e-04 1.717930000000000108e-03
-1.673199999999999904e-03 2.376749999999999956e-03
-2.056590000000000067e-03 2.594659999999999935e-03
-2.065319999999999830e-03 2.279530000000000098e-03
-1.681039999999999965e-03 1.444160000000000105e-03
-9.463069999999999642e-04 2.728769999999999829e-04
2.090139999999999948e-05 -9.432559999999999556e-04
1.032900000000000007e-03 -1.918910000000000017e-03
1.871830000000000108e-03 -2.473659999999999921e-03
2.346790000000000074e-03 -2.546670000000000010e-03
2.341329999999999974e-03 -2.136750000000000194e-03
1.839570000000000007e-03 -1.315879999999999958e-03
9.346820000000000475e-04 -2.528729999999999758e-04
-1.856489999999999974e-04 8.800210000000000367e-04
-1.283679999999999934e-03 1.920250000000000082e-03
-2.129990000000000008e-03 2.645559999999999926e-03
-2.549459999999999921e-03 2.795390000000000028e-03
-2.448450000000000019e-03 2.248959999999999935e-03
-1.833100000000000051e-03 1.166189999999999892e-03
-8.158440000000000310e-04 -1.341679999999999934e-04
4.024669999999999940e-04 -1.341720000000000022e-03
1.571920000000000088e-03 -2.242420000000000177e-03
2.440579999999999920e-03 -2.694470000000000025e-03
2.801790000000000183e-03 -2.571379999999999846e-03
2.545679999999999818e-03 -1.880469999999999971e-03
1.706489999999999960e-03 -8.091389999999999520e-04
4.701969999999999978e-04 4.079010000000000101e-04
-8.769220000000000313e-04 1.529140000000000013e-03
-2.028509999999999862e-03 2.285960000000000075e-03
-2.728359999999999987e-03 2.506130000000000076e-03
-2.820880000000000002e-03 2.186839999999999791e-03
-2.281519999999999989e-03 1.407609999999999894e-03
-1.224190000000000000e-03 3.304000000000000079e-04
1.173339999999999984e-04 -8.113070000000000438e-04
1.437200000000000023e-03 -1.776900000000000094e-03
2.427830000000000179e-03 -2.309709999999999975e-03
2.853230000000000002e-03 -2.235819999999999908e-03
2.610279999999999979e-03 -1.638450000000000063e-03
1.760580000000000088e-03 -7.600350000000000508e-04
5.140700000000000434e-04 1.707950000000000071e-04
-8.287579999999999687e-04 9.866750000000000086e-04
-1.948939999999999917e-03 1.543179999999999899e-03
-2.577649999999999907e-03 1.697809999999999901e-03
-2.562169999999999899e-03 1.461510000000000066e-03
-1.917899999999999943e-03 9.609640000000000239e-04
-8.297200000000000452e-04 3.103520000000000128e-04
4.086989999999999981e-04 -3.751010000000000260e-04
1.484440000000000065e-03 -9.515440000000000226e-04
2.145000000000000205e-03 -1.283110000000000066e-03
2.253530000000000116e-03 -1.321429999999999957e-03
1.814419999999999965e-03 -1.055280000000000020e-03
9.650190000000000113e-04 -5.677419999999999863e-04
-6.144159999999999802e-05 -5.566019999999999947e-05
-9.975480000000000111e-04 3.635700000000000173e-04
-1.616610000000000096e-03 6.771369999999999646e-04
-1.791269999999999972e-03 8.766099999999999977e-04
-1.513849999999999961e-03 8.812460000000000258e-04
-8.864110000000000348e-04 6.773839999999999506e-04
-9.643530000000000147e-05 3.973369999999999940e-04
6.325089999999999575e-04 8.780480000000000338e-05
1.115810000000000066e-03 -2.662470000000000006e-04
1.265349999999999938e-03 -6.048380000000000119e-04
1.097099999999999942e-03 -8.330860000000000262e-04
7.027570000000000344e-04 -8.766340000000000503e-04
2.121830000000000114e-04 -7.190830000000000269e-04
-2.430549999999999963e-04 -3.871859999999999755e-04
-5.639310000000000460e-04 4.825749999999999663e-05
-7.063689999999999856e-04 4.684259999999999769e-04
-6.818389999999999477e-04 7.681679999999999542e-04
-5.381509999999999506e-04 8.737350000000000498e-04
-3.319010000000000059e-04 7.378569999999999660e-04
-1.095259999999999946e-04 4.204550000000000258e-04
9.456879999999999486e-05 6.846879999999999741e-05
2.551559999999999809e-04 -2.364959999999999936e-04
3.588600000000000166e-04 -4.803760000000000235e-04
4.028190000000000069e-04 -6.124659999999999870e-04
3.861420000000000173e-04 -5.826860000000000112e-04
3.083000000000000128e-04 -4.139300000000000162e-04
1.778620000000000125e-04 -1.770470000000000008e-04
1.762970000000000165e-05 5.348989999999999756e-05
-1.413949999999999972e-04 2.252990000000000125e-04
-2.697399999999999754e-04 3.196750000000000047e-04
-3.442739999999999906e-04 3.433169999999999928e-04
-3.495029999999999773e-04 3.120290000000000173e-04
-2.814189999999999834e-04 2.402329999999999884e-04
-1.534250000000000023e-04 1.376890000000000026e-04
3.278849999999999956e-06 1.402149999999999950e-05
1.494119999999999986e-04 -1.165969999999999951e-04
2.522480000000000013e-04 -2.318789999999999935e-04
2.952319999999999814e-04 -3.028400000000000211e-04
2.780230000000000179e-04 -3.062869999999999764e-04
2.108380000000000031e-04 -2.386029999999999922e-04
1.092869999999999991e-04 -1.183149999999999946e-04
-7.934100000000000828e-06 2.162889999999999886e-05
-1.200730000000000005e-04 1.450590000000000082e-04
-2.062289999999999935e-04 2.234639999999999869e-04
-2.489489999999999910e-04 2.445130000000000220e-04
-2.388160000000000120e-04 2.142690000000000046e-04
-1.781630000000000084e-04 1.502599999999999878e-04
-8.164809999999999505e-05 6.986729999999999427e-05
2.751479999999999955e-05 -1.728559999999999930e-05
1.244329999999999926e-04 -1.047069999999999989e-04
1.893029999999999865e-04 -1.779519999999999930e-04
2.114360000000000133e-04 -2.157949999999999896e-04
1.901440000000000010e-04 -2.035390000000000040e-04
1.333109999999999981e-04 -1.433870000000000012e-04
5.451919999999999802e-05 -5.402050000000000227e-05
-3.030199999999999889e-05 3.899389999999999947e-05
-1.055680000000000030e-04 1.141290000000000045e-04
-1.577829999999999901e-04 1.594599999999999945e-04
-1.771390000000000128e-04 1.717649999999999928e-04
-1.597190000000000068e-04 1.527839999999999927e-04
-1.095470000000000000e-04 1.069119999999999955e-04
-3.857760000000000144e-05 4.166679999999999890e-05
3.642599999999999988e-05 -3.109509999999999981e-05
9.896490000000000517e-05 -9.613000000000000288e-05
1.372350000000000100e-04 -1.387749999999999986e-04
1.460309999999999983e-04 -1.499089999999999906e-04
1.262360000000000023e-04 -1.288689999999999888e-04
8.333859999999999521e-05 -8.281840000000000653e-05
2.617910000000000148e-05 -2.351589999999999960e-05
-3.406840000000000064e-05 3.632420000000000028e-05
-8.540899999999999491e-05 8.552070000000000266e-05
-1.174050000000000050e-04 1.156860000000000033e-04
-1.238310000000000008e-04 1.219989999999999953e-04
-1.044089999999999960e-04 1.039500000000000059e-04
-6.472620000000000381e-05 6.575559999999999771e-05
-1.438590000000000062e-05 1.581040000000000028e-05
3.569579999999999796e-05 -3.508870000000000169e-05
7.575550000000000339e-05 -7.630760000000000104e-05
9.879329999999999481e-05 -9.985539999999999943e-05
1.013640000000000005e-04 -1.019910000000000066e-04
8.385990000000000664e-05 -8.362169999999999933e-05
5.040959999999999929e-05 -4.965259999999999959e-05
8.235169999999999963e-06 -7.663709999999999847e-06
-3.373599999999999684e-05 3.369279999999999698e-05
-6.684080000000000555e-05 6.632829999999999987e-05
-8.467519999999999865e-05 8.419250000000000410e-05
-8.444900000000000410e-05 8.438060000000000319e-05
-6.731560000000000310e-05 6.764099999999999833e-05
-3.774219999999999924e-05 3.812729999999999662e-05
-2.293459999999999892e-06 2.417149999999999803e-06
