-2.679659999999999988e-08 7.603849999999999628e-07
-1.728569999999999973e-07 2.646610000000000059e-06
-5.467599999999999540e-07 4.330349999999999968e-06
-1.251059999999999928e-06 7.451700000000000161e-06
-2.635019999999999888e-06 1.804480000000000043e-05
-5.654739999999999666e-06 4.150209999999999690e-05
-1.177409999999999964e-05 7.472399999999999811e-05
-2.196080000000000157e-05 1.016200000000000062e-04
-3.522820000000000264e-05 1.061930000000000046e-04
-4.772329999999999758e-05 7.964190000000000060e-05
-5.285820000000000156e-05 1.925650000000000105e-05
-4.311619999999999895e-05 -6.027180000000000119e-05
-1.388140000000000062e-05 -1.310050000000000103e-04
3.264569999999999815e-05 -1.759219999999999870e-04
8.667790000000000575e-05 -2.027780000000000023e-04
1.344480000000000111e-04 -2.321459999999999962e-04
1.641980000000000024e-04 -2.742630000000000133e-04
1.710340000000000027e-04 -3.174289999999999859e-04
1.577969999999999937e-04 -3.314619999999999784e-04
1.311390000000000060e-04 -2.806509999999999799e-04
9.538869999999999695e-05 -1.535960000000000114e-04
4.947319999999999924e-05 1.315999999999999936e-05
-1.008090000000000033e-05 1.649819999999999867e-04
-8.290980000000000366e-05 2.775510000000000130e-04
-1.605669999999999960e-04 3.576499999999999927e-04
-2.272560000000000075e-04 4.130830000000000157e-04
-2.657100000000000022e-04 4.435579999999999840e-04
-2.656539999999999878e-04 4.474519999999999843e-04
-2.295180000000000072e-04 4.259220000000000193e-04
-1.709899999999999875e-04 3.838900000000000125e-04
-1.071950000000000062e-04 3.196270000000000079e-04
-4.966979999999999665e-05 2.115340000000000113e-04
-7.246660000000000120e-08 4.667440000000000158e-05
4.679359999999999867e-05 -1.462579999999999946e-04
9.653619999999999909e-05 -3.281599999999999752e-04
1.512870000000000035e-04 -4.776059999999999941e-04
2.089639999999999868e-04 -5.813300000000000195e-04
2.629560000000000079e-04 -6.313300000000000422e-04
3.023279999999999826e-04 -6.298080000000000388e-04
3.147269999999999972e-04 -5.859489999999999968e-04
2.918229999999999739e-04 -5.109669999999999750e-04
2.338039999999999997e-04 -4.088340000000000095e-04
1.494400000000000058e-04 -2.748879999999999878e-04
5.203199999999999920e-05 -1.109640000000000035e-04
-4.556780000000000102e-05 7.574749999999999940e-05
-1.342460000000000018e-04 2.724439999999999956e-04
-2.088919999999999915e-04 4.499160000000000203e-04
-2.661170000000000137e-04 5.727609999999999733e-04
-3.020499999999999964e-04 6.270339999999999464e-04
-3.127760000000000154e-04 6.339909999999999816e-04
-2.970089999999999883e-04 6.212080000000000466e-04
-2.578920000000000171e-04 5.842339999999999903e-04
-2.018370000000000125e-04 4.907670000000000261e-04
-1.352279999999999867e-04 3.146420000000000141e-04
-6.158489999999999375e-05 7.849930000000000243e-05
1.852260000000000118e-05 -1.559870000000000093e-04
1.056290000000000012e-04 -3.636620000000000022e-04
1.990170000000000090e-04 -5.580669999999999815e-04
2.931119999999999949e-04 -7.281489999999999838e-04
3.746530000000000194e-04 -8.377639999999999566e-04
4.251030000000000260e-04 -8.447980000000000116e-04
4.276610000000000242e-04 -7.296559999999999678e-04
3.741789999999999830e-04 -5.348650000000000366e-04
2.682030000000000069e-04 -3.266009999999999855e-04
1.234580000000000096e-04 -1.313870000000000077e-04
-3.982860000000000014e-05 7.700339999999999529e-05
-1.986199999999999923e-04 3.313410000000000248e-04
-3.310219999999999894e-04 6.089959999999999948e-04
-4.212679999999999788e-04 8.383670000000000185e-04
-4.640199999999999924e-04 9.571239999999999522e-04
-4.637139999999999990e-04 9.507250000000000293e-04
-4.276090000000000186e-04 8.427460000000000116e-04
-3.582030000000000262e-04 6.602729999999999580e-04
-2.528340000000000123e-04 4.133739999999999897e-04
-1.110760000000000051e-04 9.765339999999999578e-05
5.801099999999999735e-05 -2.764600000000000195e-04
2.357100000000000048e-04 -6.485570000000000180e-04
3.994110000000000152e-04 -9.315190000000000102e-04
5.283739999999999661e-04 -1.075510000000000008e-03
6.051770000000000370e-04 -1.081850000000000086e-03
6.142069999999999691e-04 -9.767870000000000111e-04
5.432170000000000271e-04 -7.865580000000000271e-04
3.911079999999999830e-04 -5.319809999999999470e-04
1.754109999999999914e-04 -2.024270000000000052e-04
-7.014819999999999357e-05 2.099930000000000069e-04
-3.067289999999999969e-04 6.284869999999999476e-04
-5.015850000000000300e-04 9.588580000000000410e-04
-6.337200000000000515e-04 1.149650000000000108e-03
-6.922039999999999747e-04 1.192010000000000075e-03
-6.713179999999999582e-04 1.112369999999999895e-03
-5.695820000000000093e-04 9.305960000000000057e-04
-3.939950000000000114e-04 6.358139999999999539e-04
-1.639789999999999965e-04 2.171619999999999920e-04
9.145579999999999942e-05 -3.097250000000000068e-04
3.429050000000000110e-04 -8.660750000000000046e-04
5.660910000000000117e-04 -1.281040000000000000e-03
7.379329999999999700e-04 -1.428760000000000056e-03
8.306570000000000533e-04 -1.319529999999999965e-03
8.136239999999999879e-04 -1.049559999999999946e-03
6.658410000000000240e-04 -7.180970000000000061e-04
3.925970000000000089e-04 -3.363910000000000121e-04
3.409320000000000080e-05 1.234739999999999904e-04
-3.413220000000000229e-04 6.201740000000000291e-04
-6.593309999999999796e-04 1.078760000000000005e-03
-8.673080000000000112e-04 1.429560000000000075e-03
-9.475139999999999951e-04 1.577389999999999912e-03
-9.063660000000000293e-04 1.456650000000000089e-03
-7.536549999999999933e-04 1.055579999999999973e-03
-4.933620000000000106e-04 4.350620000000000030e-04
-1.353220000000000030e-04 -2.568000000000000079e-04
2.860569999999999888e-04 -9.054310000000000526e-04
7.064940000000000022e-04 -1.420129999999999917e-03
1.044210000000000060e-03 -1.700960000000000059e-03
1.222580000000000021e-03 -1.701430000000000086e-03
1.193760000000000090e-03 -1.448480000000000037e-03
9.543140000000000520e-04 -1.029500000000000033e-03
5.467560000000000215e-04 -5.089030000000000029e-04
4.571859999999999965e-05 1.170859999999999967e-04
-4.632199999999999729e-04 8.264260000000000052e-04
-9.003509999999999725e-04 1.484569999999999943e-03
-1.201379999999999939e-03 1.919420000000000024e-03
-1.323830000000000015e-03 2.017349999999999786e-03
-1.250089999999999925e-03 1.742770000000000040e-03
-9.846620000000000806e-04 1.125200000000000028e-03
-5.502540000000000209e-04 2.589770000000000245e-04
8.821829999999999527e-06 -6.721770000000000392e-04
6.171240000000000362e-04 -1.450490000000000026e-03
1.167609999999999915e-03 -1.931060000000000068e-03
1.542160000000000102e-03 -2.076919999999999895e-03
1.646529999999999999e-03 -1.908310000000000084e-03
1.441580000000000032e-03 -1.462909999999999992e-03
9.572619999999999567e-04 -7.988059999999999952e-04
2.851570000000000211e-04 2.611339999999999972e-05
-4.470370000000000094e-04 9.370830000000000132e-04
-1.107389999999999980e-03 1.774980000000000004e-03
-1.584829999999999963e-03 2.334430000000000185e-03
-1.802870000000000037e-03 2.461609999999999927e-03
-1.723289999999999935e-03 2.086140000000000216e-03
-1.344869999999999963e-03 1.246109999999999926e-03
-7.051639999999999861e-04 1.151000000000000059e-04
1.113549999999999935e-04 -1.022020000000000003e-03
9.685880000000000444e-04 -1.895159999999999900e-03
1.695120000000000047e-03 -2.388219999999999926e-03
2.125859999999999816e-03 -2.505900000000000141e-03
2.150780000000000140e-03 -2.244209999999999955e-03
1.747319999999999906e-03 -1.570250000000000031e-03
9.866930000000000752e-04 -5.420759999999999511e-04
1.675719999999999941e-05 6.452590000000000235e-04
-9.732589999999999731e-04 1.745419999999999914e-03
-1.795659999999999921e-03 2.537680000000000057e-03
-2.299160000000000179e-03 2.862579999999999986e-03
-2.386749999999999983e-03 2.609520000000000155e-03
-2.023259999999999816e-03 1.776690000000000040e-03
-1.246069999999999947e-03 5.423560000000000230e-04
-1.770230000000000024e-04 -7.926730000000000321e-04
9.828659999999999914e-04 -1.918329999999999992e-03
1.989419999999999990e-03 -2.623939999999999953e-03
2.614850000000000160e-03 -2.821779999999999861e-03
2.707259999999999962e-03 -2.488919999999999935e-03
2.229619999999999866e-03 -1.680480000000000038e-03
1.271769999999999975e-03 -5.583590000000000254e-04
3.229689999999999905e-05 6.962649999999999482e-04
-1.228780000000000063e-03 1.897639999999999917e-03
-2.251280000000000035e-03 2.792699999999999957e-03
-2.827269999999999783e-03 3.087340000000000050e-03
-2.834629999999999875e-03 2.629279999999999898e-03
-2.257030000000000147e-03 1.557919999999999965e-03
-1.192450000000000064e-03 1.902899999999999958e-04
1.564410000000000019e-04 -1.147959999999999953e-03
1.514570000000000022e-03 -2.218149999999999896e-03
2.586660000000000174e-03 -2.848670000000000195e-03
3.120770000000000141e-03 -2.878130000000000011e-03
2.972919999999999990e-03 -2.278780000000000215e-03
2.156599999999999837e-03 -1.216030000000000106e-03
8.504759999999999664e-04 7.560389999999999624e-05
-6.480080000000000475e-04 1.336970000000000042e-03
-2.000950000000000038e-03 2.271710000000000135e-03
-2.908140000000000031e-03 2.673340000000000178e-03
-3.169270000000000073e-03 2.502240000000000193e-03
-2.724400000000000086e-03 1.806359999999999910e-03
-1.668159999999999912e-03 7.294930000000000034e-04
-2.347519999999999913e-04 -4.947480000000000410e-04
1.250079999999999985e-03 -1.607630000000000083e-03
2.443700000000000039e-03 -2.320839999999999795e-03
3.067799999999999867e-03 -2.421509999999999982e-03
2.977089999999999945e-03 -1.956160000000000190e-03
2.198279999999999939e-03 -1.142580000000000028e-03
9.243409999999999647e-04 -2.000290000000000054e-04
-5.349540000000000285e-04 7.005759999999999548e-04
-1.828470000000000008e-03 1.398610000000000001e-03
-2.645999999999999915e-03 1.721349999999999963e-03
-2.795740000000000117e-03 1.641569999999999965e-03
-2.260269999999999987e-03 1.253559999999999917e-03
-1.203139999999999895e-03 6.531590000000000529e-04
8.424219999999999788e-05 -5.026139999999999959e-05
1.271250000000000028e-03 -7.083400000000000113e-04
2.076539999999999983e-03 -1.168339999999999917e-03
2.332869999999999909e-03 -1.353679999999999901e-03
2.017300000000000083e-03 -1.221159999999999997e-03
1.245110000000000010e-03 -8.274089999999999787e-04
2.355760000000000091e-04 -3.548450000000000085e-04
-7.447820000000000395e-04 8.152290000000000513e-05
-1.453979999999999899e-03 4.636609999999999777e-04
-1.739019999999999976e-03 7.714669999999999644e-04
-1.568869999999999987e-03 9.029630000000000078e-04
-1.030969999999999977e-03 8.160939999999999557e-04
-3.019440000000000080e-04 6.195639999999999654e-04
4.047149999999999901e-04 3.488650000000000149e-04
9.072429999999999601e-04 -1.460050000000000022e-05
1.109729999999999961e-03 -4.106110000000000163e-04
1.016339999999999908e-03 -7.354249999999999459e-04
7.089159999999999733e-04 -8.940849999999999752e-04
3.071940000000000000e-04 -8.443879999999999528e-04
-7.202629999999999851e-05 -5.917690000000000190e-04
-3.467990000000000113e-04 -1.939830000000000026e-04
-4.853120000000000047e-04 2.359309999999999879e-04
-5.015770000000000124e-04 5.914289999999999782e-04
-4.361780000000000106e-04 7.884609999999999579e-04
-3.312669999999999981e-04 7.602579999999999841e-04
-2.133319999999999965e-04 5.428559999999999809e-04
-9.300599999999999688e-05 2.632000000000000008e-04
2.555849999999999932e-05 -9.148749999999999439e-06
1.381259999999999986e-04 -2.658350000000000188e-04
2.368299999999999941e-04 -4.549350000000000073e-04
3.074129999999999788e-04 -5.143969999999999879e-04
3.320159999999999735e-04 -4.458870000000000086e-04
2.981510000000000258e-04 -2.980789999999999764e-04
2.064970000000000119e-04 -1.290639999999999962e-04
7.234230000000000022e-05 1.853600000000000007e-05
-7.796050000000000007e-05 1.300659999999999978e-04
-2.124050000000000102e-04 2.091449999999999906e-04
-3.000869999999999883e-04 2.596650000000000152e-04
-3.198750000000000096e-04 2.774820000000000108e-04
-2.685270000000000126e-04 2.529559999999999816e-04
-1.628210000000000052e-04 1.807489999999999867e-04
-3.270719999999999747e-05 6.655000000000000488e-05
9.087640000000000290e-05 -6.928319999999999423e-05
1.856399999999999912e-04 -1.929520000000000052e-04
2.400840000000000005e-04 -2.697649999999999896e-04
2.501420000000000184e-04 -2.800619999999999759e-04
2.160250000000000061e-04 -2.259809999999999900e-04
1.425739999999999939e-04 -1.277700000000000049e-04
4.168849999999999905e-05 -1.471180000000000033e-05
-6.701349999999999798e-05 8.531980000000000260e-05
-1.597009999999999944e-04 1.546580000000000090e-04
-2.151570000000000002e-04 1.889569999999999867e-04
-2.216540000000000025e-04 1.922500000000000109e-04
-1.804820000000000111e-04 1.682339999999999888e-04
-1.046220000000000022e-04 1.155610000000000003e-04
-1.357930000000000058e-05 3.453230000000000139e-05
7.275279999999999909e-05 -6.071110000000000222e-05
1.385769999999999981e-04 -1.433519999999999922e-04
1.741249999999999905e-04 -1.885610000000000129e-04
1.756790000000000098e-04 -1.863769999999999945e-04
1.448080000000000135e-04 -1.439970000000000106e-04
8.774320000000000383e-05 -7.826129999999999556e-05
1.506449999999999951e-05 -6.052890000000000250e-06
-5.904989999999999854e-05 6.051860000000000025e-05
-1.190840000000000003e-04 1.131919999999999964e-04
-1.520899999999999889e-04 1.448420000000000068e-04
-1.517359999999999987e-04 1.491809999999999935e-04
-1.202340000000000011e-04 1.236230000000000055e-04
-6.695709999999999629e-05 7.253410000000000066e-05
-4.715200000000000188e-06 7.583670000000000356e-06
5.401879999999999855e-05 -5.572550000000000035e-05
9.922979999999999648e-05 -1.033300000000000017e-04
1.239009999999999916e-04 -1.266340000000000076e-04
1.242170000000000069e-04 -1.235949999999999983e-04
1.002960000000000033e-04 -9.742519999999999685e-05
5.700329999999999682e-05 -5.462789999999999920e-05
3.657040000000000141e-06 -3.619259999999999971e-06
-4.802530000000000248e-05 4.612450000000000198e-05
-8.711789999999999476e-05 8.517809999999999683e-05
-1.063449999999999991e-04 1.059429999999999985e-04
-1.034230000000000023e-04 1.045970000000000016e-04
-8.071350000000000573e-05 8.222300000000000203e-05
-4.392160000000000313e-05 4.448900000000000044e-05
-6.534089999999999980e-07 -2.886650000000000160e-09
4.080950000000000289e-05 -4.193599999999999964e-05
7.268270000000000123e-05 -7.328780000000000667e-05
8.900119999999999755e-05 -8.869380000000000113e-05
8.692789999999999827e-05 -8.612079999999999714e-05
6.753320000000000590e-05 -6.696590000000000203e-05
3.557619999999999999e-05 -3.566259999999999970e-05
-1.745449999999999950e-06 1.191969999999999999e-06
-3.661629999999999703e-05 3.612589999999999915e-05
-6.234169999999999978e-05 6.229930000000000168e-05
-7.453790000000000339e-05 7.489800000000000017e-05
-7.166740000000000436e-05 7.206670000000000578e-05
-5.504749999999999769e-05 5.515569999999999777e-05
