-4.013749999999999793e-08 7.334460000000000416e-07
-2.293959999999999982e-07 2.502149999999999837e-06
-6.231169999999999541e-07 3.977050000000000318e-06
-1.257589999999999974e-06 6.819970000000000367e-06
-2.607230000000000193e-06 1.677379999999999854e-05
-5.819310000000000193e-06 3.855260000000000083e-05
-1.203800000000000062e-05 6.862330000000000415e-05
-2.111289999999999906e-05 9.155910000000000231e-05
-3.101180000000000012e-05 9.302229999999999874e-05
-3.832539999999999732e-05 6.577569999999999435e-05
-3.857379999999999988e-05 8.033299999999999810e-06
-2.696990000000000075e-05 -6.521270000000000669e-05
-1.248770000000000031e-06 -1.268619999999999926e-04
3.559560000000000187e-05 -1.618360000000000003e-04
7.590430000000000441e-05 -1.793300000000000059e-04
1.105269999999999940e-04 -1.996850000000000101e-04
1.317950000000000078e-04 -2.325050000000000109e-04
1.355960000000000075e-04 -2.671579999999999788e-04
1.226169999999999951e-04 -2.764479999999999932e-04
9.714070000000000322e-05 -2.280779999999999938e-04
6.326220000000000562e-05 -1.128060000000000038e-04
2.252849999999999953e-05 3.359680000000000332e-05
-2.480070000000000126e-05 1.606629999999999896e-04
-7.749640000000000565e-05 2.489360000000000032e-04
-1.314010000000000113e-04 3.075129999999999812e-04
-1.773029999999999929e-04 3.446899999999999812e-04
-2.022489999999999943e-04 3.618059999999999983e-04
-1.972320000000000117e-04 3.599769999999999858e-04
-1.649830000000000025e-04 3.415889999999999985e-04
-1.189229999999999996e-04 3.103669999999999780e-04
-7.361159999999999839e-05 2.627899999999999963e-04
-3.536599999999999987e-05 1.767390000000000031e-04
-1.126699999999999944e-06 3.929659999999999913e-05
3.440669999999999704e-05 -1.232299999999999975e-04
7.293659999999999553e-05 -2.768679999999999926e-04
1.142350000000000066e-04 -4.040000000000000080e-04
1.583009999999999875e-04 -4.916189999999999970e-04
2.018929999999999998e-04 -5.313810000000000408e-04
2.355109999999999886e-04 -5.270210000000000216e-04
2.473229999999999765e-04 -4.891649999999999558e-04
2.304030000000000097e-04 -4.278020000000000217e-04
1.858479999999999865e-04 -3.441410000000000107e-04
1.203820000000000004e-04 -2.321629999999999929e-04
4.310840000000000217e-05 -9.382759999999999592e-05
-3.620700000000000079e-05 6.452800000000000289e-05
-1.090850000000000034e-04 2.326879999999999921e-04
-1.698269999999999988e-04 3.844920000000000043e-04
-2.146109999999999956e-04 4.873359999999999975e-04
-2.401650000000000020e-04 5.294819999999999562e-04
-2.448500000000000155e-04 5.325269999999999787e-04
-2.302449999999999885e-04 5.221110000000000161e-04
-1.997520000000000079e-04 4.921739999999999535e-04
-1.560579999999999888e-04 4.118190000000000088e-04
-1.012660000000000025e-04 2.578559999999999923e-04
-3.894019999999999692e-05 5.299670000000000032e-05
2.593130000000000023e-05 -1.459959999999999893e-04
9.122849999999999568e-05 -3.196790000000000135e-04
1.600399999999999924e-04 -4.827720000000000188e-04
2.327390000000000090e-04 -6.233410000000000209e-04
2.973419999999999731e-04 -7.086969999999999945e-04
3.334589999999999798e-04 -7.039859999999999781e-04
3.261119999999999839e-04 -5.943879999999999476e-04
2.743509999999999894e-04 -4.210560000000000019e-04
1.881700000000000093e-04 -2.448029999999999803e-04
7.967729999999999691e-05 -8.775609999999999823e-05
-4.086780000000000198e-05 7.747370000000000331e-05
-1.613659999999999997e-04 2.841489999999999793e-04
-2.643640000000000052e-04 5.135629999999999752e-04
-3.319950000000000223e-04 7.020159999999999682e-04
-3.568220000000000202e-04 7.948560000000000347e-04
-3.459390000000000230e-04 7.808350000000000143e-04
-3.115409999999999772e-04 6.828760000000000125e-04
-2.578389999999999957e-04 5.265689999999999520e-04
-1.793329999999999989e-04 3.206610000000000254e-04
-7.146360000000000472e-05 5.830529999999999892e-05
5.932769999999999781e-05 -2.543649999999999948e-04
1.955000000000000086e-04 -5.630779999999999509e-04
3.160069999999999850e-04 -7.889830000000000454e-04
4.045690000000000223e-04 -8.911569999999999518e-04
4.519139999999999832e-04 -8.771719999999999561e-04
4.509720000000000048e-04 -7.754539999999999654e-04
3.936139999999999756e-04 -6.115720000000000054e-04
2.769730000000000195e-04 -4.035339999999999891e-04
1.124540000000000045e-04 -1.363659999999999883e-04
-7.476209999999999356e-05 2.022380000000000109e-04
-2.532300000000000132e-04 5.419980000000000240e-04
-3.941910000000000075e-04 8.003780000000000269e-04
-4.808179999999999898e-04 9.388279999999999499e-04
-5.099660000000000434e-04 9.559949999999999568e-04
-4.840399999999999803e-04 8.792999999999999601e-04
-4.038970000000000125e-04 7.266370000000000294e-04
-2.712719999999999737e-04 4.850850000000000084e-04
-9.684539999999999945e-05 1.410949999999999900e-04
9.747200000000000460e-05 -2.951009999999999788e-04
2.861030000000000083e-04 -7.540140000000000080e-04
4.461399999999999806e-04 -1.079759999999999921e-03
5.573600000000000169e-04 -1.165550000000000006e-03
6.029310000000000181e-04 -1.035179999999999911e-03
5.704300000000000256e-04 -7.850700000000000170e-04
4.520309999999999823e-04 -5.057119999999999584e-04
2.493169999999999848e-04 -2.008230000000000117e-04
-1.589179999999999919e-05 1.609419999999999915e-04
-2.941280000000000001e-04 5.457660000000000462e-04
-5.222059999999999940e-04 8.954180000000000385e-04
-6.563409999999999557e-04 1.158560000000000102e-03
-6.895239999999999529e-04 1.252960000000000011e-03
-6.354270000000000404e-04 1.123040000000000063e-03
-5.040199999999999889e-04 7.651290000000000261e-04
-2.971569999999999876e-04 2.396510000000000133e-04
-2.502800000000000161e-05 -3.205039999999999929e-04
2.808180000000000073e-04 -8.252560000000000147e-04
5.716550000000000147e-04 -1.205329999999999900e-03
7.910060000000000225e-04 -1.377420000000000077e-03
8.858619999999999559e-04 -1.312379999999999927e-03
8.251699999999999617e-04 -1.052109999999999981e-03
6.159759999999999585e-04 -6.871270000000000502e-04
3.007819999999999808e-04 -2.717940000000000069e-04
-6.313280000000000649e-05 2.114189999999999895e-04
-4.202750000000000105e-04 7.535859999999999911e-04
-7.167710000000000531e-04 1.241099999999999972e-03
-9.013190000000000351e-04 1.534640000000000093e-03
-9.413340000000000509e-04 1.551960000000000015e-03
-8.351520000000000298e-04 1.272820000000000028e-03
-6.018889999999999831e-04 7.271569999999999770e-04
-2.652870000000000098e-04 2.319529999999999966e-06
1.425040000000000031e-04 -7.346730000000000317e-04
5.639959999999999852e-04 -1.298969999999999986e-03
9.172530000000000353e-04 -1.587749999999999969e-03
1.121999999999999950e-03 -1.597799999999999915e-03
1.126510000000000055e-03 -1.367390000000000012e-03
9.185979999999999623e-04 -9.430690000000000470e-04
5.283339999999999868e-04 -3.859809999999999760e-04
2.646010000000000099e-05 2.550480000000000151e-04
-4.903530000000000128e-04 9.307550000000000155e-04
-9.244910000000000497e-04 1.520569999999999951e-03
-1.198669999999999987e-03 1.864090000000000105e-03
-1.267799999999999917e-03 1.849989999999999924e-03
-1.120579999999999927e-03 1.438510000000000049e-03
-7.734589999999999955e-04 6.805099999999999474e-04
-2.678000000000000042e-04 -2.591620000000000100e-04
3.237650000000000011e-04 -1.128429999999999928e-03
8.953049999999999941e-04 -1.709079999999999974e-03
1.327300000000000008e-03 -1.939570000000000053e-03
1.520920000000000041e-03 -1.866269999999999952e-03
1.422579999999999895e-03 -1.514170000000000012e-03
1.033269999999999978e-03 -8.735670000000000067e-04
4.157340000000000146e-04 -1.217029999999999933e-05
-3.062709999999999955e-04 8.965120000000000250e-04
-9.779689999999999737e-04 1.659740000000000043e-03
-1.463820000000000008e-03 2.122080000000000147e-03
-1.679039999999999916e-03 2.183159999999999962e-03
-1.586189999999999909e-03 1.782420000000000055e-03
-1.184879999999999918e-03 9.561619999999999842e-04
-5.233599999999999494e-04 -1.072790000000000007e-04
2.845139999999999800e-04 -1.138590000000000088e-03
1.072239999999999912e-03 -1.891190000000000059e-03
1.665360000000000061e-03 -2.225899999999999841e-03
1.928280000000000098e-03 -2.119049999999999927e-03
1.791609999999999904e-03 -1.603030000000000080e-03
1.265609999999999912e-03 -7.758189999999999661e-04
4.488720000000000080e-04 1.868370000000000003e-04
-4.842450000000000096e-04 1.130179999999999943e-03
-1.330100000000000076e-03 1.925920000000000019e-03
-1.909499999999999956e-03 2.394910000000000094e-03
-2.099230000000000106e-03 2.327430000000000124e-03
-1.848320000000000084e-03 1.654429999999999920e-03
-1.195289999999999894e-03 5.687790000000000510e-04
-2.706370000000000043e-04 -6.114620000000000081e-04
7.343059999999999995e-04 -1.604380000000000086e-03
1.613140000000000103e-03 -2.237219999999999834e-03
2.177950000000000112e-03 -2.415860000000000143e-03
2.284599999999999912e-03 -2.067649999999999870e-03
1.873050000000000019e-03 -1.250529999999999914e-03
1.013250000000000045e-03 -1.807369999999999875e-04
-9.569550000000000560e-05 9.082390000000000298e-04
-1.190359999999999899e-03 1.799040000000000014e-03
-2.020590000000000060e-03 2.265019999999999967e-03
-2.400049999999999926e-03 2.192990000000000130e-03
-2.239019999999999986e-03 1.644540000000000108e-03
-1.565460000000000072e-03 7.491239999999999922e-04
-5.234960000000000307e-04 -3.079490000000000157e-04
6.536849999999999866e-04 -1.297900000000000052e-03
1.693870000000000098e-03 -2.009659999999999919e-03
2.348400000000000053e-03 -2.237610000000000120e-03
2.451919999999999794e-03 -1.873749999999999982e-03
1.971249999999999912e-03 -1.065170000000000049e-03
1.023770000000000019e-03 -9.637919999999999365e-05
-1.568739999999999891e-04 7.899489999999999680e-04
-1.289149999999999975e-03 1.436200000000000107e-03
-2.106629999999999961e-03 1.730350000000000074e-03
-2.406829999999999994e-03 1.585250000000000071e-03
-2.104630000000000129e-03 1.078069999999999983e-03
-1.277200000000000037e-03 3.909410000000000098e-04
-1.502899999999999993e-04 -3.278050000000000234e-04
9.790829999999999499e-04 -9.492199999999999683e-04
1.830880000000000007e-03 -1.339740000000000071e-03
2.205250000000000179e-03 -1.403600000000000073e-03
2.024510000000000198e-03 -1.154220000000000072e-03
1.351769999999999968e-03 -6.438490000000000489e-04
3.728369999999999948e-04 -4.635550000000000027e-06
-6.530970000000000525e-04 5.403110000000000248e-04
-1.463689999999999913e-03 8.717010000000000080e-04
-1.867430000000000001e-03 9.956559999999999282e-04
-1.788950000000000089e-03 9.412739999999999736e-04
-1.272020000000000008e-03 6.822290000000000168e-04
-4.617229999999999837e-04 2.644829999999999816e-04
4.195919999999999902e-04 -1.361380000000000034e-04
1.129589999999999978e-03 -4.550150000000000201e-04
1.493710000000000090e-03 -7.075840000000000341e-04
1.457989999999999937e-03 -8.513909999999999534e-04
1.077730000000000051e-03 -8.329070000000000267e-04
4.800359999999999827e-04 -6.361200000000000014e-04
-1.699840000000000042e-04 -2.983810000000000151e-04
-7.074899999999999635e-04 1.198359999999999958e-04
-1.014719999999999988e-03 5.346549999999999827e-04
-1.051899999999999927e-03 8.328419999999999790e-04
-8.540540000000000328e-04 9.353929999999999667e-04
-5.034930000000000395e-04 8.129819999999999625e-04
-9.693710000000000401e-05 4.700789999999999830e-04
2.774429999999999930e-04 1.051300000000000082e-05
5.496659999999999784e-04 -3.940649999999999752e-04
6.779110000000000084e-04 -6.571040000000000431e-04
6.592879999999999531e-04 -7.741169999999999475e-04
5.218619999999999986e-04 -7.191260000000000534e-04
3.030679999999999789e-04 -4.835859999999999877e-04
4.262179999999999907e-05 -1.380169999999999900e-04
-2.110910000000000022e-04 2.101960000000000048e-04
-4.061399999999999841e-04 4.686299999999999906e-04
-5.057230000000000232e-04 5.831369999999999566e-04
-4.993579999999999850e-04 5.478079999999999972e-04
-3.975869999999999730e-04 3.973490000000000203e-04
-2.226639999999999945e-04 1.864020000000000087e-04
-6.898409999999999738e-06 -3.183510000000000289e-05
2.061820000000000124e-04 -2.189919999999999931e-04
3.686809999999999892e-04 -3.510170000000000174e-04
4.434299999999999744e-04 -4.138999999999999776e-04
4.170740000000000254e-04 -4.004549999999999733e-04
3.026489999999999953e-04 -3.105440000000000002e-04
1.324160000000000007e-04 -1.574040000000000129e-04
-5.293379999999999792e-05 2.861710000000000084e-05
-2.142550000000000010e-04 2.060689999999999950e-04
-3.215450000000000122e-04 3.336360000000000020e-04
-3.581980000000000016e-04 3.809290000000000115e-04
-3.216639999999999886e-04 3.374219999999999824e-04
-2.220550000000000009e-04 2.175959999999999949e-04
-8.048789999999999894e-05 5.754189999999999875e-05
7.337940000000000424e-05 -9.877739999999999383e-05
2.065109999999999884e-04 -2.166009999999999951e-04
2.903870000000000236e-04 -2.806619999999999905e-04
3.085510000000000076e-04 -2.909780000000000049e-04
2.602249999999999962e-04 -2.505779999999999987e-04
1.592540000000000036e-04 -1.634200000000000041e-04
3.011910000000000103e-05 -4.199270000000000200e-05
-9.777119999999999659e-05 8.894260000000000458e-05
-1.970920000000000029e-04 1.976799999999999911e-04
-2.491540000000000204e-04 2.570909999999999819e-04
-2.472229999999999740e-04 2.549359999999999864e-04
-1.957799999999999992e-04 1.970309999999999911e-04
-1.076700000000000042e-04 1.024739999999999950e-04
-1.421110000000000104e-06 -4.863250000000000405e-06
1.011959999999999981e-04 -1.031830000000000046e-04
1.787059999999999929e-04 -1.755179999999999956e-04
2.148619999999999903e-04 -2.100760000000000127e-04
2.031909999999999999e-04 -2.010249999999999938e-04
1.487609999999999941e-04 -1.504750000000000120e-04
6.621540000000000303e-05 -6.967510000000000652e-05
-2.483809999999999856e-05 2.275359999999999845e-05
-1.049829999999999942e-04 1.056860000000000042e-04
-1.589379999999999884e-04 1.613449999999999943e-04
-1.777240000000000081e-04 1.795909999999999954e-04
-1.594509999999999884e-04 1.593719999999999913e-04
-1.092640000000000028e-04 1.076479999999999966e-04
-3.850879999999999966e-05 3.693640000000000096e-05
3.727209999999999844e-05 -3.753050000000000261e-05
1.016500000000000042e-04 -1.006160000000000002e-04
1.412239999999999882e-04 -1.399720000000000077e-04
1.488179999999999972e-04 -1.484070000000000040e-04
1.248020000000000021e-04 -1.254150000000000046e-04
7.629660000000000402e-05 -7.724689999999999389e-05
1.489379999999999960e-05 -1.534749999999999832e-05
-4.614640000000000256e-05 4.646529999999999709e-05
-9.451970000000000239e-05 9.521029999999999880e-05
-1.210429999999999997e-04 1.214789999999999935e-04
-1.212490000000000041e-04 1.211229999999999989e-04
-9.619689999999999372e-05 9.571489999999999393e-05
-5.222879999999999705e-05 5.184470000000000186e-05
4.884969999999999835e-07 -4.814330000000000203e-07
5.034840000000000062e-05 -5.002629999999999908e-05
8.698269999999999646e-05 -8.666370000000000171e-05
1.034759999999999966e-04 -1.034189999999999936e-04
