-3.956350000000000219e-08 7.344610000000000014e-07
-2.273060000000000106e-07 2.507270000000000137e-06
-6.217280000000000467e-07 3.988730000000000010e-06
-1.261829999999999911e-06 6.840469999999999578e-06
-2.615399999999999981e-06 1.681800000000000059e-05
-5.824399999999999665e-06 3.865800000000000155e-05
-1.205599999999999943e-05 6.883520000000000123e-05
-2.121189999999999930e-05 9.189780000000000637e-05
-3.128770000000000200e-05 9.346839999999999435e-05
-3.882019999999999807e-05 6.628170000000000611e-05
-3.921609999999999880e-05 8.516069999999999256e-06
-2.757919999999999846e-05 -6.489450000000000014e-05
-1.576579999999999947e-06 -1.268770000000000119e-04
3.578299999999999943e-05 -1.623119999999999869e-04
7.669519999999999712e-05 -1.803220000000000127e-04
1.117889999999999964e-04 -2.011749999999999975e-04
1.332659999999999943e-04 -2.343819999999999931e-04
1.370579999999999878e-04 -2.691950000000000137e-04
1.239869999999999904e-04 -2.783630000000000045e-04
9.840910000000000618e-05 -2.296350000000000062e-04
6.437719999999999749e-05 -1.138469999999999961e-04
2.330470000000000068e-05 3.317679999999999718e-05
-2.466580000000000023e-05 1.609330000000000125e-04
-7.824519999999999414e-05 2.499609999999999875e-04
-1.330109999999999908e-04 3.093589999999999903e-04
-1.794900000000000044e-04 3.473130000000000271e-04
-2.046720000000000082e-04 3.649130000000000212e-04
-1.996169999999999965e-04 3.630899999999999948e-04
-1.670959999999999872e-04 3.442820000000000082e-04
-1.205359999999999993e-04 3.124350000000000131e-04
-7.457889999999999843e-05 2.641939999999999848e-04
-3.572490000000000078e-05 1.774649999999999958e-04
-1.047799999999999946e-06 3.929949999999999871e-05
3.480700000000000065e-05 -1.239529999999999972e-04
7.370859999999999424e-05 -2.782430000000000125e-04
1.154890000000000051e-04 -4.059779999999999812e-04
1.600650000000000065e-04 -4.942320000000000480e-04
2.041249999999999879e-04 -5.345999999999999841e-04
2.381370000000000004e-04 -5.306090000000000285e-04
2.501599999999999766e-04 -4.927469999999999767e-04
2.330929999999999992e-04 -4.310329999999999912e-04
1.879860000000000125e-04 -3.467499999999999988e-04
1.217180000000000025e-04 -2.338990000000000047e-04
4.359799999999999830e-05 -9.447889999999999424e-05
-3.652679999999999729e-05 6.502249999999999621e-05
-1.101730000000000038e-04 2.342289999999999965e-04
-1.716110000000000075e-04 3.869109999999999824e-04
-2.169639999999999915e-04 4.904339999999999871e-04
-2.429149999999999875e-04 5.330060000000000396e-04
-2.477450000000000073e-04 5.361930000000000212e-04
-2.329470000000000043e-04 5.256710000000000159e-04
-2.019760000000000056e-04 4.953969999999999598e-04
-1.577410000000000064e-04 4.144199999999999794e-04
-1.025169999999999944e-04 2.595380000000000213e-04
-3.976839999999999688e-05 5.360260000000000073e-05
2.577110000000000132e-05 -1.464269999999999992e-04
9.204600000000000607e-05 -3.210779999999999776e-04
1.618799999999999883e-04 -4.852340000000000234e-04
2.353810000000000017e-04 -6.269889999999999968e-04
3.005920000000000250e-04 -7.133350000000000541e-04
3.372299999999999950e-04 -7.090350000000000038e-04
3.301800000000000134e-04 -5.991819999999999698e-04
2.781600000000000066e-04 -4.250859999999999752e-04
1.909670000000000031e-04 -2.476989999999999878e-04
8.088459999999999465e-05 -8.917250000000000046e-05
-4.137700000000000042e-05 7.785440000000000459e-05
-1.633050000000000094e-04 2.864389999999999862e-04
-2.673139999999999956e-04 5.175079999999999654e-04
-3.356480000000000227e-04 7.070380000000000024e-04
-3.609789999999999874e-04 8.003049999999999617e-04
-3.503210000000000091e-04 7.862190000000000021e-04
-3.157039999999999846e-04 6.878550000000000202e-04
-2.612830000000000122e-04 5.307660000000000069e-04
-1.816660000000000052e-04 3.235809999999999772e-04
-7.247219999999999368e-05 5.945240000000000019e-05
5.971880000000000157e-05 -2.553039999999999802e-04
1.973250000000000123e-04 -5.661270000000000364e-04
3.193250000000000233e-04 -7.938570000000000262e-04
4.093430000000000007e-04 -8.973359999999999887e-04
4.577650000000000057e-04 -8.840340000000000134e-04
4.570870000000000098e-04 -7.823119999999999597e-04
3.989800000000000052e-04 -6.176140000000000536e-04
2.807239999999999909e-04 -4.078819999999999820e-04
1.140999999999999952e-04 -1.382920000000000102e-04
-7.529070000000000066e-05 2.031269999999999951e-04
-2.557689999999999833e-04 5.456449999999999842e-04
-3.985649999999999762e-04 8.062380000000000284e-04
-4.867499999999999865e-04 9.460719999999999503e-04
-5.168030000000000323e-04 9.638000000000000083e-04
-4.907520000000000068e-04 8.869000000000000364e-04
-4.094319999999999926e-04 7.331910000000000076e-04
-2.749399999999999934e-04 4.896710000000000082e-04
-9.839809999999999562e-05 1.429409999999999990e-04
9.802950000000000053e-05 -2.963730000000000032e-04
2.887380000000000263e-04 -7.583390000000000183e-04
4.509180000000000219e-04 -1.086649999999999986e-03
5.642899999999999522e-04 -1.174130000000000009e-03
6.114550000000000063e-04 -1.044390000000000075e-03
5.790969999999999885e-04 -7.938319999999999578e-04
4.589439999999999752e-04 -5.129149999999999638e-04
2.530640000000000016e-04 -2.051850000000000082e-04
-1.570649999999999946e-05 1.605789999999999952e-04
-2.971960000000000053e-04 5.497740000000000526e-04
-5.280449999999999901e-04 9.030550000000000469e-04
-6.643330000000000242e-04 1.168439999999999973e-03
-6.987160000000000506e-04 1.263699999999999980e-03
-6.446419999999999581e-04 1.133319999999999944e-03
-5.120590000000000384e-04 7.735249999999999505e-04
-3.027950000000000173e-04 2.447829999999999906e-04
-2.701960000000000131e-05 -3.195900000000000216e-04
2.833250000000000156e-04 -8.289190000000000100e-04
5.785550000000000198e-04 -1.213429999999999934e-03
8.012349999999999681e-04 -1.389169999999999901e-03
8.978919999999999610e-04 -1.326029999999999960e-03
8.372479999999999636e-04 -1.065240000000000067e-03
6.260589999999999905e-04 -6.974350000000000471e-04
3.068470000000000117e-04 -2.776699999999999893e-04
-6.228520000000000465e-05 2.109350000000000125e-04
-4.245629999999999803e-04 7.588609999999999974e-04
-7.252880000000000394e-04 1.251539999999999988e-03
-9.129509999999999535e-04 1.548469999999999925e-03
-9.547029999999999969e-04 1.566829999999999959e-03
-8.482960000000000110e-04 1.286559999999999961e-03
-6.125500000000000085e-04 7.378550000000000430e-04
-2.715870000000000003e-04 8.077179999999999804e-06
1.417919999999999868e-04 -7.354020000000000175e-04
5.695340000000000125e-04 -1.306560000000000013e-03
9.288340000000000181e-04 -1.601100000000000049e-03
1.137949999999999986e-03 -1.614769999999999964e-03
1.143769999999999900e-03 -1.385289999999999959e-03
9.337450000000000394e-04 -9.587629999999999547e-04
5.385950000000000026e-04 -3.963559999999999978e-04
3.008830000000000125e-05 2.522289999999999732e-04
-4.940419999999999838e-04 9.361600000000000086e-04
-9.350409999999999538e-04 1.533290000000000087e-03
-1.214519999999999966e-03 1.881999999999999992e-03
-1.286500000000000100e-03 1.870120000000000072e-03
-1.139089999999999938e-03 1.457460000000000049e-03
-7.885249999999999898e-04 6.948969999999999843e-04
-2.764290000000000193e-04 -2.521800000000000148e-04
3.237809999999999820e-04 -1.130549999999999914e-03
9.047600000000000043e-04 -1.720359999999999988e-03
1.344949999999999922e-03 -1.958360000000000135e-03
1.543419999999999992e-03 -1.889520000000000002e-03
1.445340000000000036e-03 -1.537750000000000054e-03
1.051969999999999945e-03 -8.927190000000000429e-04
4.270999999999999732e-04 -2.261359999999999979e-05
-3.044559999999999866e-04 8.971139999999999627e-04
-9.866770000000000401e-04 1.671170000000000034e-03
-1.482070000000000045e-03 2.142180000000000039e-03
-1.703569999999999954e-03 2.208530000000000215e-03
-1.612289999999999947e-03 1.808680000000000010e-03
-1.207600000000000080e-03 9.781760000000000888e-04
-5.382129999999999510e-04 -9.427310000000000377e-05
2.810050000000000243e-04 -1.137530000000000095e-03
1.081640000000000032e-03 -1.902529999999999933e-03
1.686320000000000050e-03 -2.247780000000000004e-03
1.956550000000000043e-03 -2.147609999999999884e-03
1.821319999999999970e-03 -1.632720000000000048e-03
1.290740000000000073e-03 -8.002620000000000436e-04
4.642900000000000152e-04 1.731090000000000124e-04
-4.820110000000000171e-04 1.130139999999999964e-03
-1.341879999999999939e-03 1.939659999999999952e-03
-1.933040000000000019e-03 2.419919999999999884e-03
-2.129919999999999990e-03 2.358879999999999831e-03
-1.880340000000000093e-03 1.685770000000000064e-03
-1.222299999999999949e-03 5.933279999999999544e-04
-2.864400000000000019e-04 -5.987510000000000141e-04
7.340060000000000464e-04 -1.606119999999999944e-03
1.628890000000000025e-03 -2.253579999999999819e-03
2.206270000000000193e-03 -2.444229999999999927e-03
2.319349999999999971e-03 -2.102329999999999911e-03
1.907099999999999898e-03 -1.283660000000000053e-03
1.039449999999999923e-03 -2.047290000000000112e-04
-8.339089999999999470e-05 8.985199999999999828e-04
-1.195080000000000057e-03 1.805530000000000069e-03
-2.041450000000000209e-03 2.286470000000000082e-03
-2.432479999999999885e-03 2.224900000000000141e-03
-2.275969999999999990e-03 1.679860000000000034e-03
-1.598739999999999970e-03 7.799519999999999890e-04
-5.454830000000000356e-04 -2.883860000000000134e-04
6.480760000000000340e-04 -1.293880000000000073e-03
1.705799999999999938e-03 -2.022139999999999962e-03
2.375040000000000137e-03 -2.263879999999999799e-03
2.487319999999999896e-03 -1.907719999999999902e-03
2.007559999999999813e-03 -1.098940000000000073e-03
1.052559999999999911e-03 -1.224209999999999990e-04
-1.425239999999999927e-04 7.771250000000000380e-04
-1.292420000000000070e-03 1.439240000000000051e-03
-2.126079999999999810e-03 1.748470000000000016e-03
-2.437320000000000198e-03 1.613920000000000025e-03
-2.138849999999999866e-03 1.109970000000000054e-03
-1.307079999999999961e-03 4.183859999999999749e-04
-1.687539999999999906e-04 -3.107289999999999857e-04
9.759480000000000282e-04 -9.457860000000000008e-04
1.842799999999999907e-03 -1.350220000000000066e-03
2.228480000000000131e-03 -1.425009999999999992e-03
2.053210000000000191e-03 -1.180920000000000017e-03
1.379210000000000071e-03 -6.692739999999999757e-04
3.927170000000000010e-04 -2.317079999999999845e-05
-6.451169999999999561e-04 5.321559999999999919e-04
-1.468759999999999944e-03 8.748459999999999787e-04
-1.883200000000000022e-03 1.008610000000000062e-03
-1.810490000000000103e-03 9.605629999999999984e-04
-1.293730000000000097e-03 7.029890000000000010e-04
-4.789479999999999823e-04 2.816399999999999937e-04
4.100770000000000109e-04 -1.261420000000000130e-04
1.129250000000000045e-03 -4.532730000000000222e-04
1.501629999999999892e-03 -7.133250000000000051e-04
1.471110000000000083e-03 -8.628149999999999578e-04
1.092380000000000000e-03 -8.472889999999999849e-04
4.932849999999999908e-04 -6.501150000000000461e-04
-1.601379999999999904e-04 -3.091360000000000028e-04
-7.023790000000000458e-04 1.137880000000000022e-04
-1.014769999999999908e-03 5.336050000000000385e-04
-1.056440000000000070e-03 8.365109999999999603e-04
-8.616980000000000429e-04 9.430210000000000502e-04
-5.128199999999999859e-04 8.231399999999999828e-04
-1.066639999999999938e-04 4.808039999999999862e-04
2.687009999999999876e-04 1.982490000000000055e-05
5.435039999999999923e-04 -3.876729999999999998e-04
6.756690000000000525e-04 -6.545880000000000015e-04
6.613689999999999760e-04 -7.760389999999999606e-04
5.276779999999999578e-04 -7.253939999999999737e-04
3.115659999999999914e-04 -4.929620000000000009e-04
5.246300000000000236e-05 -1.483239999999999982e-04
-2.017909999999999929e-04 2.011609999999999939e-04
-3.995809999999999813e-04 4.624909999999999872e-04
-5.035299999999999715e-04 5.809740000000000520e-04
-5.019119999999999745e-04 5.501570000000000115e-04
-4.041100000000000052e-04 4.038269999999999946e-04
-2.316560000000000060e-04 1.955150000000000009e-04
-1.643350000000000114e-05 -2.224750000000000002e-05
1.981720000000000129e-04 -2.110229999999999886e-04
3.639110000000000196e-04 -3.462270000000000039e-04
4.427669999999999978e-04 -4.131560000000000267e-04
4.204109999999999835e-04 -4.038189999999999770e-04
3.091300000000000167e-04 -3.171940000000000263e-04
1.406909999999999986e-04 -1.657969999999999984e-04
-4.454719999999999931e-05 2.031300000000000016e-05
-2.075319999999999910e-04 1.995230000000000072e-04
-3.179309999999999753e-04 3.300910000000000215e-04
-3.583999999999999838e-04 3.810490000000000036e-04
-3.254970000000000042e-04 3.411430000000000235e-04
-2.285760000000000016e-04 2.240649999999999901e-04
-8.823629999999999408e-05 6.528940000000000546e-05
6.608100000000000649e-05 -9.146139999999999815e-05
2.012080000000000021e-04 -2.112539999999999937e-04
2.881310000000000099e-04 -2.783460000000000079e-04
3.096740000000000170e-04 -2.920940000000000125e-04
2.643419999999999841e-04 -2.547809999999999853e-04
1.654190000000000098e-04 -1.696939999999999918e-04
3.702859999999999984e-05 -4.891329999999999805e-05
-9.156260000000000321e-05 8.283979999999999924e-05
-1.928929999999999978e-04 1.935919999999999991e-04
-2.478210000000000113e-04 2.557659999999999903e-04
-2.489500000000000068e-04 2.565749999999999888e-04
-2.000749999999999979e-04 2.012369999999999979e-04
-1.135199999999999973e-04 1.083060000000000029e-04
-7.539630000000000182e-06 1.305349999999999920e-06
9.609099999999999868e-05 -9.800849999999999515e-05
1.756310000000000130e-04 -1.724049999999999866e-04
2.143729999999999887e-04 -2.096049999999999964e-04
2.052950000000000055e-04 -2.031900000000000112e-04
1.529430000000000026e-04 -1.547110000000000032e-04
7.155210000000000227e-05 -7.501140000000000487e-05
-1.949659999999999897e-05 1.746530000000000031e-05
-1.007720000000000035e-04 1.015299999999999986e-04
-1.567220000000000082e-04 1.591359999999999888e-04
-1.779030000000000075e-04 1.797260000000000068e-04
-1.618850000000000128e-04 1.617579999999999919e-04
-1.133430000000000022e-04 1.117159999999999990e-04
-4.331480000000000074e-05 4.177139999999999787e-05
3.276090000000000003e-05 -3.298070000000000087e-05
9.835099999999999398e-05 -9.730170000000000388e-05
1.397760000000000116e-04 -1.385400000000000119e-04
1.494610000000000112e-04 -1.490809999999999911e-04
1.273360000000000019e-04 -1.279669999999999896e-04
8.013039999999999432e-05 -8.107400000000000338e-05
1.917539999999999940e-05 -1.960550000000000059e-05
-4.233830000000000086e-05 4.267630000000000338e-05
-9.197169999999999900e-05 9.266140000000000021e-05
-1.202410000000000029e-04 1.206579999999999957e-04
-1.222859999999999876e-04 1.221430000000000128e-04
-9.878049999999999385e-05 9.829590000000000191e-05
-5.575960000000000058e-05 5.538809999999999914e-05
-3.221559999999999950e-06 3.243550000000000057e-06
4.723499999999999753e-05 -4.690849999999999989e-05
8.509260000000000586e-05 -8.478160000000000156e-05
1.031619999999999993e-04 -1.031159999999999933e-04
