-3.629209999999999713e-08 7.391800000000000320e-07
-2.147049999999999893e-07 2.530990000000000140e-06
-6.100560000000000465e-07 4.042459999999999578e-06
-1.277119999999999937e-06 6.934709999999999712e-06
-2.647659999999999821e-06 1.702380000000000123e-05
-5.825340000000000201e-06 3.915280000000000230e-05
-1.208859999999999976e-05 6.982950000000000626e-05
-2.162909999999999930e-05 9.348420000000000189e-05
-3.262920000000000262e-05 9.557239999999999995e-05
-4.136669999999999817e-05 6.873580000000000011e-05
-4.261789999999999730e-05 1.099560000000000023e-05
-3.085049999999999880e-05 -6.305709999999999636e-05
-3.342560000000000147e-06 -1.266130000000000022e-04
3.679690000000000001e-05 -1.644489999999999971e-04
8.093880000000000508e-05 -1.853020000000000090e-04
1.184730000000000022e-04 -2.089220000000000031e-04
1.408480000000000040e-04 -2.441309999999999975e-04
1.442840000000000030e-04 -2.794990000000000018e-04
1.304669999999999962e-04 -2.875980000000000203e-04
1.043080000000000049e-04 -2.366710000000000114e-04
6.964729999999999977e-05 -1.182380000000000020e-04
2.706779999999999858e-05 3.152439999999999924e-05
-2.405659999999999935e-05 1.621840000000000044e-04
-8.216619999999999946e-05 2.546410000000000036e-04
-1.413350000000000012e-04 3.181899999999999876e-04
-1.905689999999999977e-04 3.603020000000000072e-04
-2.165380000000000061e-04 3.804610000000000153e-04
-2.109000000000000035e-04 3.784190000000000101e-04
-1.768650000000000083e-04 3.570059999999999900e-04
-1.278929999999999900e-04 3.216459999999999762e-04
-7.888449999999999325e-05 2.701199999999999955e-04
-3.714690000000000174e-05 1.804200000000000107e-04
-5.191709999999999841e-07 3.919570000000000150e-05
3.654060000000000045e-05 -1.271730000000000104e-04
7.687149999999999745e-05 -2.842690000000000256e-04
1.208559999999999962e-04 -4.146679999999999811e-04
1.680859999999999895e-04 -5.060219999999999605e-04
2.147739999999999871e-04 -5.497429999999999982e-04
2.510899999999999829e-04 -5.481699999999999507e-04
2.644720000000000252e-04 -5.107490000000000120e-04
2.468699999999999996e-04 -4.474319999999999947e-04
1.989840000000000044e-04 -3.599459999999999856e-04
1.284989999999999906e-04 -2.425689999999999878e-04
4.592839999999999889e-05 -9.760249999999999937e-05
-3.830679999999999719e-05 6.771140000000000362e-05
-1.157379999999999954e-04 2.421289999999999987e-04
-1.806090000000000050e-04 3.990099999999999897e-04
-2.288129999999999927e-04 5.056569999999999598e-04
-2.567110000000000160e-04 5.501669999999999521e-04
-2.621160000000000091e-04 5.540150000000000413e-04
-2.460960000000000101e-04 5.429490000000000358e-04
-2.124539999999999957e-04 5.108829999999999535e-04
-1.653670000000000042e-04 4.266189999999999891e-04
-1.081270000000000034e-04 2.670770000000000045e-04
-4.371879999999999891e-05 5.600529999999999723e-05
2.469380000000000064e-05 -1.486090000000000132e-04
9.570130000000000477e-05 -3.273929999999999874e-04
1.707860000000000010e-04 -4.964529999999999985e-04
2.483799999999999767e-04 -6.442210000000000514e-04
3.164539999999999758e-04 -7.358679999999999822e-04
3.555039999999999763e-04 -7.338349999999999561e-04
3.500660000000000056e-04 -6.226349999999999637e-04
2.971219999999999786e-04 -4.446639999999999968e-04
2.050579999999999872e-04 -2.618610000000000057e-04
8.677280000000000377e-05 -9.627630000000000519e-05
-4.450029999999999811e-05 7.972870000000000120e-05
-1.736599999999999873e-04 2.981980000000000069e-04
-2.822500000000000031e-04 5.376740000000000295e-04
-3.534020000000000022e-04 7.320259999999999875e-04
-3.808090000000000194e-04 8.263839999999999944e-04
-3.712930000000000245e-04 8.112370000000000258e-04
-3.358249999999999907e-04 7.109669999999999575e-04
-2.779540000000000157e-04 5.507490000000000085e-04
-1.927669999999999926e-04 3.379190000000000015e-04
-7.699400000000000178e-05 6.520439999999999526e-05
6.186960000000000137e-05 -2.599589999999999822e-04
2.060800000000000056e-04 -5.810830000000000335e-04
3.350529999999999784e-04 -8.173279999999999781e-04
4.322810000000000172e-04 -9.267680000000000145e-04
4.864250000000000193e-04 -9.168390000000000220e-04
4.874389999999999929e-04 -8.156069999999999856e-04
4.255870000000000031e-04 -6.474389999999999789e-04
2.988730000000000098e-04 -4.294370000000000153e-04
1.213720000000000028e-04 -1.474579999999999966e-04
-7.877679999999999427e-05 2.083429999999999939e-04
-2.686750000000000119e-04 5.644180000000000160e-04
-4.199210000000000204e-04 8.352220000000000477e-04
-5.155630000000000239e-04 9.809849999999999733e-04
-5.502249999999999979e-04 1.000989999999999996e-03
-5.236050000000000123e-04 9.231890000000000408e-04
-4.360939999999999890e-04 7.646760000000000492e-04
-2.917989999999999755e-04 5.115519999999999703e-04
-1.046460000000000006e-04 1.510980000000000092e-04
1.015979999999999986e-04 -3.036170000000000036e-04
3.015040000000000190e-04 -7.799579999999999751e-04
4.734750000000000026e-04 -1.119690000000000008e-03
5.974829999999999985e-04 -1.214540000000000064e-03
6.531840000000000129e-04 -1.087889999999999994e-03
6.220649999999999877e-04 -8.361220000000000154e-04
4.929059999999999865e-04 -5.485419999999999532e-04
2.703159999999999916e-04 -2.269499999999999870e-04
-1.682999999999999980e-05 1.594169999999999951e-04
-3.139940000000000027e-04 5.711880000000000342e-04
-5.571970000000000525e-04 9.423139999999999772e-04
-7.028670000000000317e-04 1.217289999999999995e-03
-7.427039999999999554e-04 1.314779999999999985e-03
-6.888250000000000059e-04 1.181020000000000073e-03
-5.505409999999999861e-04 8.122609999999999943e-04
-3.293589999999999886e-04 2.685210000000000266e-04
-3.547770000000000085e-05 -3.156659999999999826e-04
2.970669999999999799e-04 -8.470419999999999989e-04
6.136709999999999865e-04 -1.253189999999999946e-03
8.519909999999999680e-04 -1.446690000000000042e-03
9.564029999999999841e-04 -1.392650000000000051e-03
8.950260000000000464e-04 -1.128789999999999958e-03
6.735209999999999505e-04 -7.463160000000000150e-04
3.342749999999999801e-04 -3.039590000000000217e-04
-6.080169999999999759e-05 2.114990000000000023e-04
-4.482639999999999758e-04 7.873389999999999642e-04
-7.687380000000000385e-04 1.304220000000000032e-03
-9.698649999999999849e-04 1.616030000000000071e-03
-1.018430000000000073e-03 1.637430000000000049e-03
-9.100080000000000191e-04 1.350040000000000051e-03
-6.617920000000000226e-04 7.861559999999999859e-04
-2.993830000000000167e-04 3.320040000000000149e-05
1.411929999999999880e-04 -7.406869999999999643e-04
5.989090000000000082e-04 -1.344609999999999989e-03
9.868439999999999591e-04 -1.666900000000000022e-03
1.216269999999999981e-03 -1.697649999999999984e-03
1.227100000000000066e-03 -1.471560000000000012e-03
1.004839999999999900e-03 -1.032949999999999927e-03
5.839900000000000516e-04 -4.432080000000000026e-04
4.231889999999999898e-05 2.433579999999999966e-04
-5.167919999999999675e-04 9.676290000000000151e-04
-9.894389999999999435e-04 1.599079999999999903e-03
-1.292549999999999949e-03 1.970190000000000136e-03
-1.376279999999999908e-03 1.965789999999999812e-03
-1.226010000000000034e-03 1.544959999999999953e-03
-8.570989999999999468e-04 7.592649999999999616e-04
-3.126979999999999799e-04 -2.236100000000000088e-04
3.297349999999999999e-04 -1.145460000000000055e-03
9.559739999999999514e-04 -1.778789999999999928e-03
1.434509999999999952e-03 -2.052040000000000201e-03
1.653830000000000014e-03 -2.003179999999999805e-03
1.553340000000000059e-03 -1.650619999999999995e-03
1.136450000000000004e-03 -9.809669999999999068e-04
4.735629999999999788e-04 -6.547929999999999495e-05
-3.045489999999999873e-04 9.095709999999999689e-04
-1.036299999999999982e-03 1.735250000000000030e-03
-1.575529999999999899e-03 2.244649999999999944e-03
-1.824380000000000012e-03 2.331810000000000133e-03
-1.736640000000000015e-03 1.932020000000000005e-03
-1.311019999999999981e-03 1.077859999999999929e-03
-6.000060000000000419e-04 -4.038940000000000330e-05
2.756929999999999776e-04 -1.142739999999999945e-03
1.138179999999999921e-03 -1.967369999999999969e-03
1.796140000000000106e-03 -2.361110000000000032e-03
2.097130000000000001e-03 -2.289049999999999939e-03
1.962510000000000209e-03 -1.774369999999999940e-03
1.403230000000000102e-03 -9.109139999999999729e-04
5.249029999999999582e-04 1.194229999999999982e-04
-4.871359999999999926e-04 1.145839999999999966e-03
-1.413519999999999924e-03 2.021440000000000216e-03
-2.057209999999999855e-03 2.551490000000000008e-03
-2.281790000000000120e-03 2.513979999999999861e-03
-2.030639999999999789e-03 1.832029999999999900e-03
-1.340990000000000021e-03 6.996119999999999553e-04
-3.457269999999999918e-04 -5.542789999999999696e-04
7.521370000000000529e-04 -1.632879999999999965e-03
1.723659999999999906e-03 -2.349050000000000096e-03
2.356389999999999874e-03 -2.592950000000000116e-03
2.491039999999999921e-03 -2.274180000000000212e-03
2.064090000000000195e-03 -1.438489999999999951e-03
1.148689999999999954e-03 -3.052309999999999919e-04
-4.728479999999999831e-05 8.746659999999999635e-04
-1.242700000000000011e-03 1.862270000000000071e-03
-2.163519999999999940e-03 2.411429999999999997e-03
-2.602119999999999867e-03 2.391509999999999903e-03
-2.455450000000000080e-03 1.851290000000000010e-03
-1.747279999999999927e-03 9.173579999999999538e-04
-6.281690000000000364e-04 -2.162839999999999912e-04
6.510809999999999688e-04 -1.303619999999999909e-03
1.793539999999999935e-03 -2.111979999999999847e-03
2.526619999999999821e-03 -2.413639999999999883e-03
2.668349999999999889e-03 -2.082399999999999876e-03
2.177370000000000087e-03 -1.257379999999999999e-03
1.171240000000000041e-03 -2.286830000000000058e-04
-1.046449999999999984e-04 7.457190000000000476e-04
-1.344350000000000015e-03 1.489110000000000086e-03
-2.252640000000000198e-03 1.868209999999999923e-03
-2.605350000000000200e-03 1.774060000000000047e-03
-2.307360000000000053e-03 1.269179999999999961e-03
-1.435719999999999922e-03 5.369619999999999862e-04
-2.266749999999999939e-04 -2.589679999999999912e-04
1.000669999999999945e-03 -9.694099999999999766e-04
1.939559999999999895e-03 -1.440700000000000053e-03
2.369599999999999918e-03 -1.558279999999999995e-03
2.203249999999999913e-03 -1.322480000000000010e-03
1.502850000000000019e-03 -7.841179999999999895e-04
4.616220000000000197e-04 -8.567260000000000370e-05
-6.457980000000000534e-04 5.324750000000000273e-04
-1.535780000000000044e-03 9.328430000000000402e-04
-1.995040000000000008e-03 1.106940000000000051e-03
-1.934259999999999929e-03 1.074120000000000023e-03
-1.397140000000000057e-03 8.033369999999999964e-04
-5.400360000000000316e-04 3.438000000000000084e-04
4.007579999999999736e-04 -1.146780000000000022e-04
1.169600000000000023e-03 -4.885519999999999533e-04
1.577499999999999909e-03 -7.803839999999999605e-04
1.559030000000000095e-03 -9.432810000000000240e-04
1.168739999999999927e-03 -9.225120000000000065e-04
5.428889999999999584e-04 -7.033299999999999491e-04
-1.426819999999999868e-04 -3.304609999999999926e-04
-7.154900000000000496e-04 1.237490000000000107e-04
-1.051459999999999938e-03 5.663579999999999873e-04
-1.105309999999999973e-03 8.814740000000000379e-04
-9.103759999999999587e-04 9.907860000000000104e-04
-5.522619999999999786e-04 8.656430000000000331e-04
-1.328029999999999955e-04 5.113270000000000055e-04
2.567660000000000146e-04 3.427960000000000295e-05
5.460890000000000362e-04 -3.894570000000000085e-04
6.923279999999999755e-04 -6.699110000000000308e-04
6.886210000000000464e-04 -8.018720000000000231e-04
5.593090000000000214e-04 -7.584949999999999809e-04
3.420310000000000190e-04 -5.276540000000000136e-04
7.828259999999999483e-05 -1.768879999999999910e-04
-1.841050000000000000e-04 1.846290000000000106e-04
-3.944199999999999811e-04 4.597660000000000158e-04
-5.134920000000000500e-04 5.912349999999999594e-04
-5.250650000000000152e-04 5.717689999999999665e-04
-4.346549999999999915e-04 4.335419999999999769e-04
-2.626290000000000091e-04 2.272209999999999985e-04
-4.151769999999999723e-05 3.817489999999999596e-06
1.839809999999999991e-04 -1.965880000000000090e-04
3.633740000000000212e-04 -3.458070000000000046e-04
4.553390000000000258e-04 -4.257889999999999852e-04
4.424540000000000027e-04 -4.262140000000000091e-04
3.355400000000000028e-04 -3.444030000000000160e-04
1.664109999999999895e-04 -1.920009999999999935e-04
-2.408909999999999947e-05 4.112150000000000198e-07
-1.962929999999999992e-04 1.893999999999999959e-04
-3.184029999999999803e-04 3.310440000000000106e-04
-3.704550000000000030e-04 3.925120000000000258e-04
-3.461520000000000157e-04 3.608490000000000005e-04
-2.529899999999999749e-04 2.480350000000000198e-04
-1.111200000000000067e-04 8.835980000000000060e-05
4.938649999999999887e-05 -7.433379999999999632e-05
1.939409999999999919e-04 -2.035999999999999887e-04
2.914349999999999905e-04 -2.814369999999999958e-04
3.223160000000000087e-04 -3.048850000000000193e-04
2.831840000000000182e-04 -2.742069999999999989e-04
1.864140000000000079e-04 -1.913010000000000036e-04
5.607099999999999899e-05 -6.795849999999999656e-05
-7.813069999999999380e-05 7.011339999999999858e-05
-1.877659999999999909e-04 1.892049999999999884e-04
-2.520239999999999980e-04 2.600160000000000123e-04
-2.613660000000000180e-04 2.683510000000000062e-04
-2.176880000000000069e-04 2.181870000000000033e-04
-1.323039999999999991e-04 1.269820000000000117e-04
-2.351269999999999936e-05 1.771479999999999851e-05
8.603029999999999521e-05 -8.741049999999999937e-05
1.731869999999999937e-04 -1.697459999999999974e-04
2.196459999999999906e-04 -2.150979999999999928e-04
2.168960000000000050e-04 -2.152350000000000086e-04
1.683479999999999948e-04 -1.704250000000000090e-04
8.759190000000000411e-05 -9.098109999999999531e-05
-6.099470000000000235e-06 4.446630000000000318e-06
-9.277699999999999619e-05 9.388250000000000111e-05
-1.557229999999999997e-04 1.581479999999999908e-04
-1.838859999999999941e-04 1.854000000000000071e-04
-1.732480000000000055e-04 1.727940000000000129e-04
-1.273900000000000119e-04 1.257080000000000101e-04
-5.699670000000000268e-05 5.568179999999999939e-05
2.217230000000000115e-05 -2.211670000000000121e-05
9.279829999999999546e-05 -9.166550000000000522e-05
1.401530000000000115e-04 -1.390630000000000067e-04
1.555019999999999894e-04 -1.553419999999999909e-04
1.376620000000000111e-04 -1.383970000000000100e-04
9.249660000000000477e-05 -9.336120000000000323e-05
3.092819999999999977e-05 -3.118620000000000306e-05
-3.366899999999999900e-05 3.411999999999999858e-05
-8.810430000000000279e-05 8.876280000000000335e-05
-1.217719999999999989e-04 1.220570000000000005e-04
-1.286260000000000116e-04 1.283730000000000125e-04
-1.083779999999999981e-04 1.078939999999999939e-04
-6.650299999999999669e-05 6.622869999999999831e-05
-1.289359999999999968e-05 1.301409999999999962e-05
4.054139999999999778e-05 -4.019819999999999741e-05
8.263249999999999870e-05 -8.238870000000000622e-05
1.053039999999999933e-04 -1.053410000000000067e-04
