-4.976570000000000073e-08 6.917989999999999599e-07
-2.545140000000000250e-07 2.286969999999999891e-06
-5.973980000000000399e-07 3.472110000000000033e-06
-1.086090000000000006e-06 5.936990000000000225e-06
-2.324939999999999800e-06 1.498070000000000041e-05
-5.415270000000000077e-06 3.439729999999999676e-05
-1.087600000000000056e-05 6.016970000000000093e-05
-1.770569999999999889e-05 7.791239999999999624e-05
-2.386690000000000014e-05 7.570160000000000040e-05
-2.723540000000000016e-05 4.869039999999999718e-05
-2.498389999999999978e-05 -3.465749999999999810e-06
-1.374939999999999917e-05 -6.606860000000000640e-05
7.260390000000000124e-06 -1.149859999999999999e-04
3.446569999999999766e-05 -1.391770000000000127e-04
6.205379999999999870e-05 -1.491239999999999905e-04
8.425419999999999709e-05 -1.626750000000000103e-04
9.578250000000000663e-05 -1.865389999999999973e-04
9.338790000000000079e-05 -2.104379999999999933e-04
7.843159999999999629e-05 -2.114840000000000101e-04
5.581429999999999855e-05 -1.641369999999999906e-04
2.951200000000000137e-05 -6.484220000000000066e-05
9.637379999999999706e-07 5.143269999999999971e-05
-2.929279999999999845e-05 1.432419999999999950e-04
-6.121130000000000126e-05 2.016730000000000053e-04
-9.379920000000000141e-05 2.399219999999999977e-04
-1.207209999999999983e-04 2.642070000000000269e-04
-1.313379999999999951e-04 2.731020000000000019e-04
-1.205899999999999957e-04 2.672360000000000143e-04
-9.524020000000000337e-05 2.507319999999999840e-04
-6.764630000000000317e-05 2.300009999999999956e-04
-4.529860000000000028e-05 2.024729999999999976e-04
-2.694769999999999951e-05 1.439789999999999983e-04
-7.180020000000000418e-06 3.835470000000000058e-05
1.616069999999999928e-05 -9.146329999999999554e-05
4.150390000000000085e-05 -2.151389999999999878e-04
6.981300000000000396e-05 -3.180079999999999951e-04
1.042440000000000001e-04 -3.893190000000000040e-04
1.418729999999999883e-04 -4.227389999999999924e-04
1.717210000000000047e-04 -4.216329999999999796e-04
1.825220000000000119e-04 -3.926900000000000095e-04
1.694830000000000034e-04 -3.421189999999999952e-04
1.343159999999999927e-04 -2.714579999999999749e-04
8.255620000000000081e-05 -1.778329999999999896e-04
2.237300000000000077e-05 -6.473949999999999909e-05
-3.706449999999999724e-05 6.298690000000000506e-05
-8.903739999999999561e-05 1.974389999999999912e-04
-1.299700000000000041e-04 3.152170000000000145e-04
-1.567639999999999919e-04 3.887930000000000162e-04
-1.669209999999999965e-04 4.121969999999999974e-04
-1.619170000000000017e-04 4.086499999999999855e-04
-1.467209999999999934e-04 4.005069999999999789e-04
-1.244309999999999882e-04 3.788749999999999800e-04
-9.461410000000000610e-05 3.146460000000000229e-04
-5.786259999999999722e-05 1.889319999999999997e-04
-1.861970000000000064e-05 2.559760000000000036e-05
1.866760000000000064e-05 -1.244349999999999970e-04
5.650039999999999864e-05 -2.514449999999999888e-04
1.031030000000000054e-04 -3.765700000000000080e-04
1.583459999999999913e-04 -4.896409999999999695e-04
2.062719999999999929e-04 -5.584789999999999633e-04
2.281320000000000038e-04 -5.491660000000000205e-04
2.173339999999999897e-04 -4.494939999999999895e-04
1.792420000000000027e-04 -3.034700000000000201e-04
1.218829999999999984e-04 -1.690999999999999903e-04
4.944529999999999905e-05 -5.892110000000000072e-05
-3.515330000000000104e-05 6.259139999999999843e-05
-1.222849999999999990e-04 2.280050000000000100e-04
-1.934419999999999955e-04 4.133399999999999965e-04
-2.316730000000000026e-04 5.560940000000000327e-04
-2.356720000000000028e-04 6.130349999999999471e-04
-2.195339999999999889e-04 5.867980000000000288e-04
-1.960060000000000068e-04 5.060029999999999866e-04
-1.631950000000000121e-04 3.900649999999999864e-04
-1.104179999999999989e-04 2.357120000000000092e-04
-3.389890000000000167e-05 2.861919999999999867e-05
5.673479999999999761e-05 -2.237530000000000107e-04
1.446979999999999892e-04 -4.651060000000000155e-04
2.159030000000000096e-04 -6.250679999999999995e-04
2.649400000000000214e-04 -6.799679999999999787e-04
2.916950000000000185e-04 -6.502679999999999615e-04
2.910969999999999812e-04 -5.646470000000000438e-04
2.512160000000000152e-04 -4.395860000000000023e-04
1.666449999999999876e-04 -2.828540000000000264e-04
4.937649999999999727e-05 -7.562559999999999638e-05
-7.732880000000000407e-05 1.904590000000000005e-04
-1.891069999999999904e-04 4.451030000000000242e-04
-2.677870000000000163e-04 6.205759999999999619e-04
-3.090480000000000267e-04 6.998059999999999741e-04
-3.187309999999999948e-04 6.944930000000000200e-04
-2.987360000000000211e-04 6.318219999999999826e-04
-2.433640000000000098e-04 5.208619999999999743e-04
-1.505529999999999933e-04 3.399009999999999835e-04
-3.182470000000000042e-05 7.294819999999999386e-05
9.216100000000000073e-05 -2.677730000000000127e-04
2.042169999999999999e-04 -6.165609999999999537e-04
2.933309999999999737e-04 -8.384030000000000432e-04
3.503709999999999832e-04 -8.594380000000000205e-04
3.690939999999999868e-04 -7.239720000000000270e-04
3.438499999999999825e-04 -5.215250000000000051e-04
2.648129999999999733e-04 -3.189959999999999931e-04
1.263410000000000021e-04 -1.009450000000000034e-04
-5.465620000000000027e-05 1.681270000000000117e-04
-2.326689999999999911e-04 4.516359999999999971e-04
-3.584449999999999876e-04 6.951089999999999613e-04
-4.142729999999999958e-04 8.620770000000000472e-04
-4.132429999999999871e-04 8.954530000000000475e-04
-3.680259999999999760e-04 7.660530000000000464e-04
-2.764840000000000179e-04 4.793880000000000255e-04
-1.349269999999999907e-04 7.986719999999999996e-05
4.439839999999999829e-05 -3.297420000000000017e-04
2.336609999999999978e-04 -6.857690000000000270e-04
4.007500000000000103e-04 -9.353659999999999752e-04
5.115640000000000508e-04 -1.011399999999999973e-03
5.352129999999999865e-04 -9.037560000000000255e-04
4.613679999999999778e-04 -6.640370000000000257e-04
3.075970000000000028e-04 -3.762540000000000199e-04
1.051850000000000034e-04 -8.064009999999999386e-05
-1.169960000000000027e-04 2.516570000000000200e-04
-3.291820000000000206e-04 6.230320000000000346e-04
-4.904230000000000308e-04 9.421819999999999588e-04
-5.619769999999999627e-04 1.102880000000000093e-03
-5.349709999999999709e-04 1.053859999999999996e-03
-4.298130000000000266e-04 7.947219999999999849e-04
-2.672570000000000197e-04 3.608540000000000250e-04
-5.575420000000000229e-05 -1.755489999999999958e-04
1.885210000000000065e-04 -6.861880000000000106e-04
4.239010000000000195e-04 -1.035689999999999918e-03
5.968240000000000307e-04 -1.159819999999999992e-03
6.671589999999999595e-04 -1.074770000000000066e-03
6.159629999999999706e-04 -8.280930000000000148e-04
4.433989999999999741e-04 -4.716470000000000059e-04
1.752550000000000017e-04 -6.118460000000000370e-05
-1.347890000000000134e-04 3.738990000000000195e-04
-4.229419999999999903e-04 8.101929999999999592e-04
-6.348989999999999669e-04 1.158830000000000016e-03
-7.325800000000000367e-04 1.304430000000000086e-03
-6.994699999999999963e-04 1.186070000000000006e-03
-5.433690000000000351e-04 7.977550000000000353e-04
-2.876150000000000169e-04 1.939859999999999957e-04
3.514680000000000034e-05 -4.877670000000000074e-04
3.755760000000000240e-04 -1.049360000000000050e-03
6.658700000000000469e-04 -1.339380000000000041e-03
8.406140000000000530e-04 -1.351399999999999997e-03
8.593669999999999868e-04 -1.160100000000000063e-03
7.082110000000000401e-04 -8.012880000000000436e-04
3.987260000000000175e-04 -2.726839999999999798e-04
-1.631229999999999966e-05 3.603039999999999845e-04
-4.398930000000000114e-04 9.522999999999999998e-04
-7.699000000000000114e-04 1.365230000000000046e-03
-9.444259999999999461e-04 1.512480000000000074e-03
-9.443179999999999803e-04 1.363800000000000082e-03
-7.679289999999999857e-04 9.138549999999999842e-04
-4.272279999999999828e-04 2.186859999999999997e-04
2.817889999999999883e-05 -5.602180000000000224e-04
5.033849999999999653e-04 -1.215160000000000068e-03
8.883339999999999553e-04 -1.573200000000000076e-03
1.095330000000000045e-03 -1.567489999999999942e-03
1.075910000000000017e-03 -1.239089999999999983e-03
8.224410000000000357e-04 -6.671080000000000239e-04
3.734769999999999887e-04 3.469310000000000162e-05
-1.787810000000000083e-04 7.116790000000000008e-04
-7.063440000000000257e-04 1.258210000000000058e-03
-1.088999999999999907e-03 1.609860000000000067e-03
-1.243530000000000069e-03 1.666809999999999906e-03
-1.128520000000000044e-03 1.315259999999999953e-03
-7.547260000000000513e-04 5.710030000000000487e-04
-2.011899999999999897e-04 -3.437110000000000165e-04
4.032859999999999874e-04 -1.151930000000000011e-03
9.300200000000000437e-04 -1.658409999999999919e-03
1.277839999999999922e-03 -1.791969999999999934e-03
1.367560000000000086e-03 -1.556859999999999971e-03
1.147510000000000023e-03 -9.627979999999999525e-04
6.336729999999999620e-04 -1.193239999999999980e-04
-5.825279999999999900e-05 7.480269999999999584e-04
-7.480660000000000304e-04 1.436769999999999974e-03
-1.267050000000000034e-03 1.796980000000000105e-03
-1.498509999999999990e-03 1.710780000000000070e-03
-1.383899999999999974e-03 1.197850000000000087e-03
-9.382830000000000423e-04 4.253500000000000119e-04
-2.578130000000000200e-04 -4.336060000000000088e-04
5.041909999999999708e-04 -1.204519999999999940e-03
1.170220000000000028e-03 -1.711470000000000092e-03
1.573090000000000079e-03 -1.836839999999999957e-03
1.598299999999999981e-03 -1.500959999999999968e-03
1.222420000000000104e-03 -7.288210000000000478e-04
5.330019999999999767e-04 2.337340000000000088e-04
-2.917579999999999805e-04 1.070690000000000010e-03
-1.046220000000000049e-03 1.574789999999999957e-03
-1.554660000000000026e-03 1.672000000000000092e-03
-1.691889999999999930e-03 1.366089999999999926e-03
-1.398860000000000034e-03 7.001379999999999973e-04
-7.235720000000000172e-04 -1.355580000000000055e-04
1.582200000000000132e-04 -8.910419999999999842e-04
1.000870000000000058e-03 -1.399569999999999937e-03
1.582150000000000049e-03 -1.564709999999999972e-03
1.757080000000000057e-03 -1.348079999999999981e-03
1.478120000000000085e-03 -7.995650000000000196e-04
8.134690000000000410e-04 -7.904060000000000350e-05
-6.087760000000000138e-05 6.568140000000000306e-04
-9.138539999999999684e-04 1.226770000000000074e-03
-1.520960000000000020e-03 1.424219999999999913e-03
-1.721239999999999966e-03 1.214030000000000057e-03
-1.467680000000000070e-03 7.274780000000000439e-04
-8.374370000000000121e-04 1.262509999999999945e-04
4.277299999999999688e-06 -4.951759999999999495e-04
8.437839999999999837e-04 -1.004139999999999937e-03
1.450979999999999935e-03 -1.204779999999999913e-03
1.649749999999999958e-03 -1.083710000000000099e-03
1.400210000000000040e-03 -7.531309999999999828e-04
8.001850000000000239e-04 -2.989830000000000070e-04
2.213089999999999846e-05 1.876410000000000014e-04
-7.332670000000000117e-04 6.070000000000000092e-04
-1.268699999999999993e-03 8.750830000000000240e-04
-1.445090000000000003e-03 9.548339999999999996e-04
-1.234539999999999900e-03 8.398429999999999481e-04
-7.216469999999999569e-04 5.398350000000000110e-04
-6.190999999999999509e-05 1.230670000000000060e-04
5.661480000000000418e-04 -3.135780000000000121e-04
1.007440000000000072e-03 -6.977819999999999813e-04
1.167899999999999928e-03 -9.267070000000000298e-04
1.028639999999999936e-03 -8.939969999999999991e-04
6.459610000000000178e-04 -6.232020000000000007e-04
1.381219999999999898e-04 -2.325670000000000113e-04
-3.574100000000000085e-04 1.930190000000000031e-04
-7.306739999999999503e-04 5.803889999999999483e-04
-9.115250000000000522e-04 8.287709999999999565e-04
-8.677100000000000524e-04 8.629560000000000095e-04
-6.179170000000000539e-04 6.709020000000000218e-04
-2.372700000000000102e-04 3.043070000000000258e-04
1.691999999999999928e-04 -1.314809999999999970e-04
5.049889999999999587e-04 -5.105440000000000368e-04
7.036180000000000385e-04 -7.337479999999999957e-04
7.329669999999999502e-04 -7.588640000000000446e-04
5.959039999999999650e-04 -6.012409999999999716e-04
3.297700000000000089e-04 -3.157449999999999797e-04
-2.742540000000000152e-07 2.028430000000000161e-05
-3.151599999999999844e-04 3.249789999999999797e-04
-5.405059999999999509e-04 5.327440000000000344e-04
-6.258610000000000171e-04 6.067089999999999810e-04
-5.580830000000000166e-04 5.411170000000000303e-04
-3.631339999999999828e-04 3.590980000000000235e-04
-9.604590000000000143e-05 1.063050000000000063e-04
1.758370000000000039e-04 -1.595819999999999910e-04
3.899959999999999842e-04 -3.803209999999999794e-04
5.019049999999999727e-04 -5.071210000000000257e-04
4.926540000000000303e-04 -5.103510000000000338e-04
3.711599999999999904e-04 -3.894120000000000047e-04
1.711849999999999949e-04 -1.775389999999999954e-04
-5.689790000000000288e-05 6.477230000000000325e-05
-2.585970000000000044e-04 2.710459999999999931e-04
-3.889399999999999997e-04 3.945570000000000240e-04
-4.225680000000000104e-04 4.181909999999999946e-04
-3.573690000000000135e-04 3.485939999999999764e-04
-2.129409999999999929e-04 2.078729999999999933e-04
-2.606029999999999848e-05 2.832759999999999963e-05
1.572099999999999941e-04 -1.508029999999999993e-04
2.930510000000000103e-04 -2.887589999999999775e-04
3.517500000000000119e-04 -3.529119999999999848e-04
3.247960000000000257e-04 -3.293789999999999782e-04
2.247999999999999890e-04 -2.281929999999999885e-04
7.982819999999999575e-05 -7.937010000000000094e-05
-7.459450000000000553e-05 7.774389999999999946e-05
-2.034120000000000101e-04 2.060569999999999958e-04
-2.789070000000000047e-04 2.789150000000000223e-04
-2.861590000000000227e-04 2.840249999999999784e-04
-2.263420000000000091e-04 2.242769999999999942e-04
-1.165969999999999951e-04 1.163449999999999982e-04
1.438670000000000068e-05 -1.294640000000000026e-05
1.341969999999999893e-04 -1.326140000000000012e-04
2.153120000000000012e-04 -2.149680000000000059e-04
2.415299999999999999e-04 -2.424820000000000003e-04
2.106119999999999954e-04 -2.117990000000000096e-04
1.333119999999999867e-04 -1.336780000000000032e-04
2.989729999999999919e-05 -2.928930000000000094e-05
-7.472680000000000424e-05 7.560469999999999799e-05
-1.565229999999999920e-04 1.568739999999999891e-04
-1.976539999999999883e-04 1.972800000000000085e-04
-1.905250000000000097e-04 1.898819999999999957e-04
-1.393549999999999965e-04 1.390420000000000013e-04
-5.866540000000000247e-05 5.888710000000000071e-05
3.087529999999999897e-05 -3.040940000000000060e-05
1.078879999999999943e-04 -1.076210000000000052e-04
1.553760000000000113e-04 -1.554980000000000077e-04
1.642579999999999984e-04 -1.645899999999999946e-04
1.347949999999999995e-04 -1.350149999999999940e-04
7.592219999999999622e-05 -7.586349999999999626e-05
2.790039999999999803e-06 -2.556339999999999821e-06
-6.693639999999999833e-05 6.711280000000000565e-05
-1.172560000000000036e-04 1.172360000000000004e-04
-1.375170000000000049e-04 1.373550000000000020e-04
