-9.821740000000000041e-09 1.015479999999999932e-06
-7.243639999999999607e-08 4.319909999999999777e-06
-2.720529999999999811e-07 9.713449999999999301e-06
-7.429439999999999590e-07 1.991480000000000116e-05
-1.768070000000000082e-06 4.441969999999999757e-05
-4.000720000000000212e-06 9.839269999999999733e-05
-8.678220000000000744e-06 1.944629999999999981e-04
-1.753640000000000035e-05 3.283720000000000063e-04
-3.223320000000000167e-05 4.771840000000000174e-04
-5.336160000000000084e-05 5.980669999999999780e-04
-7.930230000000000135e-05 6.308349999999999461e-04
-1.054729999999999980e-04 5.265439999999999921e-04
-1.247060000000000085e-04 2.725019999999999873e-04
-1.289859999999999878e-04 -1.070349999999999942e-04
-1.119410000000000045e-04 -5.654339999999999670e-04
-7.105190000000000323e-05 -1.050270000000000066e-03
-8.656300000000000452e-06 -1.515010000000000011e-03
6.864859999999999864e-05 -1.923220000000000008e-03
1.519029999999999990e-04 -2.239319999999999939e-03
2.320409999999999964e-04 -2.410289999999999828e-03
3.015510000000000000e-04 -2.370720000000000206e-03
3.553210000000000222e-04 -2.077040000000000049e-03
3.909669999999999855e-04 -1.523770000000000029e-03
4.087529999999999809e-04 -7.375590000000000444e-04
4.110559999999999757e-04 2.189989999999999949e-04
4.016210000000000092e-04 1.243359999999999995e-03
3.847179999999999849e-04 2.214869999999999860e-03
3.640510000000000013e-04 3.024810000000000172e-03
3.412910000000000227e-04 3.595769999999999869e-03
3.144980000000000236e-04 3.890059999999999872e-03
2.771289999999999821e-04 3.896150000000000134e-03
2.186439999999999890e-04 3.595699999999999851e-03
1.272439999999999899e-04 2.966799999999999906e-03
-6.067470000000000372e-06 2.016589999999999962e-03
-1.835119999999999872e-04 7.815549999999999668e-04
-3.977879999999999936e-04 -6.684119999999999558e-04
-6.315710000000000421e-04 -2.209769999999999790e-03
-8.597789999999999686e-04 -3.672719999999999978e-03
-1.054009999999999973e-03 -4.873210000000000215e-03
-1.187710000000000024e-03 -5.648339999999999958e-03
-1.240530000000000105e-03 -5.890190000000000009e-03
-1.200719999999999956e-03 -5.560599999999999744e-03
-1.065470000000000002e-03 -4.689030000000000281e-03
-8.396299999999999554e-04 -3.368139999999999936e-03
-5.339309999999999673e-04 -1.727720000000000080e-03
-1.636259999999999950e-04 8.670119999999999585e-05
2.519159999999999781e-04 1.912920000000000028e-03
6.890849999999999797e-04 3.577889999999999803e-03
1.119889999999999905e-03 4.922189999999999899e-03
1.512129999999999985e-03 5.832279999999999583e-03
1.830299999999999983e-03 6.247139999999999985e-03
2.037859999999999845e-03 6.140139999999999661e-03
2.101539999999999832e-03 5.506559999999999754e-03
1.997280000000000149e-03 4.361030000000000115e-03
1.716510000000000084e-03 2.764280000000000036e-03
1.270670000000000003e-03 8.390679999999999970e-04
6.927129999999999659e-04 -1.273730000000000044e-03
3.536519999999999811e-05 -3.425070000000000111e-03
-6.342060000000000058e-04 -5.425700000000000314e-03
-1.243140000000000000e-03 -7.062719999999999762e-03
-1.723689999999999944e-03 -8.119120000000000503e-03
-2.023810000000000019e-03 -8.407140000000000446e-03
-2.114979999999999812e-03 -7.843390000000000431e-03
-1.994880000000000091e-03 -6.472130000000000417e-03
-1.684949999999999946e-03 -4.439069999999999822e-03
-1.224430000000000093e-03 -1.947429999999999994e-03
-6.634749999999999589e-04 7.774639999999999546e-04
-5.686239999999999958e-05 3.493899999999999870e-03
5.408089999999999512e-04 5.958259999999999945e-03
1.078339999999999898e-03 7.951140000000000638e-03
1.509860000000000022e-03 9.294929999999999859e-03
1.796330000000000062e-03 9.859780000000000280e-03
1.907440000000000047e-03 9.564269999999999716e-03
1.824679999999999965e-03 8.379759999999999986e-03
1.545160000000000066e-03 6.333680000000000386e-03
1.085400000000000037e-03 3.526699999999999800e-03
4.831769999999999989e-04 1.713680000000000032e-04
-2.044199999999999978e-04 -3.404219999999999902e-03
-9.069220000000000016e-04 -6.806440000000000407e-03
-1.549320000000000081e-03 -9.627749999999999156e-03
-2.061869999999999935e-03 -1.150200000000000007e-02
-2.388920000000000106e-03 -1.216519999999999928e-02
-2.494839999999999905e-03 -1.150630000000000056e-02
-2.366599999999999954e-03 -9.546380000000000143e-03
-2.013759999999999856e-03 -6.431609999999999931e-03
-1.466040000000000051e-03 -2.482540000000000094e-03
-7.689100000000000362e-04 1.869089999999999901e-03
2.126030000000000039e-05 6.142929999999999571e-03
8.416110000000000301e-04 9.853340000000000362e-03
1.626250000000000091e-03 1.257890000000000050e-02
2.309100000000000128e-03 1.399650000000000026e-02
2.827210000000000140e-03 1.389300000000000083e-02
3.125469999999999984e-03 1.218739999999999928e-02
3.163109999999999793e-03 8.935919999999999974e-03
2.920809999999999813e-03 4.370360000000000217e-03
2.405899999999999879e-03 -1.018299999999999978e-03
1.653100000000000012e-03 -6.554429999999999978e-03
7.214009999999999867e-04 -1.150370000000000038e-02
-3.114419999999999905e-04 -1.518300000000000032e-02
-1.355199999999999981e-03 -1.707989999999999856e-02
-2.313720000000000013e-03 -1.688809999999999964e-02
-3.091899999999999857e-03 -1.455859999999999967e-02
-3.603180000000000098e-03 -1.035089999999999968e-02
-3.777350000000000065e-03 -4.749589999999999715e-03
-3.569820000000000024e-03 1.617629999999999893e-03
-2.970990000000000176e-03 7.987690000000000415e-03
-2.013220000000000027e-03 1.355059999999999945e-02
-7.730670000000000033e-04 1.752820000000000072e-02
6.327799999999999961e-04 1.928940000000000168e-02
2.057310000000000128e-03 1.850689999999999974e-02
3.337790000000000201e-03 1.516920000000000074e-02
4.313749999999999876e-03 9.642360000000000861e-03
4.845720000000000409e-03 2.680099999999999930e-03
4.832659999999999907e-03 -4.727030000000000121e-03
4.227329999999999630e-03 -1.152910000000000046e-02
3.049050000000000198e-03 -1.680790000000000062e-02
1.391440000000000081e-03 -1.987219999999999959e-02
-5.787089999999999509e-04 -2.028440000000000104e-02
-2.634449999999999986e-03 -1.793149999999999952e-02
-4.513320000000000352e-03 -1.309100000000000021e-02
-5.950730000000000429e-03 -6.383909999999999585e-03
-6.717919999999999621e-03 1.305570000000000038e-03
-6.658520000000000237e-03 8.906259999999999177e-03
-5.716770000000000358e-03 1.527930000000000087e-02
-3.952340000000000367e-03 1.939810000000000145e-02
-1.539449999999999933e-03 2.058340000000000169e-02
1.248530000000000082e-03 1.865479999999999916e-02
4.067720000000000363e-03 1.394190000000000013e-02
6.543720000000000266e-03 7.206839999999999948e-03
8.319540000000000268e-03 -4.849640000000000005e-04
9.106519999999999893e-03 -7.953570000000000084e-03
8.731569999999999263e-03 -1.411079999999999973e-02
7.172920000000000164e-03 -1.808070000000000163e-02
4.576059999999999850e-03 -1.929029999999999981e-02
1.244890000000000016e-03 -1.758759999999999837e-02
-2.392560000000000173e-03 -1.326869999999999959e-02
-5.839999999999999705e-03 -7.026100000000000401e-03
-8.602800000000000724e-03 1.127579999999999934e-04
-1.026080000000000048e-02 6.935730000000000194e-03
-1.053330000000000065e-02 1.229300000000000011e-02
-9.327329999999999996e-03 1.536260000000000056e-02
-6.762109999999999996e-03 1.579320000000000029e-02
-3.163280000000000085e-03 1.368139999999999981e-02
9.754390000000000369e-04 9.515279999999999225e-03
5.060030000000000083e-03 4.113880000000000314e-03
8.483380000000000434e-03 -1.511149999999999950e-03
1.071899999999999936e-02 -6.388829999999999856e-03
1.140689999999999933e-02 -9.769939999999999528e-03
1.041639999999999927e-02 -1.120290000000000001e-02
7.873369999999999327e-03 -1.058339999999999975e-02
4.145839999999999595e-03 -8.167429999999999829e-03
-2.104300000000000029e-04 -4.565330000000000256e-03
-4.537180000000000032e-03 -6.072949999999999919e-04
-8.176799999999999694e-03 2.887129999999999905e-03
-1.057740000000000069e-02 5.292849999999999985e-03
-1.138300000000000076e-02 6.303510000000000016e-03
-1.049199999999999959e-02 5.947599999999999935e-03
-8.073679999999999746e-03 4.531679999999999736e-03
-4.537890000000000153e-03 2.563960000000000111e-03
-4.629799999999999888e-04 5.892560000000000246e-04
3.505159999999999786e-03 -9.775359999999999865e-04
6.764540000000000310e-03 -1.860029999999999930e-03
8.856599999999999195e-03 -1.932590000000000089e-03
9.535389999999999491e-03 -1.288359999999999896e-03
8.796450000000000796e-03 -2.654380000000000021e-04
6.862599999999999950e-03 6.748249999999999908e-04
4.130319999999999825e-03 1.153759999999999985e-03
1.087869999999999896e-03 9.604449999999999836e-04
-1.777560000000000077e-03 9.380810000000000060e-05
-4.064339999999999620e-03 -1.244909999999999897e-03
-5.516590000000000035e-03 -2.682969999999999799e-03
-6.050630000000000418e-03 -3.717349999999999908e-03
-5.745459999999999977e-03 -3.931269999999999730e-03
-4.800969999999999890e-03 -3.170520000000000022e-03
-3.476009999999999864e-03 -1.531269999999999940e-03
-2.023290000000000071e-03 6.481390000000000502e-04
-6.370310000000000339e-04 2.806260000000000091e-03
5.750679999999999768e-04 4.358199999999999574e-03
1.589530000000000023e-03 4.895659999999999595e-03
2.438109999999999843e-03 4.236130000000000277e-03
3.163990000000000205e-03 2.496270000000000086e-03
3.778699999999999854e-03 8.010300000000000200e-05
4.234800000000000370e-03 -2.444879999999999970e-03
4.424339999999999697e-03 -4.418580000000000077e-03
4.204679999999999702e-03 -5.253569999999999941e-03
3.446589999999999810e-03 -4.714529999999999763e-03
2.092730000000000111e-03 -2.975859999999999877e-03
2.076590000000000120e-04 -5.317559999999999822e-04
-1.999270000000000040e-03 1.935630000000000033e-03
-4.190110000000000362e-03 3.716210000000000173e-03
-5.954459999999999961e-03 4.236379999999999660e-03
-6.896369999999999757e-03 3.341250000000000036e-03
-6.733499999999999902e-03 1.340150000000000022e-03
-5.382070000000000083e-03 -1.154850000000000017e-03
-3.001680000000000060e-03 -3.395149999999999991e-03
1.649299999999999947e-05 -4.699039999999999814e-03
3.119910000000000044e-03 -4.658899999999999673e-03
5.710220000000000226e-03 -3.296470000000000129e-03
7.277190000000000221e-03 -9.828610000000000211e-04
7.517089999999999710e-03 1.628209999999999944e-03
6.406069999999999820e-03 3.724760000000000137e-03
4.208080000000000327e-03 4.680349999999999788e-03
1.412300000000000014e-03 4.259380000000000110e-03
-1.385060000000000024e-03 2.642189999999999990e-03
-3.623209999999999972e-03 2.950429999999999871e-04
-4.905979999999999890e-03 -2.099719999999999798e-03
-5.086379999999999721e-03 -3.771029999999999868e-03
-4.284839999999999829e-03 -4.254720000000000030e-03
-2.836410000000000146e-03 -3.527370000000000158e-03
-1.183709999999999927e-03 -1.922939999999999936e-03
2.512060000000000204e-04 -3.645929999999999836e-05
1.179319999999999978e-03 1.482400000000000037e-03
1.509839999999999923e-03 2.151899999999999993e-03
1.351350000000000077e-03 1.837899999999999950e-03
9.517549999999999838e-04 7.803509999999999830e-04
5.990519999999999829e-04 -5.327150000000000114e-04
5.161280000000000295e-04 -1.530850000000000049e-03
7.834129999999999480e-04 -1.786279999999999899e-03
1.313780000000000069e-03 -1.201060000000000105e-03
1.886080000000000048e-03 2.725939999999999857e-05
2.223750000000000032e-03 1.515569999999999938e-03
2.092280000000000181e-03 2.758299999999999988e-03
1.384849999999999970e-03 3.297290000000000030e-03
1.685369999999999891e-04 2.940550000000000108e-03
-1.324169999999999948e-03 1.799040000000000014e-03
-2.755319999999999905e-03 1.995379999999999994e-04
-3.773939999999999934e-03 -1.417499999999999923e-03
-4.113310000000000230e-03 -2.632910000000000025e-03
-3.664759999999999979e-03 -3.173290000000000052e-03
-2.507779999999999818e-03 -2.971060000000000194e-03
-8.889600000000000540e-04 -2.157510000000000070e-03
8.423379999999999843e-04 -1.001109999999999934e-03
2.322620000000000066e-03 1.854360000000000047e-04
3.262370000000000114e-03 1.134320000000000076e-03
3.510629999999999827e-03 1.684179999999999965e-03
3.080830000000000114e-03 1.799269999999999949e-03
2.134140000000000082e-03 1.553979999999999945e-03
9.278189999999999745e-04 1.096130000000000064e-03
-2.553790000000000227e-04 5.962330000000000494e-04
-1.176959999999999899e-03 1.965079999999999963e-04
-1.693889999999999979e-03 -2.535400000000000154e-05
-1.779760000000000023e-03 -7.106640000000000114e-05
-1.513519999999999970e-03 -1.352799999999999990e-05
-1.042170000000000032e-03 3.348279999999999730e-05
-5.303690000000000444e-04 -3.918779999999999773e-05
-1.123809999999999935e-04 -2.903469999999999901e-04
1.404780000000000059e-04 -7.010469999999999983e-04
2.292250000000000017e-04 -1.177179999999999893e-03
2.134019999999999873e-04 -1.581429999999999989e-03
1.807860000000000001e-04 -1.777949999999999930e-03
2.114949999999999935e-04 -1.671310000000000070e-03
3.479779999999999809e-04 -1.235360000000000017e-03
5.797610000000000350e-04 -5.256259999999999578e-04
8.467760000000000391e-04 3.310340000000000157e-04
1.059309999999999939e-03 1.165969999999999897e-03
1.127670000000000105e-03 1.809360000000000092e-03
9.921979999999999082e-04 2.130829999999999790e-03
6.444289999999999654e-04 2.069640000000000195e-03
1.332000000000000122e-04 1.647049999999999946e-03
-4.458269999999999855e-04 9.584489999999999980e-04
-9.740390000000000029e-04 1.485109999999999881e-04
-1.340180000000000060e-03 -6.237050000000000059e-04
-1.468560000000000048e-03 -1.220240000000000040e-03
-1.337639999999999966e-03 -1.551679999999999943e-03
-9.841080000000000313e-04 -1.590669999999999975e-03
-4.921339999999999743e-04 -1.369599999999999897e-03
2.885929999999999998e-05 -9.648960000000000262e-04
4.715230000000000051e-04 -4.734550000000000130e-04
7.556180000000000015e-04 1.181109999999999945e-05
8.444950000000000113e-04 4.209959999999999787e-04
7.493950000000000307e-04 7.167270000000000108e-04
5.214450000000000465e-04 8.932579999999999644e-04
2.344699999999999963e-04 9.672510000000000266e-04
-3.605900000000000153e-05 9.644410000000000179e-04
-2.320699999999999922e-04 9.070620000000000375e-04
-3.250789999999999821e-04 8.060260000000000515e-04
-3.190040000000000106e-04 6.598949999999999694e-04
-2.438229999999999998e-04 4.602590000000000262e-04
-1.428260000000000044e-04 2.009980000000000024e-04
-5.770919999999999967e-05 -1.122490000000000022e-04
-1.595420000000000049e-05 -4.560720000000000203e-04
-2.391869999999999852e-05 -7.892370000000000331e-04
-6.710210000000000252e-05 -1.059110000000000043e-03
-1.168800000000000058e-04 -1.213090000000000002e-03
-1.411860000000000133e-04 -1.211920000000000011e-03
-1.156540000000000009e-04 -1.041119999999999979e-03
-3.185779999999999846e-05 -7.172860000000000303e-04
9.965779999999999984e-05 -2.871659999999999946e-04
2.521949999999999800e-04 1.803949999999999965e-04
3.904849999999999858e-04 6.078919999999999593e-04
