-3.283699999999999817e-08 7.422300000000000493e-07
-2.003269999999999912e-07 2.545950000000000163e-06
-5.918020000000000473e-07 4.075309999999999611e-06
-1.278780000000000020e-06 6.992539999999999800e-06
-2.657189999999999880e-06 1.715749999999999963e-05
-5.778049999999999677e-06 3.948149999999999799e-05
-1.200540000000000029e-05 7.048350000000000372e-05
-2.182020000000000159e-05 9.451809999999999888e-05
-3.364180000000000035e-05 9.698169999999999339e-05
-4.354919999999999972e-05 7.053489999999999446e-05
-4.568790000000000009e-05 1.309919999999999988e-05
-3.384060000000000258e-05 -6.112869999999999632e-05
-4.886039999999999725e-06 -1.257909999999999888e-04
3.791189999999999865e-05 -1.657730000000000000e-04
8.503709999999999936e-05 -1.894379999999999979e-04
1.246019999999999973e-04 -2.157600000000000078e-04
1.472970000000000095e-04 -2.525830000000000176e-04
1.497229999999999893e-04 -2.877499999999999741e-04
1.346630000000000082e-04 -2.939379999999999901e-04
1.078219999999999987e-04 -2.403919999999999983e-04
7.289109999999999741e-05 -1.197600000000000053e-04
2.947509999999999838e-05 3.138779999999999787e-05
-2.401819999999999986e-05 1.631969999999999894e-04
-8.584689999999999964e-05 2.576130000000000152e-04
-1.485219999999999986e-04 3.244330000000000022e-04
-1.994309999999999952e-04 3.702019999999999768e-04
-2.250390000000000116e-04 3.924129999999999849e-04
-2.180179999999999987e-04 3.894910000000000017e-04
-1.824410000000000105e-04 3.649160000000000142e-04
-1.318000000000000053e-04 3.260709999999999889e-04
-8.082290000000000166e-05 2.721749999999999886e-04
-3.726050000000000011e-05 1.811630000000000000e-04
2.484579999999999872e-07 3.885789999999999942e-05
3.722249999999999810e-05 -1.287059999999999973e-04
7.758109999999999486e-05 -2.869249999999999947e-04
1.227359999999999985e-04 -4.186360000000000081e-04
1.722940000000000008e-04 -5.122780000000000172e-04
2.218280000000000046e-04 -5.593440000000000304e-04
2.608299999999999811e-04 -5.609420000000000378e-04
2.759700000000000022e-04 -5.249910000000000427e-04
2.583209999999999955e-04 -4.608619999999999796e-04
2.082270000000000106e-04 -3.706900000000000169e-04
1.340719999999999998e-04 -2.493700000000000062e-04
4.759119999999999930e-05 -9.973249999999999422e-05
-4.007759999999999724e-05 7.030080000000000291e-05
-1.204630000000000018e-04 2.487440000000000159e-04
-1.879510000000000035e-04 4.085679999999999954e-04
-2.383230000000000016e-04 5.171140000000000502e-04
-2.675870000000000115e-04 5.626609999999999988e-04
-2.730389999999999857e-04 5.667810000000000339e-04
-2.554109999999999844e-04 5.551500000000000228e-04
-2.189989999999999949e-04 5.214100000000000375e-04
-1.693769999999999879e-04 4.341780000000000162e-04
-1.109700000000000031e-04 2.708640000000000006e-04
-4.628119999999999999e-05 5.639459999999999704e-05
2.338259999999999869e-05 -1.504099999999999914e-04
9.773499999999999853e-05 -3.308830000000000235e-04
1.771130000000000100e-04 -5.029249999999999866e-04
2.579549999999999790e-04 -6.555400000000000289e-04
3.278259999999999746e-04 -7.519529999999999747e-04
3.683240000000000060e-04 -7.519990000000000485e-04
3.643839999999999861e-04 -6.395739999999999585e-04
3.114910000000000031e-04 -4.585109999999999880e-04
2.160130000000000069e-04 -2.719709999999999749e-04
9.075809999999999423e-05 -1.015159999999999950e-04
-4.848649999999999732e-05 8.147979999999999871e-05
-1.833980000000000083e-04 3.082320000000000264e-04
-2.943390000000000156e-04 5.543320000000000452e-04
-3.659040000000000122e-04 7.510639999999999634e-04
-3.938239999999999753e-04 8.439269999999999584e-04
-3.852320000000000006e-04 8.262910000000000480e-04
-3.496549999999999853e-04 7.247459999999999623e-04
-2.893489999999999973e-04 5.637440000000000289e-04
-1.997000000000000023e-04 3.481259999999999802e-04
-7.895010000000000157e-05 6.937460000000000490e-05
6.413920000000000417e-05 -2.637259999999999886e-04
2.119490000000000133e-04 -5.921350000000000354e-04
3.451500000000000141e-04 -8.334930000000000377e-04
4.478670000000000134e-04 -9.462239999999999584e-04
5.072269999999999600e-04 -9.387990000000000354e-04
5.102320000000000032e-04 -8.390480000000000074e-04
4.452430000000000060e-04 -6.694150000000000274e-04
3.110060000000000103e-04 -4.452589999999999868e-04
1.243829999999999914e-04 -1.529710000000000097e-04
-8.360470000000000271e-05 2.145170000000000063e-04
-2.791879999999999839e-04 5.803310000000000109e-04
-4.352940000000000238e-04 8.569470000000000472e-04
-5.359289999999999844e-04 1.005009999999999975e-03
-5.741830000000000284e-04 1.025550000000000073e-03
-5.469700000000000300e-04 9.471860000000000349e-04
-4.537200000000000131e-04 7.856480000000000104e-04
-3.007439999999999788e-04 5.254149999999999966e-04
-1.054950000000000055e-04 1.543270000000000015e-04
1.063950000000000003e-04 -3.116139999999999882e-04
3.105000000000000121e-04 -7.968170000000000114e-04
4.878689999999999871e-04 -1.142089999999999902e-03
6.198039999999999496e-04 -1.240149999999999976e-03
6.831959999999999552e-04 -1.115740000000000048e-03
6.537690000000000081e-04 -8.649800000000000023e-04
5.166980000000000054e-04 -5.743760000000000315e-04
2.791690000000000100e-04 -2.424880000000000134e-04
-2.307649999999999835e-05 1.611460000000000052e-04
-3.305580000000000020e-04 5.914839999999999768e-04
-5.796129999999999815e-04 9.750559999999999696e-04
-7.292359999999999684e-04 1.253350000000000080e-03
-7.718169999999999458e-04 1.347899999999999966e-03
-7.179829999999999459e-04 1.209039999999999985e-03
-5.753550000000000504e-04 8.340389999999999610e-04
-3.448050000000000030e-04 2.813469999999999882e-04
-3.708669999999999849e-05 -3.154310000000000230e-04
3.115349999999999912e-04 -8.618439999999999565e-04
6.424479999999999991e-04 -1.283089999999999968e-03
8.897819999999999861e-04 -1.488570000000000041e-03
9.970039999999999025e-04 -1.439659999999999941e-03
9.327030000000000043e-04 -1.171570000000000033e-03
7.020740000000000140e-04 -7.761849999999999826e-04
3.470279999999999849e-04 -3.154869999999999832e-04
-6.777920000000000320e-05 2.202809999999999870e-04
-4.729639999999999799e-04 8.153770000000000505e-04
-8.046719999999999828e-04 1.346669999999999898e-03
-1.010580000000000072e-03 1.664270000000000029e-03
-1.059339999999999978e-03 1.682300000000000071e-03
-9.465619999999999677e-04 1.385619999999999951e-03
-6.881870000000000435e-04 8.097100000000000521e-04
-3.101359999999999729e-04 4.183510000000000202e-05
1.493719999999999922e-04 -7.510369999999999720e-04
6.268769999999999681e-04 -1.376000000000000053e-03
1.032499999999999998e-03 -1.716110000000000075e-03
1.272710000000000031e-03 -1.756439999999999954e-03
1.282429999999999985e-03 -1.529100000000000034e-03
1.046140000000000091e-03 -1.077599999999999955e-03
6.024939999999999679e-04 -4.644110000000000230e-04
3.546649999999999662e-05 2.517169999999999889e-04
-5.465220000000000234e-04 1.004340000000000050e-03
-1.036559999999999955e-03 1.655870000000000042e-03
-1.349919999999999896e-03 2.035059999999999994e-03
-1.435419999999999969e-03 2.027039999999999918e-03
-1.277259999999999897e-03 1.593369999999999986e-03
-8.907220000000000415e-04 7.878520000000000184e-04
-3.207770000000000087e-04 -2.203820000000000052e-04
3.515759999999999827e-04 -1.170800000000000052e-03
1.007040000000000062e-03 -1.831369999999999916e-03
1.507080000000000052e-03 -2.124800000000000039e-03
1.732690000000000055e-03 -2.083789999999999861e-03
1.619999999999999912e-03 -1.722680000000000088e-03
1.176449999999999892e-03 -1.026680000000000084e-03
4.806370000000000130e-04 -7.145009999999999545e-05
-3.305439999999999984e-04 9.457619999999999482e-04
-1.092370000000000060e-03 1.803899999999999991e-03
-1.654459999999999958e-03 2.329860000000000004e-03
-1.912269999999999985e-03 2.418159999999999928e-03
-1.814770000000000055e-03 2.005830000000000113e-03
-1.361980000000000048e-03 1.125399999999999925e-03
-6.123660000000000388e-04 -3.141919999999999896e-05
3.063799999999999770e-04 -1.177799999999999897e-03
1.208910000000000106e-03 -2.041559999999999989e-03
1.894779999999999989e-03 -2.460570000000000031e-03
2.202679999999999829e-03 -2.394480000000000046e-03
2.050499999999999805e-03 -1.863669999999999997e-03
1.453340000000000014e-03 -9.622710000000000031e-04
5.257449999999999884e-04 1.211500000000000039e-04
-5.368970000000000469e-04 1.202589999999999909e-03
-1.504759999999999952e-03 2.120790000000000002e-03
-2.171109999999999967e-03 2.671240000000000073e-03
-2.394369999999999832e-03 2.628129999999999789e-03
-2.119090000000000123e-03 1.915940000000000091e-03
-1.386840000000000078e-03 7.353280000000000450e-04
-3.358969999999999860e-04 -5.741490000000000352e-04
8.214799999999999750e-04 -1.705219999999999913e-03
1.841149999999999948e-03 -2.462409999999999946e-03
2.495069999999999840e-03 -2.727700000000000003e-03
2.617130000000000064e-03 -2.401700000000000102e-03
2.148530000000000058e-03 -1.525819999999999997e-03
1.172960000000000018e-03 -3.269910000000000004e-04
-9.004149999999999502e-05 9.254880000000000268e-04
-1.346119999999999912e-03 1.973219999999999922e-03
-2.306830000000000165e-03 2.556969999999999989e-03
-2.753429999999999853e-03 2.539589999999999990e-03
-2.579129999999999791e-03 1.968709999999999818e-03
-1.812390000000000095e-03 9.759610000000000160e-04
-6.164890000000000127e-04 -2.326979999999999869e-04
7.392279999999999771e-04 -1.394030000000000095e-03
1.938290000000000065e-03 -2.257149999999999868e-03
2.693800000000000101e-03 -2.579999999999999828e-03
2.818989999999999951e-03 -2.229919999999999819e-03
2.276499999999999878e-03 -1.349970000000000033e-03
1.193690000000000072e-03 -2.439209999999999978e-04
-1.682780000000000040e-04 8.118990000000000408e-04
-1.481829999999999953e-03 1.622900000000000037e-03
-2.430209999999999922e-03 2.040170000000000004e-03
-2.777509999999999962e-03 1.942689999999999955e-03
-2.430589999999999834e-03 1.389950000000000040e-03
-1.479010000000000003e-03 5.767510000000000215e-04
-1.782710000000000013e-04 -3.103970000000000166e-04
1.129159999999999929e-03 -1.097789999999999964e-03
2.114879999999999972e-03 -1.613239999999999943e-03
2.546650000000000129e-03 -1.731920000000000074e-03
2.338100000000000074e-03 -1.453690000000000104e-03
1.563259999999999910e-03 -8.400379999999999826e-04
4.335100000000000151e-04 -5.337659999999999985e-05
-7.555679999999999731e-04 6.426570000000000372e-04
-1.699959999999999926e-03 1.091259999999999930e-03
-2.170839999999999836e-03 1.273679999999999908e-03
-2.074390000000000175e-03 1.208670000000000013e-03
-1.465310000000000050e-03 8.725719999999999527e-04
-5.225019999999999925e-04 3.297719999999999861e-04
4.945480000000000362e-04 -2.073110000000000079e-04
1.313420000000000039e-03 -6.321540000000000058e-04
1.734469999999999892e-03 -9.347830000000000115e-04
1.688880000000000025e-03 -1.069719999999999916e-03
1.239249999999999900e-03 -9.925249999999999611e-04
5.403359999999999847e-04 -7.029469999999999903e-04
-2.113560000000000005e-04 -2.632409999999999958e-04
-8.281410000000000117e-04 2.366919999999999896e-04
-1.178229999999999946e-03 6.929660000000000463e-04
-1.215509999999999941e-03 9.897680000000000280e-04
-9.794009999999999695e-04 1.057860000000000094e-03
-5.676569999999999490e-04 8.811910000000000272e-04
-9.674360000000000663e-05 4.770330000000000252e-04
3.303110000000000161e-04 -3.811929999999999941e-05
6.376529999999999612e-04 -4.808030000000000246e-04
7.820159999999999612e-04 -7.584070000000000047e-04
7.581520000000000013e-04 -8.692580000000000315e-04
5.945479999999999732e-04 -7.935629999999999507e-04
3.374599999999999844e-04 -5.259210000000000490e-04
3.889250000000000075e-05 -1.401169999999999868e-04
-2.463240000000000221e-04 2.474120000000000225e-04
-4.655630000000000011e-04 5.331529999999999690e-04
-5.800550000000000020e-04 6.582079999999999702e-04
-5.743750000000000158e-04 6.190940000000000462e-04
-4.565840000000000046e-04 4.537920000000000083e-04
-2.527229999999999993e-04 2.179600000000000070e-04
-2.856780000000000200e-06 -3.283159999999999920e-05
2.417580000000000119e-04 -2.531289999999999951e-04
4.268620000000000205e-04 -4.095990000000000199e-04
5.104740000000000189e-04 -4.820059999999999926e-04
4.775140000000000092e-04 -4.622699999999999769e-04
3.438459999999999737e-04 -3.532669999999999907e-04
1.478010000000000033e-04 -1.732770000000000013e-04
-6.386580000000000100e-05 4.109080000000000306e-05
-2.477250000000000177e-04 2.419920000000000100e-04
-3.705219999999999738e-04 3.835549999999999962e-04
-4.126269999999999916e-04 4.338610000000000123e-04
-3.697989999999999741e-04 3.831889999999999797e-04
-2.534729999999999904e-04 2.478860000000000048e-04
-8.906460000000000104e-05 6.675070000000000450e-05
8.825810000000000122e-05 -1.122500000000000044e-04
2.404630000000000049e-04 -2.494509999999999805e-04
3.352900000000000238e-04 -3.252700000000000079e-04
3.542320000000000061e-04 -3.373539999999999959e-04
2.968180000000000167e-04 -2.886470000000000030e-04
1.796939999999999909e-04 -1.851230000000000096e-04
3.151709999999999679e-05 -4.319820000000000257e-05
-1.143429999999999994e-04 1.072199999999999933e-04
-2.275059999999999865e-04 2.297780000000000081e-04
-2.869559999999999949e-04 2.949329999999999899e-04
-2.844240000000000266e-04 2.905550000000000125e-04
-2.243600000000000000e-04 2.239850000000000044e-04
-1.216260000000000041e-04 1.162029999999999986e-04
1.618330000000000013e-06 -6.733590000000000357e-06
1.195409999999999995e-04 -1.201430000000000049e-04
2.073739999999999969e-04 -2.037279999999999983e-04
2.470710000000000202e-04 -2.429769999999999879e-04
2.320540000000000113e-04 -2.310450000000000080e-04
1.687220000000000017e-04 -1.711000000000000118e-04
7.391459999999999871e-05 -7.705540000000000089e-05
-3.028059999999999939e-05 2.916649999999999934e-05
-1.220059999999999970e-04 1.234730000000000018e-04
-1.837540000000000028e-04 1.860780000000000029e-04
-2.048730000000000017e-04 2.059469999999999986e-04
-1.829190000000000015e-04 1.820919999999999906e-04
-1.240070000000000072e-04 1.223350000000000002e-04
-4.178649999999999709e-05 4.081750000000000010e-05
4.535730000000000024e-05 -4.495779999999999839e-05
1.185280000000000009e-04 -1.173509999999999950e-04
1.627959999999999911e-04 -1.619609999999999897e-04
1.704739999999999945e-04 -1.706070000000000015e-04
1.422589999999999944e-04 -1.430710000000000131e-04
8.625730000000000506e-05 -8.695030000000000673e-05
1.559270000000000065e-05 -1.561209999999999914e-05
-5.456050000000000049e-05 5.510820000000000204e-05
-1.099399999999999943e-04 1.104940000000000029e-04
-1.398469999999999911e-04 1.399440000000000005e-04
-1.391890000000000119e-04 1.388320000000000016e-04
-1.094639999999999941e-04 1.090350000000000021e-04
-5.831759999999999879e-05 5.818850000000000031e-05
2.355560000000000110e-06 -2.132329999999999877e-06
5.926460000000000175e-05 -5.894139999999999780e-05
1.007220000000000023e-04 -1.005880000000000066e-04
1.190129999999999937e-04 -1.191429999999999941e-04
