-9.299129999999999506e-09 1.016220000000000030e-06
-6.873090000000000302e-08 4.325239999999999944e-06
-2.589110000000000081e-07 9.732969999999999412e-06
-7.095539999999999492e-07 1.996649999999999933e-05
-1.694110000000000073e-06 4.453960000000000297e-05
-3.842399999999999837e-06 9.865880000000000483e-05
-8.349820000000000636e-06 1.950320000000000124e-04
-1.690859999999999935e-05 3.295010000000000018e-04
-3.117519999999999927e-05 4.792059999999999788e-04
-5.183969999999999767e-05 6.012870000000000454e-04
-7.752000000000000318e-05 6.353560000000000067e-04
-1.039990000000000050e-04 5.320760000000000333e-04
-1.245049999999999879e-04 2.782430000000000125e-04
-1.312619999999999911e-04 -1.023379999999999949e-04
-1.178070000000000056e-04 -5.632229999999999572e-04
-8.109109999999999344e-05 -1.051770000000000049e-03
-2.253860000000000135e-05 -1.520869999999999904e-03
5.234359999999999805e-05 -1.933250000000000073e-03
1.355720000000000091e-04 -2.252570000000000180e-03
2.186699999999999918e-04 -2.425290000000000085e-03
2.941810000000000215e-04 -2.385899999999999826e-03
3.564999999999999918e-04 -2.091029999999999799e-03
4.023140000000000245e-04 -1.535670000000000047e-03
4.306790000000000011e-04 -7.470180000000000093e-04
4.426909999999999938e-04 2.118350000000000072e-04
4.409080000000000009e-04 1.238029999999999990e-03
4.286369999999999959e-04 2.210769999999999923e-03
4.089210000000000240e-04 3.021390000000000100e-03
3.831490000000000004e-04 3.592650000000000184e-03
3.495169999999999809e-04 3.887209999999999884e-03
3.020419999999999789e-04 3.893929999999999874e-03
2.310860000000000030e-04 3.594969999999999850e-03
1.259160000000000054e-04 2.968670000000000076e-03
-2.145020000000000005e-05 2.022169999999999784e-03
-2.124080000000000033e-04 7.914849999999999750e-04
-4.390530000000000127e-04 -6.543029999999999593e-04
-6.835889999999999632e-04 -2.192649999999999981e-03
-9.203959999999999746e-04 -3.654580000000000155e-03
-1.120279999999999974e-03 -4.856380000000000419e-03
-1.255620000000000043e-03 -5.634809999999999645e-03
-1.304830000000000096e-03 -5.880970000000000121e-03
-1.255169999999999897e-03 -5.555400000000000268e-03
-1.103510000000000038e-03 -4.686410000000000228e-03
-8.554590000000000371e-04 -3.366050000000000205e-03
-5.237380000000000464e-04 -1.724389999999999907e-03
-1.266170000000000110e-04 9.197910000000000168e-05
3.129849999999999993e-04 1.919310000000000026e-03
7.680659999999999744e-04 3.583049999999999950e-03
1.208089999999999989e-03 4.922819999999999627e-03
1.599699999999999907e-03 5.825059999999999960e-03
1.907829999999999899e-03 6.229809999999999688e-03
2.097900000000000199e-03 6.112379999999999723e-03
2.139600000000000182e-03 5.470400000000000262e-03
2.012129999999999995e-03 4.320639999999999724e-03
1.709760000000000056e-03 2.725050000000000128e-03
1.245859999999999893e-03 8.063499999999999487e-04
6.541719999999999566e-04 -1.295890000000000063e-03
-1.268279999999999993e-05 -3.434879999999999965e-03
-6.881769999999999944e-04 -5.423950000000000299e-03
-1.300060000000000018e-03 -7.052430000000000157e-03
-1.780660000000000099e-03 -8.104500000000000592e-03
-2.077330000000000062e-03 -8.392250000000000404e-03
-2.160360000000000058e-03 -7.830810000000000548e-03
-2.026319999999999857e-03 -6.462309999999999756e-03
-1.696290000000000037e-03 -4.430469999999999721e-03
-1.210630000000000083e-03 -1.937450000000000066e-03
-6.222219999999999661e-04 7.911030000000000319e-04
1.009710000000000028e-05 3.511880000000000210e-03
6.271560000000000242e-04 5.978989999999999999e-03
1.173720000000000058e-03 7.970869999999999692e-03
1.601470000000000020e-03 9.308739999999999376e-03
1.871110000000000047e-03 9.863079999999999764e-03
1.954469999999999819e-03 9.554349999999999649e-03
1.837040000000000070e-03 8.356900000000000439e-03
1.520979999999999902e-03 6.301379999999999655e-03
1.027719999999999979e-03 3.490950000000000043e-03
3.989239999999999908e-04 1.391529999999999872e-04
-3.059989999999999954e-04 -3.426670000000000150e-03
-1.015800000000000080e-03 -6.815060000000000388e-03
-1.655830000000000062e-03 -9.621330000000000854e-03
-2.157329999999999838e-03 -1.148210000000000029e-02
-2.465709999999999864e-03 -1.213509999999999936e-02
-2.546389999999999938e-03 -1.146999999999999929e-02
-2.387489999999999925e-03 -9.507559999999999970e-03
-2.000089999999999941e-03 -6.392880000000000090e-03
-1.416219999999999936e-03 -2.445469999999999935e-03
-6.846079999999999614e-04 1.903540000000000006e-03
1.343220000000000058e-04 6.173599999999999574e-03
9.733219999999999893e-04 9.878220000000000056e-03
1.762639999999999997e-03 1.259489999999999915e-02
2.433809999999999793e-03 1.399979999999999974e-02
2.923709999999999937e-03 1.387990000000000057e-02
3.179640000000000070e-03 1.215549999999999964e-02
3.165600000000000185e-03 8.885260000000000727e-03
2.868710000000000010e-03 4.303659999999999951e-03
2.303429999999999974e-03 -1.095629999999999998e-03
1.511360000000000004e-03 -6.634959999999999643e-03
5.572220000000000124e-04 -1.157880000000000020e-02
-4.773110000000000113e-04 -1.524380000000000006e-02
-1.500540000000000077e-03 -1.711839999999999890e-02
-2.417639999999999980e-03 -1.689819999999999864e-02
-3.137720000000000092e-03 -1.453699999999999957e-02
-3.580949999999999845e-03 -1.029799999999999986e-02
-3.685760000000000165e-03 -4.670030000000000361e-03
-3.416950000000000195e-03 1.715409999999999895e-03
-2.773729999999999859e-03 8.092139999999999403e-03
-1.795350000000000027e-03 1.364849999999999917e-02
-5.622869999999999648e-04 1.760650000000000062e-02
8.083990000000000099e-04 1.933690000000000062e-02
2.173019999999999900e-03 1.851610000000000061e-02
3.375529999999999850e-03 1.513690000000000001e-02
4.264730000000000430e-03 9.570399999999999741e-03
4.712039999999999805e-03 2.575249999999999848e-03
4.627680000000000335e-03 -4.853490000000000235e-03
3.974700000000000281e-03 -1.166219999999999930e-02
2.780219999999999914e-03 -1.693079999999999932e-02
1.141740000000000029e-03 -1.996780000000000083e-02
-7.749029999999999634e-04 -2.033810000000000132e-02
-2.748809999999999969e-03 -1.793350000000000152e-02
-4.527930000000000323e-03 -1.303829999999999920e-02
-5.861049999999999593e-03 -6.281069999999999709e-03
-6.533839999999999960e-03 1.446870000000000057e-03
-6.403169999999999695e-03 9.068659999999999222e-03
-5.423540000000000132e-03 1.544219999999999968e-02
-3.660399999999999852e-03 1.954030000000000003e-02
-1.288590000000000048e-03 2.068590000000000012e-02
1.423269999999999917e-03 1.870319999999999969e-02
4.141030000000000405e-03 1.392810000000000055e-02
6.503870000000000137e-03 7.130730000000000054e-03
8.170590000000000144e-03 -6.152090000000000249e-04
8.868320000000000716e-03 -8.121990000000000806e-03
8.437359999999999652e-03 -1.429549999999999918e-02
6.864590000000000275e-03 -1.825689999999999952e-02
4.297930000000000153e-03 -1.943409999999999929e-02
1.036919999999999986e-03 -1.767940000000000136e-02
-2.500860000000000149e-03 -1.329669999999999984e-02
-5.834060000000000287e-03 -6.988109999999999634e-03
-8.484959999999999725e-03 2.094660000000000033e-04
-1.004969999999999995e-02 7.075480000000000311e-03
-1.026080000000000048e-02 1.245439999999999915e-02
-9.033420000000000338e-03 1.552150000000000057e-02
-6.488599999999999750e-03 1.592719999999999900e-02
-2.947330000000000175e-03 1.377250000000000002e-02
1.107020000000000009e-03 9.553340000000000443e-03
5.094450000000000367e-03 4.097650000000000424e-03
8.423069999999999516e-03 -1.574319999999999930e-03
1.058010000000000027e-02 -6.484909999999999980e-03
1.121559999999999918e-02 -9.881320000000000728e-03
1.020330000000000022e-02 -1.131210000000000028e-02
7.668399999999999696e-03 -1.067640000000000082e-02
3.973159999999999886e-03 -8.235829999999999540e-03
-3.352429999999999885e-04 -4.607069999999999568e-03
-4.608079999999999642e-03 -6.256459999999999929e-04
-8.196129999999999388e-03 2.885630000000000139e-03
-1.055329999999999983e-02 5.301140000000000192e-03
-1.132610000000000040e-02 6.316610000000000280e-03
-1.041219999999999993e-02 5.964520000000000065e-03
-7.978169999999999706e-03 4.555899999999999880e-03
-4.430270000000000041e-03 2.602329999999999921e-03
-3.447980000000000012e-04 6.493970000000000168e-04
3.631969999999999990e-03 -8.907410000000000154e-04
6.894720000000000015e-03 -1.747929999999999970e-03
8.979310000000000763e-03 -1.804980000000000083e-03
9.633970000000000380e-03 -1.163500000000000038e-03
8.850459999999999230e-03 -1.673509999999999906e-04
6.852020000000000333e-03 7.211399999999999972e-04
4.041040000000000083e-03 1.128400000000000106e-03
9.171329999999999890e-04 8.544639999999999831e-04
-2.017300000000000083e-03 -8.654340000000000221e-05
-4.344569999999999856e-03 -1.477000000000000014e-03
-5.795579999999999829e-03 -2.930299999999999832e-03
-6.279980000000000111e-03 -3.935619999999999917e-03
-5.879149999999999654e-03 -4.076920000000000370e-03
-4.805310000000000137e-03 -3.210070000000000198e-03
-3.338209999999999875e-03 -1.449540000000000030e-03
-1.756559999999999892e-03 8.431089999999999808e-04
-2.805470000000000229e-04 3.082899999999999963e-03
9.618269999999999511e-04 4.666270000000000140e-03
1.937480000000000105e-03 5.175690000000000152e-03
2.682309999999999816e-03 4.431710000000000163e-03
3.257630000000000074e-03 2.566539999999999967e-03
3.703929999999999809e-03 9.441549999999999414e-06
4.007740000000000087e-03 -2.642450000000000181e-03
4.092639999999999820e-03 -4.701659999999999867e-03
3.837820000000000033e-03 -5.562130000000000199e-03
3.120860000000000040e-03 -4.983330000000000225e-03
1.874070000000000033e-03 -3.149620000000000111e-03
1.364469999999999897e-04 -5.785179999999999793e-04
-1.917700000000000047e-03 2.016500000000000063e-03
-3.986520000000000341e-03 3.893709999999999880e-03
-5.687789999999999860e-03 4.455609999999999606e-03
-6.638490000000000363e-03 3.537730000000000215e-03
-6.550249999999999649e-03 1.457210000000000016e-03
-5.315509999999999853e-03 -1.150009999999999921e-03
-3.058389999999999807e-03 -3.501329999999999981e-03
-1.326289999999999934e-04 -4.880179999999999588e-03
2.938000000000000073e-03 -4.853210000000000163e-03
5.566419999999999875e-03 -3.433779999999999992e-03
7.232019999999999595e-03 -1.005629999999999979e-03
7.601059999999999761e-03 1.746109999999999936e-03
6.607909999999999826e-03 3.967189999999999779e-03
4.474889999999999597e-03 4.989719999999999572e-03
1.662459999999999936e-03 4.549899999999999951e-03
-1.239120000000000022e-03 2.822840000000000071e-03
-3.648429999999999816e-03 2.960640000000000168e-04
-5.126119999999999635e-03 -2.304239999999999934e-03
-5.470319999999999870e-03 -4.151450000000000105e-03
-4.750200000000000429e-03 -4.729170000000000422e-03
-3.268399999999999864e-03 -3.980420000000000139e-03
-1.465160000000000073e-03 -2.235299999999999961e-03
2.069410000000000097e-04 -1.179430000000000056e-04
1.401829999999999960e-03 1.666069999999999964e-03
1.959709999999999924e-03 2.566559999999999848e-03
1.927129999999999989e-03 2.386979999999999918e-03
1.514780000000000076e-03 1.328890000000000106e-03
1.009829999999999972e-03 -1.224139999999999972e-04
6.723220000000000455e-04 -1.361589999999999979e-03
6.484390000000000032e-04 -1.897280000000000104e-03
9.275470000000000286e-04 -1.556740000000000033e-03
1.354320000000000003e-03 -4.725980000000000176e-04
1.688749999999999930e-03 1.008549999999999985e-03
1.693169999999999918e-03 2.378860000000000002e-03
1.219030000000000070e-03 3.139910000000000097e-03
2.651989999999999795e-04 3.033329999999999881e-03
-1.010529999999999935e-03 2.097260000000000096e-03
-2.329770000000000105e-03 6.005640000000000457e-04
-3.368910000000000134e-03 -1.042450000000000104e-03
-3.849009999999999931e-03 -2.399769999999999855e-03
-3.614099999999999865e-03 -3.150589999999999988e-03
-2.675879999999999839e-03 -3.160060000000000126e-03
-1.213319999999999937e-03 -2.492850000000000014e-03
4.715349999999999772e-04 -1.371449999999999969e-03
2.028400000000000081e-03 -9.686600000000000397e-05
3.143350000000000050e-03 1.037189999999999900e-03
3.611159999999999978e-03 1.813850000000000098e-03
3.377670000000000151e-03 2.128860000000000214e-03
2.543269999999999819e-03 1.995470000000000056e-03
1.329249999999999919e-03 1.525689999999999902e-03
1.767400000000000053e-05 8.899749999999999892e-04
-1.118340000000000002e-03 2.662160000000000004e-04
-1.875989999999999906e-03 -2.068399999999999915e-04
-2.161279999999999799e-03 -4.619550000000000045e-04
-1.997080000000000036e-03 -5.147069999999999900e-04
-1.501629999999999892e-03 -4.491259999999999957e-04
-8.459299999999999459e-04 -3.801090000000000024e-04
-2.034100000000000057e-04 -4.055029999999999833e-04
2.940649999999999840e-04 -5.672490000000000301e-04
5.827869999999999752e-04 -8.367109999999999652e-04
6.713240000000000526e-04 -1.128600000000000003e-03
6.238259999999999595e-04 -1.331869999999999972e-03
5.296819999999999610e-04 -1.343000000000000010e-03
4.697500000000000070e-04 -1.098400000000000027e-03
4.893789999999999642e-04 -5.984739999999999895e-04
5.856560000000000455e-04 8.678919999999999907e-05
7.115469999999999825e-04 8.315599999999999598e-04
7.945139999999999625e-04 1.483680000000000025e-03
7.630620000000000068e-04 1.901769999999999893e-03
5.727240000000000412e-04 1.990159999999999933e-03
2.235910000000000078e-04 1.722400000000000016e-03
-2.357190000000000110e-04 1.147859999999999896e-03
-7.186370000000000518e-04 3.799109999999999748e-04
-1.122530000000000056e-03 -4.305569999999999775e-04
-1.355579999999999893e-03 -1.129369999999999983e-03
-1.361089999999999913e-03 -1.592300000000000052e-03
-1.132650000000000020e-03 -1.749499999999999970e-03
-7.161980000000000299e-04 -1.595999999999999979e-03
-1.987430000000000045e-04 -1.186790000000000067e-03
3.129049999999999865e-04 -6.192030000000000277e-04
7.176489999999999996e-04 -7.828739999999999519e-06
9.431570000000000231e-04 5.411640000000000113e-04
9.607669999999999579e-04 9.502329999999999804e-04
7.889750000000000279e-04 1.181069999999999993e-03
4.853389999999999961e-04 1.234470000000000098e-03
1.296389999999999966e-04 1.141120000000000025e-03
-1.968560000000000004e-04 9.472509999999999741e-04
-4.304770000000000189e-04 6.998150000000000074e-04
-5.379739999999999826e-04 4.353259999999999855e-04
-5.203869999999999763e-04 1.749230000000000056e-04
-4.078689999999999941e-04 -7.401359999999999894e-05
-2.477210000000000089e-04 -3.113769999999999971e-04
-8.947980000000000343e-05 -5.360329999999999956e-04
2.868439999999999933e-05 -7.390300000000000038e-04
8.872110000000000001e-05 -9.009429999999999696e-04
9.473920000000000258e-05 -9.944249999999999531e-04
6.844510000000000643e-05 -9.913019999999998950e-04
3.991489999999999963e-05 -8.720079999999999628e-04
3.676159999999999714e-05 -6.343580000000000139e-04
7.496180000000000454e-05 -2.987500000000000247e-04
1.538809999999999993e-04 9.213459999999999706e-05
2.566690000000000052e-04 4.795549999999999986e-04
