-4.728030000000000019e-08 7.010880000000000374e-07
-2.498720000000000024e-07 2.332719999999999834e-06
-6.131979999999999564e-07 3.574179999999999888e-06
-1.149429999999999937e-06 6.114930000000000083e-06
-2.424729999999999822e-06 1.536080000000000038e-05
-5.571200000000000124e-06 3.528449999999999734e-05
-1.130470000000000037e-05 6.193059999999999960e-05
-1.883770000000000092e-05 8.070389999999999823e-05
-2.604730000000000047e-05 7.927750000000000118e-05
-3.035400000000000110e-05 5.239889999999999733e-05
-2.842840000000000042e-05 -6.549220000000000460e-07
-1.654069999999999903e-05 -6.534560000000000672e-05
6.366760000000000347e-06 -1.171159999999999947e-04
3.655670000000000187e-05 -1.441760000000000101e-04
6.735789999999999421e-05 -1.566340000000000050e-04
9.201480000000000542e-05 -1.723860000000000127e-04
1.049080000000000059e-04 -1.980759999999999921e-04
1.029689999999999962e-04 -2.230880000000000027e-04
8.765490000000000673e-05 -2.241250000000000132e-04
6.382079999999999719e-05 -1.751169999999999973e-04
3.543009999999999812e-05 -7.199569999999999917e-05
3.766099999999999822e-06 4.996029999999999666e-05
-3.074479999999999742e-05 1.479100000000000120e-04
-6.740729999999999411e-05 2.116440000000000086e-04
-1.040439999999999952e-04 2.540260000000000239e-04
-1.337440000000000124e-04 2.812289999999999734e-04
-1.459239999999999940e-04 2.914910000000000049e-04
-1.351799999999999898e-04 2.852880000000000238e-04
-1.076959999999999934e-04 2.669540000000000194e-04
-7.623839999999999838e-05 2.431119999999999993e-04
-4.975139999999999939e-05 2.115100000000000129e-04
-2.825039999999999976e-05 1.485299999999999891e-04
-6.463869999999999660e-06 3.833249999999999933e-05
1.863670000000000064e-05 -9.612869999999999325e-05
4.631459999999999868e-05 -2.244799999999999920e-04
7.744080000000000570e-05 -3.319479999999999870e-04
1.146759999999999978e-04 -4.073840000000000013e-04
1.549959999999999912e-04 -4.436819999999999848e-04
1.872300000000000082e-04 -4.437919999999999821e-04
1.992920000000000021e-04 -4.146740000000000213e-04
1.856249999999999990e-04 -3.626829999999999833e-04
1.479449999999999938e-04 -2.889020000000000065e-04
9.222759999999999769e-05 -1.901249999999999999e-04
2.698009999999999940e-05 -7.031809999999999341e-05
-3.818160000000000049e-05 6.480020000000000344e-05
-9.572820000000000276e-05 2.067439999999999979e-04
-1.414580000000000134e-04 3.315559999999999948e-04
-1.721890000000000009e-04 4.106369999999999920e-04
-1.851730000000000108e-04 4.370439999999999850e-04
-1.810330000000000131e-04 4.340349999999999872e-04
-1.643059999999999952e-04 4.246780000000000021e-04
-1.389650000000000087e-04 4.003880000000000026e-04
-1.057999999999999967e-04 3.318120000000000141e-04
-6.553560000000000320e-05 1.999229999999999898e-04
-2.187260000000000129e-05 2.893299999999999895e-05
2.097180000000000138e-05 -1.293549999999999973e-04
6.450559999999999443e-05 -2.642559999999999853e-04
1.157350000000000024e-04 -3.964439999999999739e-04
1.746689999999999907e-04 -5.153599999999999718e-04
2.262379999999999979e-04 -5.881299999999999679e-04
2.511820000000000220e-04 -5.802539999999999911e-04
2.409909999999999971e-04 -4.788889999999999749e-04
1.996819999999999899e-04 -3.273940000000000032e-04
1.355759999999999908e-04 -1.843459999999999999e-04
5.449449999999999807e-05 -6.421960000000000428e-05
-3.862199999999999715e-05 6.693829999999999572e-05
-1.329699999999999958e-04 2.415750000000000037e-04
-2.102080000000000040e-04 4.359300000000000089e-04
-2.537610000000000256e-04 5.865930000000000536e-04
-2.614960000000000049e-04 6.485440000000000302e-04
-2.460170000000000130e-04 6.230320000000000346e-04
-2.197590000000000079e-04 5.384990000000000089e-04
-1.820400000000000121e-04 4.153529999999999787e-04
-1.233440000000000035e-04 2.517679999999999788e-04
-3.995999999999999688e-05 3.413299999999999998e-05
5.895210000000000093e-05 -2.304089999999999958e-04
1.566410000000000068e-04 -4.853470000000000137e-04
2.380630000000000007e-04 -6.580470000000000373e-04
2.956319999999999911e-04 -7.216679999999999623e-04
3.267550000000000250e-04 -6.949000000000000316e-04
3.253800000000000052e-04 -6.065009999999999585e-04
2.803559999999999971e-04 -4.739139999999999759e-04
1.872470000000000048e-04 -3.061510000000000034e-04
5.864489999999999818e-05 -8.526779999999999700e-05
-8.110690000000000098e-05 1.969270000000000070e-04
-2.061990000000000090e-04 4.688310000000000112e-04
-2.968949999999999823e-04 6.591229999999999572e-04
-3.464860000000000162e-04 7.473959999999999979e-04
-3.586339999999999819e-04 7.443499999999999596e-04
-3.353329999999999961e-04 6.777690000000000494e-04
-2.727370000000000011e-04 5.579030000000000013e-04
-1.702130000000000049e-04 3.642669999999999871e-04
-3.968509999999999719e-05 8.156590000000000455e-05
9.772759999999999585e-05 -2.776950000000000035e-04
2.237229999999999991e-04 -6.465149999999999586e-04
3.260310000000000096e-04 -8.859039999999999667e-04
3.936489999999999846e-04 -9.168079999999999676e-04
4.170469999999999798e-04 -7.812780000000000506e-04
3.880469999999999796e-04 -5.704199999999999765e-04
2.977429999999999985e-04 -3.537270000000000236e-04
1.436250000000000081e-04 -1.175109999999999935e-04
-5.516940000000000071e-05 1.724510000000000062e-04
-2.521730000000000130e-04 4.775730000000000166e-04
-3.958079999999999888e-04 7.405820000000000458e-04
-4.639169999999999969e-04 9.221939999999999868e-04
-4.666909999999999809e-04 9.620470000000000540e-04
-4.176410000000000083e-04 8.278750000000000518e-04
-3.163209999999999958e-04 5.252419999999999832e-04
-1.592540000000000036e-04 1.020859999999999980e-04
4.101670000000000321e-05 -3.345630000000000153e-04
2.540269999999999855e-04 -7.179040000000000031e-04
4.433700000000000054e-04 -9.921129999999999793e-04
5.713190000000000369e-04 -1.085269999999999941e-03
6.038490000000000524e-04 -9.824390000000000987e-04
5.270570000000000463e-04 -7.341119999999999807e-04
3.571129999999999942e-04 -4.269510000000000124e-04
1.290169999999999880e-04 -1.046249999999999952e-04
-1.215630000000000015e-04 2.588040000000000110e-04
-3.599820000000000103e-04 6.620400000000000243e-04
-5.436020000000000175e-04 1.008439999999999987e-03
-6.315140000000000120e-04 1.186589999999999954e-03
-6.104230000000000203e-04 1.142070000000000021e-03
-4.978629999999999731e-04 8.728650000000000124e-04
-3.163169999999999871e-04 4.140220000000000011e-04
-7.799139999999999328e-05 -1.590680000000000024e-04
1.982770000000000127e-04 -7.106080000000000512e-04
4.675780000000000149e-04 -1.096699999999999932e-03
6.697819999999999512e-04 -1.247199999999999958e-03
7.569640000000000526e-04 -1.174799999999999933e-03
7.058729999999999822e-04 -9.242420000000000323e-04
5.168819999999999752e-04 -5.463790000000000487e-04
2.183390000000000114e-04 -1.004289999999999968e-04
-1.313820000000000103e-04 3.774849999999999950e-04
-4.607999999999999791e-04 8.575289999999999952e-04
-7.074559999999999703e-04 1.244630000000000042e-03
-8.279249999999999717e-04 1.415580000000000050e-03
-8.023709999999999653e-04 1.302570000000000073e-03
-6.360419999999999659e-04 8.973450000000000220e-04
-3.523980000000000233e-04 2.566660000000000122e-04
1.187379999999999972e-05 -4.762599999999999971e-04
4.010120000000000156e-04 -1.093529999999999893e-03
7.390419999999999759e-04 -1.431549999999999967e-03
9.500760000000000021e-04 -1.474309999999999943e-03
9.839499999999999288e-04 -1.292060000000000040e-03
8.232299999999999904e-04 -9.191829999999999576e-04
4.825809999999999930e-04 -3.537190000000000061e-04
1.991950000000000131e-05 3.341029999999999825e-04
-4.615469999999999772e-04 9.885300000000000510e-04
-8.490490000000000493e-04 1.459259999999999984e-03
-1.066780000000000029e-03 1.648720000000000003e-03
-1.085540000000000073e-03 1.517109999999999900e-03
-9.011629999999999641e-04 1.052999999999999900e-03
-5.274200000000000155e-04 3.135370000000000171e-04
-1.744410000000000126e-05 -5.304510000000000345e-04
5.260799999999999504e-04 -1.257730000000000089e-03
9.790650000000001001e-04 -1.681589999999999951e-03
1.237580000000000060e-03 -1.722070000000000024e-03
1.240910000000000016e-03 -1.409199999999999993e-03
9.760320000000000497e-04 -8.170649999999999571e-04
4.827790000000000206e-04 -6.298909999999999633e-05
-1.390200000000000073e-04 6.872630000000000232e-04
-7.471939999999999615e-04 1.313530000000000036e-03
-1.203370000000000047e-03 1.736970000000000007e-03
-1.408619999999999968e-03 1.843440000000000009e-03
-1.312290000000000028e-03 1.505559999999999971e-03
-9.205599999999999547e-04 7.321899999999999676e-04
-3.117679999999999735e-04 -2.490770000000000007e-04
3.769369999999999860e-04 -1.145860000000000064e-03
9.972419999999999635e-04 -1.743940000000000030e-03
1.424909999999999935e-03 -1.952979999999999994e-03
1.563809999999999896e-03 -1.760120000000000001e-03
1.353110000000000033e-03 -1.164370000000000075e-03
8.048239999999999908e-04 -2.749429999999999864e-04
3.751220000000000314e-05 6.727569999999999557e-04
-7.538700000000000175e-04 1.460270000000000058e-03
-1.375759999999999960e-03 1.918149999999999977e-03
-1.686809999999999959e-03 1.905549999999999996e-03
-1.611000000000000019e-03 1.421629999999999899e-03
-1.153350000000000035e-03 6.260019999999999604e-04
-4.101010000000000094e-04 -3.010649999999999915e-04
4.514039999999999763e-04 -1.170110000000000030e-03
1.230090000000000090e-03 -1.785490000000000037e-03
1.733919999999999906e-03 -2.005569999999999922e-03
1.826469999999999960e-03 -1.727320000000000071e-03
1.467350000000000078e-03 -9.601489999999999851e-04
7.363650000000000013e-04 5.226510000000000211e-05
-1.813170000000000124e-04 9.816670000000000864e-04
-1.056869999999999902e-03 1.598760000000000068e-03
-1.683079999999999993e-03 1.803340000000000064e-03
-1.906829999999999983e-03 1.573689999999999985e-03
-1.650530000000000096e-03 9.339599999999999552e-04
-9.526870000000000217e-04 6.869989999999999593e-05
8.778919999999999627e-06 -7.633779999999999949e-04
9.693069999999999811e-04 -1.377879999999999947e-03
1.675089999999999956e-03 -1.655549999999999990e-03
1.950069999999999928e-03 -1.530780000000000031e-03
1.724379999999999967e-03 -1.028749999999999934e-03
1.053640000000000002e-03 -2.982859999999999830e-04
1.142090000000000038e-04 4.990560000000000005e-04
-8.461560000000000348e-04 1.166879999999999914e-03
-1.575240000000000104e-03 1.475479999999999934e-03
-1.882259999999999966e-03 1.361800000000000033e-03
-1.694079999999999935e-03 9.337329999999999589e-04
-1.071939999999999959e-03 3.411089999999999760e-04
-1.813300000000000003e-04 -3.224780000000000116e-04
7.496830000000000117e-04 -9.146160000000000401e-04
1.469299999999999990e-03 -1.217940000000000038e-03
1.774559999999999896e-03 -1.192670000000000058e-03
1.597220000000000107e-03 -9.301879999999999784e-04
1.017370000000000080e-03 -5.026479999999999620e-04
2.076930000000000052e-04 5.820429999999999769e-06
-6.194860000000000384e-04 4.899929999999999824e-04
-1.250199999999999922e-03 8.475260000000000302e-04
-1.523389999999999900e-03 1.019299999999999894e-03
-1.387130000000000090e-03 9.798630000000000881e-04
-9.094010000000000028e-04 7.227880000000000329e-04
-2.412559999999999954e-04 3.054600000000000197e-04
4.341629999999999968e-04 -1.746290000000000114e-04
9.504679999999999943e-04 -6.329340000000000356e-04
1.196369999999999986e-03 -9.485239999999999600e-04
1.133550000000000096e-03 -9.950729999999999645e-04
8.014609999999999486e-04 -7.779759999999999931e-04
3.073889999999999804e-04 -4.043070000000000171e-04
-2.129690000000000001e-04 4.348190000000000122e-05
-6.418969999999999971e-04 4.869249999999999772e-04
-8.963419999999999504e-04 8.120640000000000367e-04
-9.289679999999999596e-04 9.249160000000000194e-04
-7.414130000000000113e-04 7.952420000000000409e-04
-3.933070000000000207e-04 4.613910000000000147e-04
1.789540000000000149e-05 2.139379999999999835e-05
3.931529999999999812e-04 -3.980300000000000092e-04
6.559880000000000355e-04 -6.872309999999999530e-04
7.595739999999999480e-04 -7.869189999999999649e-04
6.894720000000000015e-04 -6.949589999999999847e-04
4.670879999999999975e-04 -4.522530000000000083e-04
1.477469999999999934e-04 -1.271330000000000040e-04
-1.909819999999999953e-04 2.009129999999999922e-04
-4.684250000000000154e-04 4.605300000000000105e-04
-6.215790000000000334e-04 6.020370000000000365e-04
-6.210109999999999806e-04 6.034470000000000112e-04
-4.766969999999999931e-04 4.723309999999999878e-04
-2.323030000000000017e-04 2.428639999999999976e-04
4.901060000000000133e-05 -3.210900000000000039e-05
3.014480000000000046e-04 -2.913939999999999955e-04
4.709709999999999873e-04 -4.763789999999999735e-04
5.250730000000000328e-04 -5.433499999999999528e-04
4.579469999999999982e-04 -4.767489999999999987e-04
2.908620000000000216e-04 -2.973930000000000171e-04
6.691230000000000647e-05 -5.879120000000000049e-05
-1.597000000000000058e-04 1.725370000000000050e-04
-3.372760000000000146e-04 3.430649999999999824e-04
-4.285930000000000078e-04 4.240909999999999754e-04
-4.177559999999999759e-04 4.087490000000000264e-04
-3.119999999999999944e-04 3.067820000000000182e-04
-1.397500000000000088e-04 1.420129999999999971e-04
5.562299999999999921e-05 -4.908210000000000226e-05
2.267600000000000041e-04 -2.222880000000000103e-04
3.350450000000000151e-04 -3.361419999999999946e-04
3.599489999999999786e-04 -3.646500000000000002e-04
3.019319999999999816e-04 -3.054970000000000060e-04
1.796400000000000080e-04 -1.792320000000000078e-04
2.400849999999999892e-05 -2.076509999999999877e-05
-1.287779999999999925e-04 1.315409999999999930e-04
-2.446579999999999740e-04 2.447050000000000093e-04
-2.988309999999999990e-04 2.966530000000000208e-04
-2.814310000000000097e-04 2.792900000000000178e-04
-1.999170000000000038e-04 1.996160000000000078e-04
-7.686969999999999350e-05 7.832170000000000603e-05
5.646599999999999775e-05 -5.482110000000000271e-05
1.686419999999999890e-04 -1.682440000000000107e-04
2.355769999999999978e-04 -2.365319999999999912e-04
2.452360000000000217e-04 -2.464729999999999829e-04
1.990130000000000002e-04 -1.994230000000000048e-04
1.103650000000000047e-04 -1.097580000000000018e-04
1.385160000000000050e-06 -4.732079999999999847e-07
-1.022039999999999993e-04 1.025880000000000010e-04
-1.769069999999999920e-04 1.765389999999999982e-04
-2.069240000000000131e-04 2.062590000000000051e-04
-1.877159999999999896e-04 1.873749999999999873e-04
-1.265700000000000028e-04 1.267820000000000069e-04
-4.009989999999999871e-05 4.057909999999999913e-05
5.037650000000000125e-05 -5.008759999999999797e-05
1.240889999999999973e-04 -1.242009999999999989e-04
1.653969999999999887e-04 -1.657379999999999910e-04
1.668390000000000064e-04 -1.670750000000000089e-04
1.302739999999999931e-04 -1.302250000000000076e-04
6.602799999999999869e-05 -6.578949999999999750e-05
-9.781420000000000617e-06 9.970470000000000103e-06
-7.916949999999999476e-05 7.915800000000000343e-05
-1.265589999999999922e-04 1.263939999999999964e-04
