-9.052609999999999824e-09 1.016550000000000033e-06
-6.697790000000000050e-08 4.327640000000000124e-06
-2.526670000000000218e-07 9.741780000000000773e-06
-6.936080000000000260e-07 1.998989999999999982e-05
-1.658609999999999948e-06 4.459379999999999985e-05
-3.766140000000000079e-06 9.877910000000000434e-05
-8.191229999999999161e-06 1.952889999999999932e-04
-1.660439999999999979e-05 3.300120000000000245e-04
-3.065950000000000012e-05 4.801210000000000200e-04
-5.108979999999999999e-05 6.027429999999999854e-04
-7.662369999999999620e-05 6.374030000000000364e-04
-1.032180000000000001e-04 5.345799999999999944e-04
-1.242910000000000065e-04 2.808399999999999742e-04
-1.321969999999999949e-04 -1.002210000000000015e-04
-1.204429999999999986e-04 -5.622449999999999540e-04
-8.575090000000000598e-05 -1.052500000000000050e-03
-2.912550000000000092e-05 -1.523590000000000014e-03
4.444390000000000319e-05 -1.937869999999999957e-03
1.274559999999999940e-04 -2.258630000000000186e-03
2.117549999999999944e-04 -2.432099999999999974e-03
2.899590000000000067e-04 -2.392660000000000012e-03
3.562829999999999903e-04 -2.097069999999999924e-03
4.070069999999999743e-04 -1.540560000000000063e-03
4.406260000000000059e-04 -7.506089999999999551e-04
4.576049999999999801e-04 2.094090000000000003e-04
4.598879999999999852e-04 1.236420000000000010e-03
4.502509999999999824e-04 2.209519999999999974e-03
4.313520000000000266e-04 3.020039999999999877e-03
4.043769999999999808e-04 3.590850000000000031e-03
3.675460000000000077e-04 3.884809999999999826e-03
3.151280000000000227e-04 3.891100000000000201e-03
2.379349999999999911e-04 3.592189999999999880e-03
1.257829999999999983e-04 2.966700000000000066e-03
-2.876220000000000052e-05 2.021849999999999949e-03
-2.266369999999999919e-04 7.935009999999999503e-04
-4.595930000000000024e-04 -6.496240000000000131e-04
-7.095680000000000476e-04 -2.185499999999999943e-03
-9.506739999999999852e-04 -3.645659999999999786e-03
-1.153359999999999976e-03 -4.846699999999999793e-03
-1.289489999999999907e-03 -5.625400000000000018e-03
-1.336930000000000063e-03 -5.872600000000000389e-03
-1.282460000000000024e-03 -5.548329999999999755e-03
-1.122769999999999931e-03 -4.680430000000000181e-03
-8.638240000000000154e-04 -3.360689999999999945e-03
-5.192190000000000173e-04 -1.719239999999999918e-03
-1.086510000000000004e-04 9.693670000000000314e-05
3.432399999999999731e-04 1.923479999999999981e-03
8.077460000000000282e-04 3.585230000000000014e-03
1.252979999999999892e-03 4.921459999999999897e-03
1.644840000000000061e-03 5.818649999999999864e-03
1.948330000000000070e-03 6.217389999999999722e-03
2.129680000000000115e-03 6.093989999999999650e-03
2.159970000000000206e-03 5.447289999999999598e-03
2.020070000000000112e-03 4.295160000000000124e-03
1.705820000000000036e-03 2.700290000000000155e-03
1.231749999999999989e-03 7.854900000000000163e-04
6.322990000000000121e-04 -1.310240000000000059e-03
-3.977380000000000195e-05 -3.441229999999999983e-03
-7.181270000000000448e-04 -5.422210000000000224e-03
-1.330819999999999920e-03 -7.043859999999999878e-03
-1.810399999999999987e-03 -8.091289999999999247e-03
-2.104149999999999944e-03 -8.376899999999999624e-03
-2.182059999999999989e-03 -7.815479999999999650e-03
-2.040360000000000177e-03 -6.448330000000000381e-03
-1.700080000000000081e-03 -4.418240000000000361e-03
-1.202090000000000060e-03 -1.926690000000000000e-03
-6.004810000000000399e-04 8.008499999999999777e-04
4.412250000000000319e-05 3.520720000000000186e-03
6.704820000000000224e-04 5.986339999999999717e-03
1.221480000000000048e-03 7.975430000000000366e-03
1.647550000000000013e-03 9.308840000000000517e-03
1.909120000000000044e-03 9.857190000000000049e-03
1.978880000000000135e-03 9.541779999999999706e-03
1.844109999999999933e-03 8.338279999999999997e-03
1.509340000000000074e-03 6.278760000000000417e-03
9.984930000000000368e-04 3.467560000000000173e-03
3.553380000000000189e-04 1.187380000000000006e-04
-3.592469999999999843e-04 -3.440620000000000137e-03
-1.073310000000000063e-03 -6.820060000000000185e-03
-1.712149999999999957e-03 -9.616309999999999442e-03
-2.207390000000000047e-03 -1.146750000000000026e-02
-2.505120000000000003e-03 -1.211259999999999941e-02
-2.571550000000000138e-03 -1.144210000000000019e-02
-2.395720000000000054e-03 -9.476880000000000026e-03
-1.989850000000000039e-03 -6.362149999999999576e-03
-1.387329999999999987e-03 -2.416989999999999937e-03
-6.385810000000000444e-04 1.927810000000000070e-03
1.940450000000000031e-04 6.191939999999999944e-03
1.041360000000000072e-03 9.889049999999999924e-03
1.831960000000000099e-03 1.259670000000000060e-02
2.496420000000000063e-03 1.399139999999999932e-02
2.971650000000000159e-03 1.386049999999999956e-02
3.206150000000000059e-03 1.212560000000000027e-02
3.166130000000000073e-03 8.846170000000000422e-03
2.841769999999999973e-03 4.258269999999999764e-03
2.250920000000000004e-03 -1.143410000000000086e-03
1.438529999999999930e-03 -6.680499999999999806e-03
4.722869999999999998e-04 -1.161719999999999940e-02
-5.640299999999999784e-04 -1.527039999999999995e-02
-1.577730000000000061e-03 -1.712930000000000008e-02
-2.474389999999999923e-03 -1.689099999999999976e-02
-3.164999999999999845e-03 -1.451090000000000019e-02
-3.573020000000000102e-03 -1.025460000000000087e-02
-3.641240000000000015e-03 -4.613120000000000068e-03
-3.339359999999999985e-03 1.779769999999999963e-03
-2.671339999999999913e-03 8.156329999999999830e-03
-1.680300000000000023e-03 1.370419999999999972e-02
-4.490809999999999919e-04 1.764599999999999849e-02
9.047280000000000426e-04 1.935419999999999849e-02
2.238920000000000146e-03 1.850740000000000024e-02
3.400760000000000068e-03 1.510169999999999915e-02
4.243890000000000162e-03 9.511749999999999372e-03
4.645479999999999575e-03 2.499190000000000092e-03
4.521820000000000180e-03 -4.938269999999999813e-03
3.841569999999999881e-03 -1.174530000000000018e-02
2.636180000000000120e-03 -1.700120000000000103e-02
1.005470000000000062e-03 -2.001539999999999916e-02
-8.849259999999999635e-04 -2.035520000000000038e-02
-2.816959999999999863e-03 -1.791620000000000018e-02
-4.543769999999999927e-03 -1.298709999999999969e-02
-5.821019999999999667e-03 -6.201240000000000224e-03
-6.441889999999999596e-03 1.545850000000000089e-03
-6.270409999999999699e-03 9.174349999999999519e-03
-5.266810000000000241e-03 1.554089999999999985e-02
-3.500140000000000109e-03 1.961879999999999874e-02
-1.146169999999999958e-03 2.073339999999999905e-02
1.528370000000000032e-03 1.871249999999999997e-02
4.193889999999999597e-03 1.389690000000000022e-02
6.496339999999999754e-03 7.061910000000000236e-03
8.102740000000000636e-03 -7.136710000000000319e-04
8.748689999999999939e-03 -8.237730000000000399e-03
8.282019999999999313e-03 -1.441330000000000042e-02
6.695000000000000430e-03 -1.836089999999999944e-02
4.137809999999999579e-03 -1.950980000000000075e-02
9.087700000000000422e-04 -1.771640000000000020e-02
-2.579119999999999850e-03 -1.328999999999999973e-02
-5.851730000000000299e-03 -6.938979999999999974e-03
-8.440059999999999230e-03 2.935060000000000186e-04
-9.949170000000000236e-03 7.181879999999999861e-03
-1.011940000000000062e-02 1.256739999999999940e-02
-8.871330000000000188e-03 1.562470000000000005e-02
-6.328519999999999805e-03 1.600580000000000058e-02
-2.810879999999999976e-03 1.381590000000000075e-02
1.202479999999999912e-03 9.556500000000000758e-03
5.138239999999999648e-03 4.062080000000000031e-03
8.412440000000000195e-03 -1.641120000000000035e-03
1.052009999999999924e-02 -6.570910000000000119e-03
1.111760000000000005e-02 -9.972220000000000389e-03
1.008290000000000054e-02 -1.139399999999999961e-02
7.542150000000000069e-03 -1.073819999999999983e-02
3.856500000000000119e-03 -8.271109999999999920e-03
-4.302910000000000177e-04 -4.614609999999999893e-03
-4.673929999999999751e-03 -6.091760000000000100e-04
-8.229749999999999219e-03 2.918870000000000058e-03
-1.055560000000000005e-02 5.342350000000000050e-03
-1.130040000000000038e-02 6.357579999999999829e-03
-1.036340000000000004e-02 5.999520000000000373e-03
-7.911069999999999214e-03 4.582730000000000137e-03
-4.349500000000000068e-03 2.622440000000000188e-03
-2.547250000000000252e-04 6.668719999999999943e-04
3.726419999999999819e-03 -8.710309999999999754e-04
6.987130000000000250e-03 -1.722500000000000073e-03
9.061140000000000513e-03 -1.773599999999999960e-03
9.694710000000000480e-03 -1.130090000000000044e-03
8.878830000000000749e-03 -1.395520000000000083e-04
6.838069999999999912e-03 7.336270000000000421e-04
3.978810000000000159e-03 1.116430000000000070e-03
8.071989999999999808e-04 8.123829999999999637e-04
-2.166110000000000171e-03 -1.584699999999999922e-04
-4.514930000000000332e-03 -1.571300000000000084e-03
-5.963330000000000193e-03 -3.032759999999999796e-03
-6.417649999999999570e-03 -4.027519999999999711e-03
-5.960779999999999725e-03 -4.138679999999999616e-03
-4.811740000000000114e-03 -3.225679999999999867e-03
-3.261749999999999892e-03 -1.410629999999999957e-03
-1.603849999999999981e-03 9.343479999999999928e-04
-7.276160000000000483e-05 3.213020000000000025e-03
1.191760000000000042e-03 4.812359999999999902e-03
2.150459999999999872e-03 5.309539999999999746e-03
2.840409999999999810e-03 4.525679999999999807e-03
3.331830000000000035e-03 2.599750000000000064e-03
3.680440000000000100e-03 -2.706600000000000141e-05
3.891410000000000095e-03 -2.743030000000000034e-03
3.906540000000000012e-03 -4.846610000000000328e-03
3.618759999999999945e-03 -5.721610000000000237e-03
2.911829999999999800e-03 -5.123850000000000106e-03
1.715039999999999924e-03 -3.241780000000000096e-03
5.566009999999999925e-05 -6.040909999999999596e-04
-1.909880000000000085e-03 2.059889999999999985e-03
-3.899600000000000028e-03 3.991660000000000173e-03
-5.548420000000000088e-03 4.580309999999999764e-03
-6.483530000000000369e-03 3.654829999999999971e-03
-6.417260000000000152e-03 1.534779999999999912e-03
-5.233060000000000316e-03 -1.132739999999999919e-03
-3.038789999999999981e-03 -3.547939999999999861e-03
-1.690849999999999981e-04 -4.975410000000000423e-03
2.868799999999999909e-03 -4.966629999999999656e-03
5.496960000000000388e-03 -3.527970000000000064e-03
7.193699999999999921e-03 -1.046870000000000092e-03
7.614010000000000049e-03 1.777500000000000000e-03
6.673860000000000209e-03 4.069930000000000249e-03
4.575359999999999670e-03 5.140259999999999795e-03
1.763269999999999942e-03 4.707539999999999641e-03
-1.178100000000000067e-03 2.940260000000000096e-03
-3.660759999999999882e-03 3.326989999999999939e-04
-5.227220000000000304e-03 -2.369839999999999794e-03
-5.650320000000000342e-03 -4.313769999999999757e-03
-4.973799999999999576e-03 -4.955000000000000203e-03
-3.482349999999999942e-03 -4.216010000000000070e-03
-1.611720000000000080e-03 -2.419880000000000121e-03
1.739640000000000034e-04 -2.001080000000000025e-04
1.503030000000000034e-03 1.713660000000000096e-03
2.182250000000000162e-03 2.738360000000000013e-03
2.225759999999999805e-03 2.644599999999999989e-03
1.822030000000000090e-03 1.610209999999999940e-03
1.252889999999999993e-03 1.129189999999999941e-04
7.921140000000000125e-04 -1.230820000000000091e-03
6.156850000000000387e-04 -1.902550000000000031e-03
7.510509999999999756e-04 -1.693669999999999985e-03
1.079010000000000039e-03 -7.022699999999999559e-04
1.383820000000000015e-03 7.487070000000000400e-04
1.433639999999999914e-03 2.157520000000000011e-03
1.065680000000000056e-03 3.012739999999999863e-03
2.487550000000000264e-04 3.027769999999999941e-03
-8.967680000000000443e-04 2.205519999999999876e-03
-2.126680000000000150e-03 7.829659999999999571e-04
-3.138890000000000083e-03 -8.450540000000000308e-04
-3.657629999999999822e-03 -2.248149999999999975e-03
-3.511450000000000161e-03 -3.089220000000000160e-03
-2.683029999999999877e-03 -3.204289999999999829e-03
-1.317569999999999896e-03 -2.624969999999999908e-03
3.114309999999999800e-04 -1.546510000000000072e-03
1.868829999999999927e-03 -2.566099999999999978e-04
3.038410000000000069e-03 9.467050000000000508e-04
3.596310000000000132e-03 1.825959999999999953e-03
3.459310000000000163e-03 2.246230000000000102e-03
2.697109999999999959e-03 2.188970000000000152e-03
1.507770000000000074e-03 1.742540000000000104e-03
1.644249999999999987e-04 1.068759999999999979e-03
-1.051950000000000064e-03 3.543309999999999928e-04
-1.916210000000000005e-03 -2.382089999999999956e-04
-2.304080000000000017e-03 -6.095570000000000458e-04
-2.208840000000000109e-03 -7.438949999999999512e-04
-1.728329999999999927e-03 -7.031929999999999605e-04
-1.028009999999999992e-03 -5.955799999999999593e-04
-2.921770000000000183e-04 -5.290800000000000234e-04
3.231710000000000268e-04 -5.697360000000000488e-04
7.236299999999999547e-04 -7.201850000000000309e-04
8.889759999999999806e-04 -9.250480000000000378e-04
8.642110000000000373e-04 -1.093910000000000021e-03
7.341579999999999460e-04 -1.129440000000000001e-03
5.905389999999999511e-04 -9.587680000000000334e-04
5.016359999999999656e-04 -5.606409999999999606e-04
4.930180000000000153e-04 2.258160000000000077e-05
5.439060000000000335e-04 6.910300000000000296e-04
5.988980000000000518e-04 1.309959999999999987e-03
5.903800000000000497e-04 1.742690000000000081e-03
4.641420000000000159e-04 1.884980000000000076e-03
2.002399999999999937e-04 1.691809999999999972e-03
-1.770590000000000000e-04 1.189649999999999996e-03
-6.029920000000000028e-04 4.713650000000000110e-04
-9.883739999999999800e-04 -3.246519999999999810e-04
-1.243249999999999997e-03 -1.045590000000000104e-03
-1.301349999999999946e-03 -1.557659999999999991e-03
-1.138569999999999990e-03 -1.773849999999999993e-03
-7.804599999999999645e-04 -1.669719999999999972e-03
-2.968599999999999733e-04 -1.284329999999999977e-03
2.146170000000000087e-04 -7.071360000000000276e-04
6.518010000000000297e-04 -5.507249999999999830e-05
9.317130000000000290e-04 5.540200000000000116e-04
1.008860000000000095e-03 1.025099999999999926e-03
8.837110000000000234e-04 1.301630000000000018e-03
5.998079999999999601e-04 1.370630000000000069e-03
2.307889999999999887e-04 1.257290000000000100e-03
-1.387600000000000064e-04 1.012150000000000072e-03
-4.335270000000000117e-04 6.949630000000000477e-04
-6.036830000000000408e-04 3.599869999999999806e-04
-6.334249999999999603e-04 4.622870000000000007e-05
-5.404090000000000499e-04 -2.256810000000000099e-04
-3.670610000000000149e-04 -4.503800000000000078e-04
-1.667670000000000111e-04 -6.306159999999999674e-04
1.100880000000000038e-05 -7.691549999999999906e-04
1.327380000000000020e-04 -8.628050000000000172e-04
1.871060000000000073e-04 -9.006100000000000390e-04
1.845100000000000071e-04 -8.667529999999999462e-04
1.506120000000000007e-04 -7.470680000000000376e-04
1.163129999999999958e-04 -5.368659999999999925e-04
1.073009999999999947e-04 -2.473239999999999922e-04
1.361439999999999894e-04 9.194560000000000276e-05
1.989790000000000070e-04 4.354250000000000264e-04
