-2.630039999999999905e-08 7.511949999999999711e-07
-1.707410000000000067e-07 2.594129999999999844e-06
-5.436649999999999650e-07 4.193470000000000188e-06
-1.248220000000000096e-06 7.205049999999999736e-06
-2.622030000000000034e-06 1.758839999999999918e-05
-5.600729999999999992e-06 4.048510000000000308e-05
-1.164480000000000072e-05 7.256050000000000434e-05
-2.174110000000000094e-05 9.795059999999999694e-05
-3.487800000000000047e-05 1.015179999999999994e-04
-4.704820000000000128e-05 7.544079999999999775e-05
-5.143950000000000107e-05 1.733150000000000169e-05
-4.049440000000000315e-05 -5.884980000000000023e-05
-9.991440000000000006e-06 -1.267209999999999951e-04
3.704240000000000299e-05 -1.706930000000000003e-04
8.993109999999999689e-05 -1.985099999999999951e-04
1.345410000000000117e-04 -2.287550000000000011e-04
1.596950000000000084e-04 -2.689349999999999857e-04
1.618889999999999945e-04 -3.062480000000000128e-04
1.454150000000000028e-04 -3.125870000000000211e-04
1.175999999999999989e-04 -2.567280000000000126e-04
8.240209999999999495e-05 -1.313429999999999925e-04
3.794879999999999825e-05 2.645360000000000029e-05
-1.947420000000000067e-05 1.658379999999999934e-04
-8.868960000000000548e-05 2.679210000000000120e-04
-1.600510000000000029e-04 3.421830000000000271e-04
-2.176729999999999876e-04 3.946590000000000037e-04
-2.463060000000000097e-04 4.213929999999999954e-04
-2.390589999999999892e-04 4.192520000000000036e-04
-2.009849999999999874e-04 3.916360000000000023e-04
-1.459339999999999889e-04 3.474740000000000142e-04
-8.898350000000000617e-05 2.875910000000000185e-04
-3.933160000000000134e-05 1.901430000000000123e-04
2.365739999999999901e-06 4.020930000000000142e-05
4.117489999999999773e-05 -1.360599999999999950e-04
8.290220000000000054e-05 -3.025060000000000205e-04
1.310240000000000113e-04 -4.407200000000000223e-04
1.851730000000000108e-04 -5.394420000000000031e-04
2.393960000000000098e-04 -5.907459999999999578e-04
2.818270000000000107e-04 -5.950149999999999537e-04
2.984169999999999857e-04 -5.587110000000000383e-04
2.796089999999999990e-04 -4.907359999999999717e-04
2.253459999999999936e-04 -3.941230000000000211e-04
1.446800000000000039e-04 -2.648169999999999821e-04
5.103170000000000134e-05 -1.060459999999999940e-04
-4.301240000000000174e-05 7.398879999999999877e-05
-1.286439999999999969e-04 2.625120000000000101e-04
-2.006979999999999951e-04 4.313329999999999985e-04
-2.553850000000000087e-04 5.467029999999999459e-04
-2.884559999999999772e-04 5.962499999999999918e-04
-2.960370000000000254e-04 6.016310000000000408e-04
-2.774890000000000126e-04 5.891520000000000134e-04
-2.371089999999999960e-04 5.527320000000000063e-04
-1.824820000000000055e-04 4.603720000000000164e-04
-1.203710000000000034e-04 2.887790000000000214e-04
-5.334169999999999786e-05 6.347060000000000180e-05
1.990530000000000066e-05 -1.547230000000000025e-04
1.012709999999999999e-04 -3.456120000000000242e-04
1.897489999999999886e-04 -5.276680000000000172e-04
2.783810000000000169e-04 -6.907950000000000158e-04
3.533760000000000265e-04 -7.965309999999999535e-04
3.977280000000000247e-04 -8.010320000000000244e-04
3.971830000000000087e-04 -6.859810000000000040e-04
3.448440000000000207e-04 -4.963749999999999630e-04
2.432430000000000020e-04 -2.982630000000000003e-04
1.043830000000000067e-04 -1.147480000000000066e-04
-5.166349999999999757e-05 8.330970000000000638e-05
-2.003569999999999928e-04 3.272940000000000007e-04
-3.191320000000000203e-04 5.903259999999999584e-04
-3.946010000000000121e-04 7.995139999999999756e-04
-4.258970000000000052e-04 8.978740000000000028e-04
-4.205570000000000055e-04 8.797180000000000364e-04
-3.853409999999999822e-04 7.739230000000000371e-04
-3.201149999999999937e-04 6.054359999999999950e-04
-2.209009999999999912e-04 3.776469999999999979e-04
-8.870379999999999595e-05 8.129040000000000354e-05
6.554599999999999890e-05 -2.730149999999999873e-04
2.242540000000000115e-04 -6.225690000000000087e-04
3.694750000000000226e-04 -8.815179999999999717e-04
4.854130000000000228e-04 -1.006340000000000099e-03
5.561340000000000120e-04 -1.004990000000000093e-03
5.638540000000000262e-04 -9.048710000000000173e-04
4.939509999999999604e-04 -7.273549999999999504e-04
3.460100000000000025e-04 -4.872470000000000056e-04
1.407629999999999938e-04 -1.723270000000000053e-04
-8.616760000000000489e-05 2.214980000000000128e-04
-2.985050000000000160e-04 6.135440000000000468e-04
-4.696459999999999958e-04 9.121199999999999881e-04
-5.840729999999999490e-04 1.074800000000000104e-03
-6.322730000000000364e-04 1.101680000000000064e-03
-6.066850000000000367e-04 1.021640000000000091e-03
-5.046020000000000453e-04 8.503329999999999916e-04
-3.349930000000000095e-04 5.718430000000000474e-04
-1.207230000000000027e-04 1.748200000000000101e-04
1.086919999999999954e-04 -3.217310000000000135e-04
3.287499999999999949e-04 -8.378590000000000430e-04
5.231839999999999971e-04 -1.209599999999999911e-03
6.748140000000000345e-04 -1.325119999999999944e-03
7.563399999999999854e-04 -1.206489999999999950e-03
7.340619999999999524e-04 -9.498459999999999586e-04
5.857090000000000126e-04 -6.428309999999999580e-04
3.202410000000000261e-04 -2.844410000000000232e-04
-1.639150000000000053e-05 1.548730000000000061e-04
-3.547779999999999836e-04 6.252830000000000237e-04
-6.281309999999999802e-04 1.044629999999999951e-03
-7.964040000000000138e-04 1.347220000000000101e-03
-8.514170000000000375e-04 1.452560000000000092e-03
-8.010759999999999582e-04 1.311440000000000088e-03
-6.509299999999999765e-04 9.203450000000000389e-04
-4.016749999999999921e-04 3.367059999999999845e-04
-6.472489999999999418e-05 -3.029579999999999817e-04
3.216539999999999937e-04 -8.967040000000000123e-04
6.932309999999999904e-04 -1.361599999999999920e-03
9.758829999999999805e-04 -1.600539999999999905e-03
1.105969999999999957e-03 -1.569129999999999961e-03
1.047540000000000016e-03 -1.298190000000000064e-03
8.029159999999999813e-04 -8.792340000000000051e-04
4.139050000000000021e-04 -3.786039999999999957e-04
-4.866740000000000096e-05 2.073950000000000023e-04
-5.034809999999999590e-04 8.573040000000000304e-04
-8.762079999999999565e-04 1.440499999999999940e-03
-1.111170000000000083e-03 1.796709999999999974e-03
-1.177529999999999983e-03 1.831280000000000017e-03
-1.068839999999999938e-03 1.526739999999999955e-03
-7.965500000000000358e-04 9.211140000000000039e-04
-3.849319999999999934e-04 1.049219999999999960e-04
1.241889999999999997e-04 -7.506420000000000410e-04
6.607219999999999803e-04 -1.443389999999999907e-03
1.126150000000000024e-03 -1.842359999999999918e-03
1.414789999999999971e-03 -1.920260000000000022e-03
1.447879999999999914e-03 -1.702989999999999929e-03
1.201639999999999913e-03 -1.232929999999999920e-03
7.168740000000000485e-04 -5.741840000000000442e-04
8.802430000000000356e-05 2.091639999999999916e-04
-5.634400000000000129e-04 1.040300000000000079e-03
-1.119320000000000037e-03 1.767410000000000075e-03
-1.486480000000000093e-03 2.204559999999999940e-03
-1.606699999999999968e-03 2.225700000000000161e-03
-1.457540000000000007e-03 1.786880000000000022e-03
-1.049720000000000080e-03 9.416039999999999653e-04
-4.283140000000000059e-04 -1.365159999999999920e-04
3.203570000000000094e-04 -1.176299999999999915e-03
1.066260000000000081e-03 -1.928900000000000102e-03
1.653570000000000040e-03 -2.298769999999999893e-03
1.941309999999999911e-03 -2.304860000000000155e-03
1.848019999999999914e-03 -1.953289999999999887e-03
1.377530000000000074e-03 -1.224610000000000108e-03
6.179370000000000435e-04 -1.957000000000000135e-04
-2.806630000000000062e-04 9.237849999999999924e-04
-1.141810000000000047e-03 1.890669999999999894e-03
-1.800869999999999988e-03 2.509459999999999816e-03
-2.133700000000000093e-03 2.659089999999999804e-03
-2.070680000000000090e-03 2.266660000000000202e-03
-1.603189999999999997e-03 1.357560000000000060e-03
-7.921780000000000444e-04 1.232770000000000057e-04
2.256670000000000063e-04 -1.136239999999999950e-03
1.250500000000000092e-03 -2.124099999999999860e-03
2.059130000000000162e-03 -2.651789999999999790e-03
2.461200000000000193e-03 -2.658820000000000107e-03
2.349799999999999979e-03 -2.152260000000000024e-03
1.730079999999999943e-03 -1.218810000000000076e-03
7.225670000000000226e-04 -4.935360000000000127e-05
-4.606319999999999902e-04 1.156150000000000103e-03
-1.565959999999999921e-03 2.210709999999999845e-03
-2.359289999999999998e-03 2.882239999999999889e-03
-2.674510000000000168e-03 2.920170000000000144e-03
-2.439610000000000042e-03 2.230139999999999813e-03
-1.686800000000000018e-03 1.005830000000000092e-03
-5.515640000000000473e-04 -4.039490000000000181e-04
7.436619999999999689e-04 -1.670430000000000092e-03
1.926069999999999996e-03 -2.572249999999999884e-03
2.727209999999999877e-03 -2.964720000000000116e-03
2.945750000000000018e-03 -2.720980000000000013e-03
2.504160000000000066e-03 -1.859610000000000039e-03
1.482320000000000079e-03 -6.011210000000000338e-04
1.067350000000000004e-04 7.701789999999999591e-04
-1.308080000000000093e-03 1.967819999999999899e-03
-2.439859999999999859e-03 2.701729999999999843e-03
-3.030559999999999851e-03 2.805189999999999940e-03
-2.939830000000000047e-03 2.300200000000000074e-03
-2.176739999999999925e-03 1.302460000000000076e-03
-9.037770000000000309e-04 1.726740000000000005e-05
5.920979999999999950e-04 -1.275749999999999974e-03
1.962950000000000198e-03 -2.296190000000000037e-03
2.884279999999999917e-03 -2.766699999999999975e-03
3.134300000000000020e-03 -2.521320000000000072e-03
2.648360000000000210e-03 -1.680199999999999966e-03
1.538089999999999987e-03 -5.412109999999999924e-04
6.741790000000000380e-05 6.090870000000000182e-04
-1.409600000000000002e-03 1.555500000000000025e-03
-2.533070000000000113e-03 2.121290000000000068e-03
-3.024180000000000011e-03 2.151849999999999857e-03
-2.759619999999999955e-03 1.675370000000000028e-03
-1.813640000000000044e-03 8.706430000000000462e-04
-4.421359999999999830e-04 -7.196929999999999549e-05
9.934169999999999112e-04 -9.619379999999999641e-04
2.130710000000000069e-03 -1.604320000000000008e-03
2.700590000000000108e-03 -1.847550000000000104e-03
2.587610000000000170e-03 -1.663959999999999918e-03
1.848880000000000011e-03 -1.094230000000000072e-03
6.915349999999999579e-04 -2.935400000000000119e-04
-5.808109999999999792e-04 4.662229999999999847e-04
-1.643680000000000011e-03 1.009359999999999945e-03
-2.237199999999999953e-03 1.295970000000000021e-03
-2.235619999999999795e-03 1.325489999999999915e-03
-1.674630000000000086e-03 1.055689999999999970e-03
-7.318500000000000352e-04 5.358980000000000384e-04
3.252959999999999836e-04 -2.415930000000000093e-05
1.214039999999999998e-03 -5.062419999999999550e-04
1.719140000000000078e-03 -8.842980000000000501e-04
1.751120000000000107e-03 -1.099799999999999953e-03
1.356280000000000072e-03 -1.095550000000000039e-03
6.843860000000000438e-04 -8.566500000000000330e-04
-6.534110000000000363e-05 -4.341759999999999847e-04
-7.019650000000000325e-04 8.353150000000000483e-05
-1.091119999999999894e-03 5.856620000000000315e-04
-1.181689999999999997e-03 9.462309999999999601e-04
-1.004520000000000066e-03 1.085180000000000042e-03
-6.473899999999999664e-04 9.743020000000000239e-04
-2.180159999999999943e-04 6.173430000000000150e-04
1.878799999999999969e-04 1.196360000000000045e-04
5.012070000000000414e-04 -3.385419999999999987e-04
6.815280000000000383e-04 -6.593389999999999971e-04
7.168889999999999594e-04 -8.321789999999999483e-04
6.209120000000000481e-04 -8.265409999999999728e-04
4.248310000000000259e-04 -6.226219999999999758e-04
1.697249999999999920e-04 -2.786010000000000114e-04
-9.813099999999999948e-05 9.869910000000000510e-05
-3.322369999999999837e-04 4.057460000000000146e-04
-4.928400000000000315e-04 5.768999999999999823e-04
-5.533750000000000474e-04 5.991510000000000238e-04
-5.042859999999999487e-04 4.988720000000000307e-04
-3.549909999999999763e-04 3.179559999999999895e-04
-1.348959999999999905e-04 9.905650000000000273e-05
1.088570000000000049e-04 -1.194409999999999970e-04
3.206460000000000061e-04 -3.029309999999999902e-04
4.521199999999999742e-04 -4.233719999999999845e-04
4.775110000000000162e-04 -4.618129999999999913e-04
4.000280000000000264e-04 -4.094100000000000256e-04
2.465899999999999819e-04 -2.730219999999999891e-04
5.597630000000000140e-05 -8.004280000000000552e-05
-1.320969999999999924e-04 1.260260000000000026e-04
-2.833399999999999808e-04 2.973119999999999886e-04
-3.719840000000000082e-04 3.944339999999999847e-04
-3.833409999999999877e-04 3.971019999999999802e-04
-3.166309999999999980e-04 3.103830000000000131e-04
-1.865299999999999912e-04 1.631340000000000004e-04
-2.142349999999999910e-05 -3.385920000000000186e-06
1.423469999999999976e-04 -1.515069999999999980e-04
2.690719999999999744e-04 -2.585600000000000181e-04
3.325450000000000086e-04 -3.149280000000000178e-04
3.222790000000000225e-04 -3.138080000000000014e-04
2.450740000000000188e-04 -2.509610000000000118e-04
1.219079999999999990e-04 -1.343209999999999901e-04
-1.831789999999999956e-05 1.099040000000000069e-05
-1.459809999999999970e-04 1.487659999999999916e-04
-2.367889999999999990e-04 2.453819999999999894e-04
-2.754669999999999970e-04 2.816550000000000130e-04
-2.571920000000000000e-04 2.563360000000000204e-04
-1.876710000000000129e-04 1.818040000000000096e-04
-8.231299999999999609e-05 7.721800000000000506e-05
3.605300000000000193e-05 -3.628470000000000176e-05
1.416760000000000035e-04 -1.377270000000000046e-04
2.121039999999999872e-04 -2.080240000000000127e-04
2.339730000000000043e-04 -2.332079999999999939e-04
2.058840000000000095e-04 -2.084870000000000115e-04
1.374120000000000051e-04 -1.405850000000000101e-04
4.537940000000000127e-05 -4.634060000000000148e-05
-5.052589999999999680e-05 5.218780000000000202e-05
-1.314119999999999947e-04 1.338110000000000102e-04
-1.820290000000000016e-04 1.830009999999999916e-04
-1.932430000000000063e-04 1.922329999999999872e-04
-1.639889999999999913e-04 1.622229999999999950e-04
-1.018689999999999966e-04 1.009779999999999944e-04
-2.153309999999999887e-05 2.209920000000000010e-05
5.897050000000000062e-05 -5.770249999999999853e-05
1.226859999999999973e-04 -1.219139999999999986e-04
1.575059999999999926e-04 -1.577799999999999971e-04
1.582210000000000018e-04 -1.591110000000000018e-04
1.267820000000000069e-04 -1.274260000000000095e-04
7.124919999999999539e-05 -7.115730000000000395e-05
3.943180000000000082e-06 -3.331730000000000202e-06
-6.097310000000000072e-05 6.149579999999999489e-05
-1.102710000000000018e-04 1.102859999999999941e-04
-1.343919999999999967e-04 1.339819999999999922e-04
-1.294669999999999990e-04 1.290540000000000014e-04
-9.800289999999999642e-05 9.793290000000000556e-05
-4.800290000000000080e-05 4.827109999999999935e-05
9.138889999999999164e-06 -8.819760000000000409e-06
6.129979999999999880e-05 -6.120670000000000472e-05
9.814319999999999912e-05 -9.831249999999999766e-05
