-2.973629999999999874e-08 7.432070000000000190e-07
-1.867009999999999987e-07 2.550049999999999835e-06
-5.712589999999999671e-07 4.082469999999999895e-06
-1.269460000000000040e-06 7.005809999999999760e-06
-2.645970000000000181e-06 1.720120000000000058e-05
-5.696149999999999665e-06 3.959859999999999726e-05
-1.183739999999999952e-05 7.070209999999999516e-05
-2.179269999999999889e-05 9.484759999999999632e-05
-3.421319999999999966e-05 9.749520000000000126e-05
-4.504850000000000076e-05 7.142649999999999791e-05
-4.791040000000000126e-05 1.450850000000000009e-05
-3.597830000000000076e-05 -5.946459999999999984e-05
-5.810089999999999797e-06 -1.246789999999999899e-04
3.912269999999999729e-05 -1.662660000000000104e-04
8.847220000000000312e-05 -1.922410000000000048e-04
1.292420000000000070e-04 -2.206759999999999993e-04
1.515320000000000122e-04 -2.583279999999999973e-04
1.524030000000000111e-04 -2.924339999999999991e-04
1.357800000000000044e-04 -2.961179999999999997e-04
1.082289999999999966e-04 -2.399880000000000069e-04
7.336040000000000323e-05 -1.180270000000000001e-04
2.984980000000000006e-05 3.291600000000000130e-05
-2.484250000000000144e-05 1.639869999999999869e-04
-8.886780000000000319e-05 2.586099999999999922e-04
-1.533779999999999942e-04 3.272090000000000176e-04
-2.043989999999999924e-04 3.753100000000000099e-04
-2.284429999999999946e-04 3.984479999999999771e-04
-2.194719999999999885e-04 3.939650000000000270e-04
-1.826329999999999978e-04 3.662490000000000233e-04
-1.313890000000000121e-04 3.247360000000000025e-04
-7.991060000000000025e-05 2.699730000000000120e-04
-3.598359999999999883e-05 1.796210000000000070e-04
1.047750000000000048e-06 3.844869999999999663e-05
3.651570000000000006e-05 -1.281010000000000124e-04
7.540419999999999881e-05 -2.854859999999999971e-04
1.205060000000000012e-04 -4.169570000000000264e-04
1.718070000000000036e-04 -5.118269999999999634e-04
2.241520000000000047e-04 -5.618150000000000140e-04
2.659590000000000196e-04 -5.668900000000000154e-04
2.829770000000000115e-04 -5.332330000000000359e-04
2.656439999999999930e-04 -4.692540000000000036e-04
2.141699999999999908e-04 -3.773289999999999782e-04
1.375050000000000057e-04 -2.531689999999999744e-04
4.831089999999999853e-05 -1.003640000000000033e-04
-4.166349999999999844e-05 7.256969999999999740e-05
-1.238629999999999896e-04 2.531710000000000058e-04
-1.927680000000000084e-04 4.141850000000000197e-04
-2.441230000000000071e-04 5.230820000000000174e-04
-2.737120000000000113e-04 5.684859999999999913e-04
-2.784840000000000123e-04 5.722290000000000536e-04
-2.590100000000000019e-04 5.599000000000000027e-04
-2.201460000000000027e-04 5.247799999999999731e-04
-1.687779999999999890e-04 4.354180000000000246e-04
-1.103659999999999933e-04 2.699809999999999753e-04
-4.692309999999999802e-05 5.461720000000000284e-05
2.211930000000000013e-05 -1.514400000000000002e-04
9.781570000000000607e-05 -3.308159999999999985e-04
1.796780000000000100e-04 -5.034739999999999572e-04
2.622309999999999767e-04 -6.589719999999999649e-04
3.325080000000000223e-04 -7.586929999999999542e-04
3.733499999999999948e-04 -7.601539999999999729e-04
3.706369999999999955e-04 -6.468850000000000381e-04
3.187670000000000195e-04 -4.642100000000000024e-04
2.218590000000000048e-04 -2.763180000000000063e-04
9.199710000000000049e-05 -1.038870000000000033e-04
-5.284030000000000297e-05 8.306280000000000033e-05
-1.909830000000000110e-04 3.150240000000000115e-04
-3.014879999999999839e-04 5.645859999999999507e-04
-3.708259999999999898e-04 7.606310000000000024e-04
-3.975550000000000112e-04 8.496460000000000167e-04
-3.895799999999999936e-04 8.286329999999999521e-04
-3.547119999999999744e-04 7.267400000000000249e-04
-2.933230000000000104e-04 5.673650000000000134e-04
-2.009319999999999932e-04 3.521670000000000182e-04
-7.765339999999999754e-05 7.093289999999999979e-05
6.626029999999999984e-05 -2.661370000000000033e-04
2.137530000000000116e-04 -5.973489999999999486e-04
3.476360000000000170e-04 -8.393800000000000306e-04
4.533539999999999966e-04 -9.521570000000000250e-04
5.166759999999999842e-04 -9.460319999999999710e-04
5.214759999999999925e-04 -8.485419999999999812e-04
4.541400000000000124e-04 -6.795440000000000248e-04
3.143770000000000158e-04 -4.521360000000000092e-04
1.220650000000000044e-04 -1.532559999999999977e-04
-8.915579999999999773e-05 2.210529999999999993e-04
-2.854460000000000179e-04 5.907430000000000190e-04
-4.419660000000000168e-04 8.674569999999999720e-04
-5.443400000000000365e-04 1.013699999999999974e-03
-5.844140000000000055e-04 1.032989999999999907e-03
-5.562899999999999746e-04 9.544300000000000353e-04
-4.583699999999999906e-04 7.918810000000000302e-04
-2.993000000000000109e-04 5.279850000000000211e-04
-1.002139999999999997e-04 1.512659999999999981e-04
1.116930000000000028e-04 -3.193229999999999918e-04
3.139500000000000146e-04 -8.058129999999999503e-04
4.913619999999999620e-04 -1.149539999999999893e-03
6.272359999999999828e-04 -1.246120000000000083e-03
6.960249999999999640e-04 -1.122780000000000089e-03
6.679869999999999862e-04 -8.749670000000000407e-04
5.249830000000000252e-04 -5.851429999999999913e-04
2.768590000000000135e-04 -2.479410000000000034e-04
-3.403649999999999845e-05 1.665829999999999872e-04
-3.439809999999999851e-04 6.076080000000000413e-04
-5.909710000000000310e-04 9.951660000000000193e-04
-7.383599999999999712e-04 1.269390000000000015e-03
-7.804580000000000415e-04 1.356329999999999992e-03
-7.262949999999999571e-04 1.211719999999999898e-03
-5.810779999999999548e-04 8.342510000000000463e-04
-3.450349999999999923e-04 2.799860000000000261e-04
-3.019810000000000146e-05 -3.200139999999999756e-04
3.249719999999999779e-04 -8.715389999999999509e-04
6.596389999999999502e-04 -1.298160000000000026e-03
9.069739999999999530e-04 -1.507059999999999953e-03
1.011339999999999895e-03 -1.457640000000000064e-03
9.425189999999999523e-04 -1.184319999999999991e-03
7.054080000000000333e-04 -7.799410000000000327e-04
3.411840000000000185e-04 -3.086680000000000066e-04
-8.368769999999999497e-05 2.369010000000000007e-04
-4.952630000000000183e-04 8.387579999999999949e-04
-8.265320000000000479e-04 1.371379999999999951e-03
-1.026690000000000024e-03 1.683629999999999979e-03
-1.068399999999999949e-03 1.691639999999999897e-03
-9.493750000000000236e-04 1.384940000000000086e-03
-6.849030000000000526e-04 8.023940000000000022e-04
-3.000829999999999795e-04 3.061370000000000134e-05
1.662079999999999916e-04 -7.662139999999999793e-04
6.491620000000000029e-04 -1.396019999999999987e-03
1.057510000000000004e-03 -1.739620000000000099e-03
1.295799999999999947e-03 -1.779140000000000018e-03
1.297250000000000009e-03 -1.545270000000000064e-03
1.047090000000000087e-03 -1.081810000000000107e-03
5.879200000000000224e-04 -4.530690000000000086e-04
8.641399999999999968e-06 2.784139999999999944e-04
-5.791740000000000083e-04 1.041089999999999941e-03
-1.068200000000000052e-03 1.693339999999999993e-03
-1.375209999999999974e-03 2.063520000000000111e-03
-1.450750000000000000e-03 2.040399999999999939e-03
-1.280090000000000004e-03 1.590739999999999993e-03
-8.794750000000000050e-04 7.718370000000000439e-04
-2.956890000000000213e-04 -2.465920000000000134e-04
3.879430000000000226e-04 -1.204610000000000056e-03
1.049779999999999941e-03 -1.869760000000000042e-03
1.548619999999999901e-03 -2.162840000000000075e-03
1.762810000000000071e-03 -2.114210000000000048e-03
1.628840000000000105e-03 -1.736609999999999977e-03
1.159789999999999953e-03 -1.016200000000000089e-03
4.424089999999999989e-04 -3.418119999999999725e-05
-3.813810000000000268e-04 1.002880000000000047e-03
-1.146730000000000102e-03 1.866089999999999936e-03
-1.704199999999999899e-03 2.381470000000000115e-03
-1.948209999999999916e-03 2.449020000000000103e-03
-1.827129999999999943e-03 2.011950000000000197e-03
-1.344659999999999909e-03 1.105850000000000019e-03
-5.664990000000000390e-04 -7.575109999999999374e-05
3.728560000000000229e-04 -1.241909999999999932e-03
1.283910000000000086e-03 -2.114580000000000019e-03
1.963770000000000099e-03 -2.527740000000000108e-03
2.249919999999999871e-03 -2.441019999999999909e-03
2.062420000000000139e-03 -1.877530000000000084e-03
1.423650000000000046e-03 -9.361079999999999488e-04
4.582580000000000160e-04 1.869399999999999957e-04
-6.292719999999999477e-04 1.296910000000000077e-03
-1.602850000000000065e-03 2.222870000000000054e-03
-2.253209999999999848e-03 2.756440000000000192e-03
-2.441589999999999993e-03 2.675340000000000010e-03
-2.120439999999999912e-03 1.913320000000000038e-03
-1.340620000000000049e-03 6.828980000000000336e-04
-2.479630000000000245e-04 -6.655899999999999751e-04
9.379409999999999701e-04 -1.818240000000000047e-03
1.963970000000000212e-03 -2.576989999999999923e-03
2.594990000000000144e-03 -2.822419999999999964e-03
2.666710000000000087e-03 -2.454149999999999995e-03
2.132830000000000056e-03 -1.517179999999999918e-03
1.093800000000000024e-03 -2.512680000000000208e-04
-2.170170000000000128e-04 1.055060000000000026e-03
-1.495800000000000038e-03 2.127099999999999824e-03
-2.448210000000000143e-03 2.699280000000000082e-03
-2.854419999999999874e-03 2.637809999999999981e-03
-2.613299999999999824e-03 1.999540000000000171e-03
-1.766180000000000007e-03 9.289359999999999978e-04
-4.947909999999999591e-04 -3.523320000000000141e-04
9.118960000000000390e-04 -1.563869999999999974e-03
2.122709999999999875e-03 -2.440320000000000163e-03
2.846200000000000119e-03 -2.733179999999999985e-03
2.902829999999999907e-03 -2.314629999999999813e-03
2.270669999999999807e-03 -1.343269999999999924e-03
1.095499999999999903e-03 -1.445569999999999917e-04
-3.421820000000000113e-04 9.839619999999999009e-04
-1.695450000000000039e-03 1.831589999999999911e-03
-2.633170000000000215e-03 2.239660000000000088e-03
-2.918000000000000021e-03 2.084799999999999934e-03
-2.471109999999999886e-03 1.435239999999999953e-03
-1.406670000000000056e-03 5.078899999999999908e-04
-7.543140000000000085e-06 -4.804930000000000225e-04
1.359310000000000076e-03 -1.328809999999999930e-03
2.349410000000000127e-03 -1.849090000000000065e-03
2.728139999999999992e-03 -1.915140000000000071e-03
2.421759999999999798e-03 -1.538880000000000066e-03
1.527920000000000103e-03 -8.049080000000000124e-04
2.863589999999999734e-04 9.493530000000000566e-05
-9.808900000000001038e-04 8.686160000000000062e-04
-1.950499999999999977e-03 1.340040000000000025e-03
-2.385289999999999980e-03 1.485430000000000040e-03
-2.197939999999999790e-03 1.332709999999999971e-03
-1.466070000000000090e-03 8.782640000000000195e-04
-4.020820000000000036e-04 2.141400000000000063e-04
7.032619999999999627e-04 -4.163559999999999961e-04
1.558139999999999959e-03 -8.812400000000000398e-04
1.956499999999999906e-03 -1.160540000000000052e-03
1.835250000000000076e-03 -1.217379999999999894e-03
1.275480000000000060e-03 -1.029170000000000041e-03
4.605000000000000261e-04 -6.232819999999999593e-04
-3.832719999999999855e-04 -8.984569999999999937e-05
-1.046660000000000038e-03 4.586270000000000255e-04
-1.389650000000000087e-03 9.074379999999999946e-04
-1.371030000000000078e-03 1.145650000000000010e-03
-1.045869999999999959e-03 1.122240000000000043e-03
-5.344619999999999796e-04 8.455620000000000063e-04
2.271270000000000024e-05 3.561279999999999893e-04
5.034959999999999783e-04 -2.121170000000000022e-04
8.228270000000000419e-04 -6.662460000000000040e-04
9.385770000000000094e-04 -9.137229999999999658e-04
8.538839999999999581e-04 -9.625039999999999854e-04
6.109439999999999836e-04 -8.086229999999999590e-04
2.742369999999999834e-04 -4.638280000000000050e-04
-8.549050000000000421e-05 -1.740619999999999947e-05
-4.006300000000000182e-04 4.019070000000000129e-04
-6.151350000000000524e-04 6.841570000000000160e-04
-6.944600000000000425e-04 7.726970000000000323e-04
-6.318030000000000087e-04 6.745279999999999766e-04
-4.467429999999999882e-04 4.420900000000000177e-04
-1.791449999999999933e-04 1.448889999999999879e-04
1.169509999999999989e-04 -1.502490000000000043e-04
3.799839999999999858e-04 -3.895099999999999756e-04
5.522609999999999629e-04 -5.352619999999999991e-04
5.959490000000000230e-04 -5.692349999999999667e-04
5.060789999999999907e-04 -4.924130000000000304e-04
3.118129999999999773e-04 -3.215890000000000003e-04
6.485170000000000116e-05 -8.951160000000000540e-05
-1.775839999999999992e-04 1.561029999999999926e-04
-3.666109999999999768e-04 3.618070000000000140e-04
-4.691790000000000153e-04 4.821560000000000234e-04
-4.709040000000000166e-04 4.911190000000000390e-04
-3.766040000000000013e-04 3.887830000000000214e-04
-2.089580000000000007e-04 2.029199999999999884e-04
-4.572389999999999772e-06 -1.713320000000000056e-05
1.929049999999999970e-04 -2.158060000000000002e-04
3.417660000000000207e-04 -3.500479999999999933e-04
4.115200000000000173e-04 -4.016210000000000092e-04
3.900139999999999965e-04 -3.738999999999999811e-04
2.860529999999999800e-04 -2.787380000000000001e-04
1.265109999999999954e-04 -1.323089999999999965e-04
-5.093109999999999760e-05 3.965340000000000222e-05
-2.071069999999999942e-04 2.008950000000000069e-04
-3.102979999999999757e-04 3.132569999999999994e-04
-3.425769999999999965e-04 3.504029999999999992e-04
-3.021489999999999831e-04 3.074050000000000155e-04
-2.018049999999999965e-04 2.006250000000000112e-04
-6.497989999999999767e-05 5.954840000000000063e-05
7.902880000000000473e-05 -8.339470000000000303e-05
2.002390000000000051e-04 -2.000620000000000100e-04
2.737190000000000131e-04 -2.699539999999999839e-04
2.852579999999999851e-04 -2.817359999999999873e-04
2.350599999999999890e-04 -2.347379999999999877e-04
1.374889999999999977e-04 -1.400700000000000057e-04
1.664899999999999933e-05 -1.940069999999999875e-05
-1.003030000000000051e-04 9.976859999999999884e-05
-1.894710000000000025e-04 1.912000000000000125e-04
-2.345120000000000071e-04 2.365989999999999890e-04
-2.287540000000000124e-04 2.293490000000000025e-04
-1.757390000000000059e-04 1.746220000000000096e-04
-8.836490000000000501e-05 8.681870000000000277e-05
1.359879999999999929e-05 -1.418020000000000020e-05
1.077349999999999977e-04 -1.070489999999999978e-04
1.741380000000000055e-04 -1.730109999999999873e-04
2.000009999999999982e-04 -1.994689999999999972e-04
1.821829999999999869e-04 -1.825779999999999992e-04
1.271400000000000058e-04 -1.279499999999999930e-04
4.865329999999999715e-05 -4.911779999999999922e-05
-3.565939999999999946e-05 3.586589999999999825e-05
-1.080999999999999984e-04 1.086770000000000032e-04
-1.542960000000000013e-04 1.546870000000000048e-04
-1.658689999999999937e-04 1.657790000000000132e-04
-1.419779999999999881e-04 1.415719999999999923e-04
-8.933249999999999893e-05 8.901359999999999763e-05
-2.053450000000000135e-05 2.055669999999999920e-05
4.894699999999999740e-05 -4.866609999999999811e-05
1.043520000000000065e-04 -1.040989999999999938e-04
1.348029999999999899e-04 -1.347879999999999977e-04
1.353439999999999971e-04 -1.355340000000000071e-04
