-7.184520000000000332e-09 1.018660000000000044e-06
-5.359329999999999855e-08 4.342960000000000344e-06
-2.044750000000000095e-07 9.798000000000000042e-06
-5.688459999999999574e-07 2.013919999999999854e-05
-1.377229999999999899e-06 4.493979999999999958e-05
-3.156089999999999881e-06 9.954700000000000083e-05
-6.913869999999999586e-06 1.969300000000000000e-04
-1.413170000000000058e-05 3.332690000000000240e-04
-2.640270000000000049e-05 4.859490000000000055e-04
-4.473630000000000060e-05 6.120130000000000101e-04
-6.865399999999999693e-05 6.503939999999999938e-04
-9.543889999999999861e-05 5.504029999999999817e-04
-1.200740000000000027e-04 2.970849999999999923e-04
-1.361219999999999954e-04 -8.731490000000000659e-05
-1.372559999999999883e-04 -5.569890000000000301e-04
-1.188459999999999934e-04 -1.058530000000000018e-03
-7.902039999999999986e-05 -1.542610000000000032e-03
-1.887190000000000137e-05 -1.968890000000000050e-03
5.812319999999999943e-05 -2.297979999999999814e-03
1.470029999999999883e-04 -2.474210000000000124e-03
2.420350000000000095e-04 -2.431420000000000109e-03
3.371870000000000227e-04 -2.127229999999999920e-03
4.265580000000000044e-04 -1.558939999999999979e-03
5.047860000000000151e-04 -7.568819999999999541e-04
5.672879999999999936e-04 2.125259999999999910e-04
6.103880000000000113e-04 1.243589999999999930e-03
6.313350000000000125e-04 2.213699999999999869e-03
6.280390000000000495e-04 3.013769999999999817e-03
5.984049999999999873e-04 3.567789999999999937e-03
5.394450000000000503e-04 3.841380000000000142e-03
4.466369999999999997e-04 3.827899999999999966e-03
3.142840000000000152e-04 3.514769999999999960e-03
1.373149999999999957e-04 2.885299999999999931e-03
-8.594960000000000122e-05 1.949889999999999913e-03
-3.509540000000000012e-04 7.451180000000000173e-04
-6.448289999999999751e-04 -6.623990000000000390e-04
-9.458690000000000066e-04 -2.155199999999999911e-03
-1.225160000000000094e-03 -3.570789999999999902e-03
-1.450169999999999975e-03 -4.731729999999999964e-03
-1.589469999999999945e-03 -5.479419999999999603e-03
-1.617469999999999975e-03 -5.707209999999999887e-03
-1.518229999999999970e-03 -5.375630000000000165e-03
-1.287739999999999892e-03 -4.511669999999999743e-03
-9.345679999999999873e-04 -3.205980000000000201e-03
-4.790479999999999847e-04 -1.588130000000000097e-03
4.841939999999999927e-05 1.945139999999999879e-04
6.097379999999999684e-04 1.976710000000000012e-03
1.162030000000000094e-03 3.582779999999999819e-03
1.660969999999999894e-03 4.852979999999999794e-03
2.064069999999999881e-03 5.677240000000000064e-03
2.333790000000000083e-03 6.002559999999999667e-03
2.440349999999999984e-03 5.814269999999999855e-03
2.364740000000000158e-03 5.121599999999999590e-03
2.101749999999999886e-03 3.952080000000000176e-03
1.662580000000000091e-03 2.374929999999999923e-03
1.075940000000000056e-03 5.146060000000000261e-04
3.872139999999999827e-04 -1.494110000000000099e-03
-3.442399999999999974e-04 -3.515250000000000145e-03
-1.049959999999999956e-03 -5.377380000000000181e-03
-1.659429999999999933e-03 -6.886520000000000141e-03
-2.108609999999999911e-03 -7.841819999999999347e-03
-2.348700000000000006e-03 -8.065720000000000181e-03
-2.353200000000000170e-03 -7.477550000000000342e-03
-2.121619999999999843e-03 -6.117609999999999888e-03
-1.679109999999999934e-03 -4.123609999999999776e-03
-1.072840000000000035e-03 -1.689989999999999938e-03
-3.660180000000000182e-04 9.648270000000000240e-04
3.690039999999999792e-04 3.603040000000000062e-03
1.058169999999999987e-03 5.982480000000000089e-03
1.632710000000000107e-03 7.884479999999999267e-03
2.035200000000000030e-03 9.133820000000000827e-03
2.224209999999999902e-03 9.606429999999999136e-03
2.177709999999999802e-03 9.230620000000000144e-03
1.895140000000000019e-03 7.990320000000000408e-03
1.398249999999999970e-03 5.925490000000000271e-03
7.304819999999999629e-04 3.145970000000000103e-03
-4.577750000000000005e-05 -1.330159999999999882e-04
-8.544380000000000074e-04 -3.588609999999999890e-03
-1.613340000000000000e-03 -6.839740000000000403e-03
-2.243119999999999923e-03 -9.496459999999999971e-03
-2.676040000000000189e-03 -1.121199999999999974e-02
-2.863469999999999904e-03 -1.174049999999999920e-02
-2.780840000000000135e-03 -1.098490000000000057e-02
-2.429750000000000052e-03 -8.975860000000000435e-03
-1.837649999999999917e-03 -5.863759999999999979e-03
-1.055069999999999966e-03 -1.968919999999999872e-03
-1.504699999999999874e-04 2.280710000000000029e-03
7.961529999999999649e-04 6.411209999999999652e-03
1.700289999999999918e-03 9.945829999999999255e-03
2.479719999999999928e-03 1.247470000000000002e-02
3.060890000000000138e-03 1.368950000000000028e-02
3.384809999999999815e-03 1.339480000000000011e-02
3.412699999999999848e-03 1.152979999999999977e-02
3.131239999999999978e-03 8.170379999999999657e-03
2.556469999999999923e-03 3.564970000000000205e-03
1.734670000000000005e-03 -1.785289999999999924e-03
7.389140000000000204e-04 -7.202590000000000034e-03
-3.381939999999999946e-04 -1.195880000000000033e-02
-1.393979999999999959e-03 -1.538519999999999992e-02
-2.325750000000000126e-03 -1.699099999999999916e-02
-3.040310000000000061e-03 -1.649739999999999887e-02
-3.462659999999999783e-03 -1.388709999999999944e-02
-3.542950000000000006e-03 -9.453049999999999300e-03
-3.261469999999999821e-03 -3.711330000000000098e-03
-2.632230000000000160e-03 2.685149999999999863e-03
-1.704510000000000009e-03 8.958940000000000306e-03
-5.612930000000000350e-04 1.430039999999999957e-02
6.862969999999999921e-04 1.794849999999999918e-02
1.908720000000000035e-03 1.930489999999999984e-02
2.970770000000000181e-03 1.808809999999999932e-02
3.746020000000000079e-03 1.433929999999999927e-02
4.131410000000000290e-03 8.478740000000000235e-03
4.059980000000000359e-03 1.307980000000000037e-03
3.510080000000000058e-03 -6.146610000000000268e-03
2.510829999999999920e-03 -1.281679999999999972e-02
1.143930000000000034e-03 -1.778789999999999885e-02
-4.590959999999999833e-04 -2.039610000000000034e-02
-2.125609999999999999e-03 -2.025439999999999879e-02
-3.657890000000000013e-03 -1.731850000000000056e-02
-4.855250000000000191e-03 -1.194440000000000085e-02
-5.539709999999999773e-03 -4.829489999999999651e-03
-5.582229999999999658e-03 3.078739999999999949e-03
-4.925289999999999703e-03 1.066989999999999952e-02
-3.597389999999999789e-03 1.679649999999999893e-02
-1.716349999999999950e-03 2.045639999999999958e-02
5.196480000000000500e-04 2.102439999999999864e-02
2.851699999999999981e-03 1.839750000000000066e-02
4.988560000000000390e-03 1.299639999999999997e-02
6.641550000000000405e-03 5.676829999999999897e-03
7.562369999999999683e-03 -2.412280000000000153e-03
7.579810000000000193e-03 -1.002940000000000081e-02
6.630160000000000393e-03 -1.605679999999999955e-02
4.776250000000000114e-03 -1.962799999999999961e-02
2.209850000000000182e-03 -2.021890000000000145e-02
-7.649930000000000532e-04 -1.776060000000000139e-02
-3.766879999999999794e-03 -1.265520000000000013e-02
-6.386430000000000232e-03 -5.708300000000000353e-03
-8.243530000000000649e-03 1.949910000000000011e-03
-9.043680000000000122e-03 9.030420000000000808e-03
-8.625090000000000187e-03 1.434449999999999961e-02
-6.989869999999999590e-03 1.707550000000000040e-02
-4.314369999999999664e-03 1.692209999999999895e-02
-9.349080000000000281e-04 1.406879999999999936e-02
2.691799999999999835e-03 9.116809999999999498e-03
6.049829999999999965e-03 3.005279999999999931e-03
8.638279999999999917e-03 -3.146309999999999819e-03
1.004790000000000023e-02 -8.289440000000000350e-03
1.002860000000000036e-02 -1.164079999999999976e-02
8.535960000000000422e-03 -1.276419999999999985e-02
5.747709999999999625e-03 -1.161640000000000068e-02
2.044680000000000109e-03 -8.549110000000000389e-03
-2.041009999999999786e-03 -4.284370000000000019e-03
-5.903659999999999811e-03 2.398819999999999913e-04
-8.956070000000000003e-03 4.119339999999999981e-03
-1.072249999999999939e-02 6.681409999999999606e-03
-1.091740000000000071e-02 7.616490000000000066e-03
-9.496430000000000149e-03 6.992639999999999620e-03
-6.668420000000000424e-03 5.188550000000000106e-03
-2.866300000000000011e-03 2.800529999999999860e-03
1.321069999999999927e-03 4.578210000000000200e-04
5.244849999999999686e-03 -1.362380000000000058e-03
8.303829999999999892e-03 -2.356329999999999796e-03
1.004359999999999975e-02 -2.409580000000000142e-03
1.022969999999999956e-02 -1.658610000000000032e-03
8.882050000000000708e-03 -5.026400000000000529e-04
6.267069999999999586e-03 5.360340000000000113e-04
2.846399999999999798e-03 1.035609999999999959e-03
-8.071050000000000186e-04 7.726379999999999706e-04
-4.110970000000000249e-03 -2.313580000000000031e-04
-6.572660000000000134e-03 -1.722860000000000103e-03
-7.868840000000000209e-03 -3.261550000000000213e-03
-7.890750000000000194e-03 -4.281079999999999608e-03
-6.748620000000000313e-03 -4.325370000000000256e-03
-4.735009999999999566e-03 -3.240170000000000116e-03
-2.256049999999999896e-03 -1.167059999999999929e-03
2.532090000000000079e-04 1.470420000000000060e-03
2.411519999999999896e-03 4.002999999999999614e-03
3.955130000000000277e-03 5.740580000000000335e-03
4.769909999999999602e-03 6.200149999999999759e-03
4.887490000000000410e-03 5.178529999999999765e-03
4.450270000000000094e-03 2.837849999999999834e-03
3.656899999999999821e-03 -3.100539999999999828e-04
2.703629999999999835e-03 -3.547629999999999968e-03
1.737110000000000043e-03 -6.055370000000000023e-03
8.291810000000000153e-04 -7.114999999999999797e-03
-2.038310000000000141e-05 -6.422899999999999616e-03
-8.551150000000000417e-04 -4.169479999999999714e-03
-1.717919999999999951e-03 -9.515850000000000176e-04
-2.607659999999999926e-03 2.378669999999999830e-03
-3.451510000000000081e-03 4.912050000000000270e-03
-4.103550000000000079e-03 5.894570000000000018e-03
-4.373160000000000068e-03 5.056259999999999921e-03
-4.078580000000000053e-03 2.689650000000000027e-03
-3.110920000000000091e-03 -5.020720000000000001e-04
-1.488809999999999916e-03 -3.589950000000000172e-03
6.144030000000000194e-04 -5.666560000000000173e-03
2.882469999999999824e-03 -6.111909999999999912e-03
4.909219999999999730e-03 -4.807419999999999749e-03
6.282590000000000223e-03 -2.097990000000000098e-03
6.679990000000000233e-03 1.262029999999999923e-03
5.952050000000000396e-03 4.254939999999999591e-03
4.171939999999999850e-03 5.995809999999999855e-03
1.634360000000000066e-03 6.008099999999999725e-03
-1.198760000000000103e-03 4.318599999999999696e-03
-3.793770000000000128e-03 1.376269999999999967e-03
-5.659800000000000421e-03 -2.004940000000000194e-03
-6.456179999999999732e-03 -4.801859999999999809e-03
-6.066329999999999986e-03 -6.241720000000000081e-03
-4.618719999999999770e-03 -6.019809999999999571e-03
-2.450449999999999851e-03 -4.296859999999999569e-03
-2.421610000000000011e-05 -1.657040000000000032e-03
2.179920000000000121e-03 1.087560000000000002e-03
3.770439999999999903e-03 3.156799999999999971e-03
4.522159999999999895e-03 4.058939999999999597e-03
4.408519999999999973e-03 3.713440000000000143e-03
3.583990000000000006e-03 2.413499999999999847e-03
2.325670000000000168e-03 7.159620000000000003e-04
9.524740000000000290e-04 -7.776050000000000063e-04
-2.547660000000000202e-04 -1.654099999999999928e-03
-1.112200000000000038e-03 -1.740060000000000088e-03
-1.559040000000000035e-03 -1.092359999999999902e-03
-1.648219999999999937e-03 -2.233829999999999922e-05
-1.508079999999999967e-03 1.024299999999999907e-03
-1.289430000000000047e-03 1.687679999999999996e-03
-1.114989999999999948e-03 1.782299999999999900e-03
-1.045059999999999999e-03 1.296080000000000019e-03
-1.066619999999999895e-03 3.833940000000000091e-04
-1.106779999999999917e-03 -6.928229999999999632e-04
-1.064360000000000089e-03 -1.648020000000000040e-03
-8.490159999999999634e-04 -2.247250000000000116e-03
-4.162710000000000130e-04 -2.353399999999999850e-03
2.115979999999999890e-04 -1.947170000000000021e-03
9.442940000000000361e-04 -1.118309999999999964e-03
1.642049999999999933e-03 -3.896670000000000082e-05
2.148960000000000106e-03 1.074099999999999925e-03
2.332449999999999801e-03 1.999089999999999808e-03
2.118689999999999896e-03 2.551020000000000197e-03
1.514989999999999913e-03 2.621919999999999806e-03
6.131840000000000164e-04 2.204470000000000041e-03
-4.269629999999999845e-04 1.391890000000000011e-03
-1.410690000000000034e-03 3.555990000000000084e-04
-2.149680000000000167e-03 -6.960249999999999640e-04
-2.502270000000000015e-03 -1.567589999999999999e-03
-2.403259999999999945e-03 -2.119919999999999964e-03
-1.876590000000000029e-03 -2.292999999999999899e-03
-1.028510000000000058e-03 -2.105080000000000059e-03
-2.357070000000000118e-05 -1.635069999999999970e-03
9.507349999999999699e-04 -9.981059999999999065e-04
1.722419999999999897e-03 -3.220499999999999947e-04
2.168189999999999961e-03 2.763010000000000097e-04
2.234579999999999900e-03 7.150859999999999769e-04
1.943220000000000060e-03 9.598109999999999758e-04
1.380160000000000067e-03 1.020869999999999894e-03
6.728069999999999841e-04 9.413909999999999726e-04
-3.959430000000000138e-05 7.793960000000000167e-04
-6.349370000000000231e-04 5.896379999999999677e-04
-1.030499999999999949e-03 4.098850000000000236e-04
-1.194289999999999978e-03 2.547679999999999975e-04
-1.144089999999999951e-03 1.179279999999999998e-04
-9.359239999999999790e-04 -1.913799999999999871e-05
-6.456629999999999878e-04 -1.748900000000000010e-04
-3.489499999999999980e-04 -3.562759999999999885e-04
-1.042220000000000060e-04 -5.516180000000000302e-04
5.746360000000000324e-05 -7.301049999999999901e-04
1.342500000000000106e-04 -8.481499999999999890e-04
1.475749999999999957e-04 -8.609250000000000149e-04
1.310419999999999966e-04 -7.359159999999999790e-04
1.176140000000000025e-04 -4.646939999999999795e-04
1.287960000000000049e-04 -6.956689999999999966e-05
1.685529999999999971e-04 3.970210000000000058e-04
2.232670000000000021e-04 8.605839999999999584e-04
2.672719999999999848e-04 1.238619999999999955e-03
2.720590000000000053e-04 1.457409999999999912e-03
2.163219999999999932e-04 1.467910000000000005e-03
9.395449999999999635e-05 1.256879999999999933e-03
-8.224880000000000439e-05 8.509589999999999819e-04
-2.822020000000000062e-04 3.124369999999999903e-04
-4.650130000000000149e-04 -2.721320000000000162e-04
-5.886450000000000536e-04 -8.082109999999999772e-04
-6.202650000000000524e-04 -1.210899999999999997e-03
-5.446199999999999999e-04 -1.420279999999999893e-03
-3.683769999999999731e-04 -1.411429999999999976e-03
-1.193219999999999936e-04 -1.197389999999999999e-03
1.593200000000000128e-04 -8.247519999999999938e-04
4.180920000000000079e-04 -3.632570000000000222e-04
6.118020000000000489e-04 1.081129999999999998e-04
7.088770000000000097e-04 5.156390000000000279e-04
6.974719999999999791e-04 8.030360000000000276e-04
5.870580000000000026e-04 9.391819999999999943e-04
4.053260000000000153e-04 9.203949999999999588e-04
