-4.772769999999999929e-08 6.924680000000000038e-07
-2.502100000000000151e-07 2.286870000000000095e-06
-6.084830000000000363e-07 3.464090000000000151e-06
-1.136000000000000008e-06 5.926470000000000366e-06
-2.404529999999999999e-06 1.499949999999999928e-05
-5.526189999999999855e-06 3.445289999999999670e-05
-1.116860000000000010e-05 6.020100000000000180e-05
-1.852139999999999855e-05 7.790420000000000537e-05
-2.549430000000000085e-05 7.589770000000000349e-05
-2.952600000000000157e-05 4.955850000000000332e-05
-2.723029999999999914e-05 -1.700800000000000089e-06
-1.489490000000000032e-05 -6.388549999999999676e-05
8.247509999999999238e-06 -1.135139999999999977e-04
3.802460000000000182e-05 -1.397059999999999936e-04
6.752159999999999402e-05 -1.524089999999999972e-04
9.008620000000000494e-05 -1.681909999999999894e-04
1.005370000000000032e-04 -1.922819999999999998e-04
9.653329999999999951e-05 -2.139269999999999865e-04
8.028960000000000458e-05 -2.114689999999999907e-04
5.693080000000000048e-05 -1.614730000000000039e-04
3.002650000000000127e-05 -6.176810000000000243e-05
2.864400000000000159e-07 5.293709999999999838e-05
-3.206290000000000095e-05 1.428889999999999934e-04
-6.613699999999999375e-05 2.011299999999999937e-04
-9.953060000000000553e-05 2.413329999999999881e-04
-1.255159999999999956e-04 2.679779999999999879e-04
-1.345130000000000045e-04 2.773240000000000167e-04
-1.226610000000000103e-04 2.695420000000000021e-04
-9.698240000000000170e-05 2.503989999999999992e-04
-6.939479999999999499e-05 2.281119999999999871e-04
-4.699230000000000068e-05 2.006230000000000068e-04
-2.858190000000000158e-05 1.432510000000000012e-04
-9.031850000000000609e-06 3.925639999999999908e-05
1.403490000000000008e-05 -8.875549999999999412e-05
3.994139999999999675e-05 -2.111120000000000075e-04
7.038970000000000133e-05 -3.143970000000000055e-04
1.084339999999999989e-04 -3.885979999999999816e-04
1.502119999999999909e-04 -4.265070000000000146e-04
1.832410000000000028e-04 -4.295330000000000090e-04
1.948730000000000026e-04 -4.026869999999999885e-04
1.800059999999999974e-04 -3.514349999999999852e-04
1.412309999999999900e-04 -2.775319999999999849e-04
8.525069999999999339e-05 -1.792279999999999991e-04
2.091560000000000012e-05 -6.166299999999999559e-05
-4.221339999999999804e-05 6.899140000000000491e-05
-9.685559999999999471e-05 2.044159999999999890e-04
-1.389440000000000033e-04 3.215000000000000084e-04
-1.654079999999999993e-04 3.932939999999999787e-04
-1.740769999999999937e-04 4.146490000000000072e-04
-1.667000000000000133e-04 4.095699999999999970e-04
-1.488190000000000129e-04 4.004489999999999873e-04
-1.247230000000000051e-04 3.777669999999999900e-04
-9.499579999999999602e-05 3.124099999999999989e-04
-5.988719999999999813e-05 1.867430000000000110e-04
-2.212760000000000139e-05 2.572059999999999901e-05
1.557789999999999869e-05 -1.207480000000000033e-04
5.597769999999999770e-05 -2.458679999999999980e-04
1.059940000000000020e-04 -3.729170000000000076e-04
1.643279999999999893e-04 -4.906889999999999906e-04
2.150029999999999877e-04 -5.639420000000000023e-04
2.394449999999999953e-04 -5.569769999999999496e-04
2.303550000000000129e-04 -4.581060000000000080e-04
1.916099999999999900e-04 -3.121730000000000078e-04
1.300390000000000064e-04 -1.765799999999999933e-04
5.046280000000000074e-05 -6.243699999999999869e-05
-4.135350000000000310e-05 6.576079999999999556e-05
-1.327169999999999966e-04 2.377430000000000038e-04
-2.045220000000000046e-04 4.255530000000000098e-04
-2.418510000000000126e-04 5.652990000000000098e-04
-2.454259999999999775e-04 6.166799999999999842e-04
-2.291849999999999953e-04 5.868349999999999608e-04
-2.042439999999999913e-04 5.060680000000000343e-04
-1.678989999999999996e-04 3.915960000000000231e-04
-1.106490000000000040e-04 2.371800000000000026e-04
-3.087630000000000116e-05 2.799339999999999866e-05
6.081660000000000315e-05 -2.265350000000000122e-04
1.490879999999999929e-04 -4.682360000000000211e-04
2.223340000000000028e-04 -6.271739999999999824e-04
2.755619999999999749e-04 -6.820930000000000439e-04
3.059100000000000035e-04 -6.550100000000000323e-04
3.050320000000000028e-04 -5.729080000000000110e-04
2.604409999999999820e-04 -4.485819999999999955e-04
1.691669999999999882e-04 -2.879770000000000246e-04
4.639519999999999923e-05 -7.417170000000000002e-05
-8.312600000000000338e-05 1.973809999999999996e-04
-1.963900000000000086e-04 4.536499999999999951e-04
-2.775780000000000044e-04 6.272440000000000003e-04
-3.221860000000000218e-04 7.041519999999999897e-04
-3.330960000000000106e-04 6.985640000000000426e-04
-3.100479999999999968e-04 6.367470000000000074e-04
-2.485289999999999917e-04 5.248880000000000472e-04
-1.499480000000000084e-04 3.402570000000000052e-04
-2.846720000000000080e-05 6.909319999999999774e-05
9.567300000000000370e-05 -2.732540000000000099e-04
2.083449999999999983e-04 -6.202329999999999822e-04
3.014849999999999908e-04 -8.391289999999999817e-04
3.652999999999999889e-04 -8.598909999999999974e-04
3.884809999999999826e-04 -7.289080000000000082e-04
3.603909999999999991e-04 -5.329189999999999709e-04
2.716740000000000149e-04 -3.322399999999999767e-04
1.223460000000000107e-04 -1.072649999999999971e-04
-6.529449999999999631e-05 1.742039999999999875e-04
-2.451649999999999880e-04 4.672240000000000247e-04
-3.711739999999999940e-04 7.117329999999999837e-04
-4.279849999999999757e-04 8.729779999999999485e-04
-4.281309999999999977e-04 8.995049999999999877e-04
-3.819329999999999904e-04 7.659459999999999880e-04
-2.851180000000000034e-04 4.781480000000000170e-04
-1.341650000000000004e-04 7.878279999999999387e-05
5.556349999999999749e-05 -3.316390000000000006e-04
2.521329999999999795e-04 -6.909280000000000499e-04
4.215159999999999805e-04 -9.455460000000000167e-04
5.310830000000000108e-04 -1.025349999999999959e-03
5.519919999999999558e-04 -9.174489999999999772e-04
4.733459999999999773e-04 -6.733159999999999753e-04
3.109380000000000238e-04 -3.784290000000000050e-04
9.701929999999999452e-05 -7.409560000000000256e-05
-1.351400000000000106e-04 2.670419999999999955e-04
-3.517139999999999871e-04 6.437090000000000129e-04
-5.115020000000000504e-04 9.606600000000000078e-04
-5.783459999999999816e-04 1.112169999999999999e-03
-5.455110000000000427e-04 1.052760000000000024e-03
-4.340190000000000064e-04 7.876159999999999889e-04
-2.646319999999999966e-04 3.526599999999999744e-04
-4.572950000000000322e-05 -1.830570000000000060e-04
2.062420000000000084e-04 -6.937859999999999470e-04
4.479209999999999962e-04 -1.044690000000000028e-03
6.225830000000000123e-04 -1.171029999999999988e-03
6.878700000000000396e-04 -1.087440000000000065e-03
6.259539999999999636e-04 -8.385040000000000071e-04
4.405489999999999862e-04 -4.738979999999999950e-04
1.605959999999999918e-04 -5.110870000000000078e-05
-1.582819999999999865e-04 3.952769999999999765e-04
-4.506579999999999939e-04 8.367609999999999935e-04
-6.614480000000000273e-04 1.182110000000000105e-03
-7.535499999999999664e-04 1.317100000000000085e-03
-7.117640000000000381e-04 1.185480000000000041e-03
-5.443190000000000311e-04 7.868639999999999662e-04
-2.754249999999999862e-04 1.781660000000000015e-04
5.994529999999999678e-05 -5.048989999999999511e-04
4.096910000000000048e-04 -1.067040000000000002e-03
7.034670000000000463e-04 -1.357970000000000010e-03
8.732320000000000446e-04 -1.370260000000000098e-03
8.775179999999999829e-04 -1.175470000000000074e-03
7.058610000000000101e-04 -8.056419999999999684e-04
3.767069999999999967e-04 -2.585830000000000008e-04
-5.203990000000000297e-05 3.930730000000000226e-04
-4.824019999999999936e-04 9.940240000000000360e-04
-8.125129999999999506e-04 1.402280000000000106e-03
-9.794170000000000046e-04 1.535499999999999973e-03
-9.632949999999999716e-04 1.369729999999999993e-03
-7.645700000000000066e-04 9.028480000000000403e-04
-3.997350000000000209e-04 1.922220000000000038e-04
7.622969999999999963e-05 -5.982869999999999725e-04
5.630610000000000085e-04 -1.258280000000000075e-03
9.464329999999999965e-04 -1.613779999999999989e-03
1.137540000000000035e-03 -1.598079999999999987e-03
1.090910000000000057e-03 -1.252180000000000090e-03
8.048750000000000349e-04 -6.559320000000000211e-04
3.250290000000000080e-04 7.289430000000000443e-05
-2.494730000000000016e-04 7.719629999999999678e-04
-7.843769999999999475e-04 1.327489999999999963e-03
-1.155599999999999900e-03 1.670360000000000074e-03
-1.281620000000000025e-03 1.701079999999999997e-03
-1.128649999999999922e-03 1.311560000000000026e-03
-7.165259999999999902e-04 5.287049999999999736e-04
-1.305579999999999924e-04 -4.130079999999999732e-04
4.952230000000000390e-04 -1.230640000000000076e-03
1.025239999999999962e-03 -1.731300000000000070e-03
1.352740000000000062e-03 -1.847789999999999979e-03
1.400130000000000081e-03 -1.584179999999999920e-03
1.125869999999999952e-03 -9.497039999999999996e-04
5.603080000000000300e-04 -6.066259999999999751e-05
-1.678410000000000080e-04 8.432329999999999817e-04
-8.693589999999999955e-04 1.546400000000000075e-03
-1.371789999999999902e-03 1.893809999999999895e-03
-1.561480000000000073e-03 1.770059999999999949e-03
-1.388389999999999980e-03 1.202649999999999986e-03
-8.783039999999999988e-04 3.710809999999999933e-04
-1.406319999999999912e-04 -5.376940000000000192e-04
6.549289999999999496e-04 -1.337670000000000005e-03
1.317540000000000074e-03 -1.844530000000000041e-03
1.677789999999999967e-03 -1.936460000000000091e-03
1.631609999999999918e-03 -1.537900000000000031e-03
1.173559999999999924e-03 -6.885310000000000388e-04
4.102549999999999947e-04 3.446950000000000057e-04
-4.636029999999999860e-04 1.227060000000000086e-03
-1.228989999999999900e-03 1.741289999999999939e-03
-1.702720000000000015e-03 1.810999999999999893e-03
-1.763440000000000016e-03 1.442259999999999896e-03
-1.369329999999999983e-03 6.871579999999999962e-04
-5.940760000000000225e-04 -2.441210000000000027e-04
3.599399999999999995e-04 -1.074340000000000017e-03
1.225640000000000063e-03 -1.613529999999999956e-03
1.771180000000000020e-03 -1.754520000000000081e-03
1.859119999999999913e-03 -1.461910000000000076e-03
1.464189999999999979e-03 -8.020090000000000118e-04
6.831100000000000106e-04 3.679080000000000018e-05
-2.795970000000000269e-04 8.650170000000000428e-04
-1.168570000000000069e-03 1.475509999999999973e-03
-1.746490000000000065e-03 1.649480000000000043e-03
-1.856779999999999932e-03 1.355950000000000081e-03
-1.473149999999999894e-03 7.462700000000000496e-04
-7.055300000000000026e-04 1.271649999999999929e-05
2.426969999999999974e-04 -7.171719999999999701e-04
1.126519999999999995e-03 -1.281229999999999956e-03
1.703370000000000058e-03 -1.464330000000000015e-03
1.805449999999999893e-03 -1.253720000000000051e-03
1.416689999999999963e-03 -7.854570000000000388e-04
6.702789999999999703e-04 -1.829070000000000023e-04
-2.212700000000000008e-04 4.242469999999999922e-04
-1.025810000000000046e-03 9.035620000000000067e-04
-1.533379999999999986e-03 1.151829999999999955e-03
-1.612310000000000045e-03 1.135399999999999951e-03
-1.259700000000000099e-03 8.749540000000000529e-04
-5.982539999999999950e-04 4.209710000000000188e-04
1.755799999999999961e-04 -1.166180000000000005e-04
8.531679999999999603e-04 -6.086670000000000188e-04
1.268360000000000060e-03 -9.685990000000000008e-04
1.335959999999999969e-03 -1.101860000000000079e-03
1.062790000000000089e-03 -9.298439999999999830e-04
5.405609999999999495e-04 -5.146750000000000283e-04
-7.712400000000000223e-05 -1.279229999999999948e-05
-6.255479999999999678e-04 4.640450000000000065e-04
-9.816799999999999658e-04 8.330310000000000275e-04
-1.081240000000000022e-03 1.000379999999999932e-03
-9.156099999999999699e-04 9.120950000000000281e-04
-5.365049999999999463e-04 5.882240000000000385e-04
-5.157719999999999807e-05 1.154130000000000010e-04
4.094799999999999894e-04 -3.744810000000000218e-04
7.387230000000000489e-04 -7.448479999999999945e-04
8.738809999999999634e-04 -9.023290000000000000e-04
8.004870000000000084e-04 -8.235420000000000240e-04
5.471809999999999912e-04 -5.505109999999999474e-04
1.795230000000000090e-04 -1.660180000000000087e-04
-2.125150000000000075e-04 2.298830000000000079e-04
-5.348790000000000402e-04 5.423220000000000297e-04
-7.127140000000000341e-04 7.048350000000000101e-04
-7.095709999999999865e-04 6.923619999999999688e-04
-5.360869999999999785e-04 5.213099999999999809e-04
-2.448810000000000158e-04 2.416460000000000103e-04
8.613740000000000643e-05 -7.679970000000000264e-05
3.755979999999999909e-04 -3.610889999999999846e-04
5.585069999999999705e-04 -5.500770000000000529e-04
5.994519999999999927e-04 -6.045990000000000435e-04
4.978079999999999745e-04 -5.143149999999999979e-04
2.855490000000000133e-04 -3.024100000000000269e-04
1.858450000000000138e-05 -2.427220000000000115e-05
-2.370630000000000035e-04 2.445249999999999941e-04
-4.215639999999999774e-04 4.328790000000000003e-04
-4.957870000000000289e-04 5.003790000000000147e-04
-4.493890000000000167e-04 4.448769999999999895e-04
-3.004719999999999787e-04 2.925579999999999999e-04
-8.906049999999999882e-05 8.510849999999999329e-05
1.323999999999999927e-04 -1.297190000000000094e-04
3.106420000000000253e-04 -3.048279999999999892e-04
4.045780000000000014e-04 -4.013050000000000211e-04
3.960960000000000240e-04 -3.978100000000000147e-04
2.938980000000000108e-04 -2.981440000000000240e-04
1.289549999999999876e-04 -1.314789999999999926e-04
-5.560139999999999928e-05 5.667879999999999679e-05
-2.157879999999999879e-04 2.187880000000000066e-04
-3.163239999999999889e-04 3.182440000000000247e-04
-3.373359999999999835e-04 3.367329999999999759e-04
-2.778659999999999854e-04 2.757670000000000043e-04
-1.557150000000000092e-04 1.542299999999999921e-04
-3.073499999999999881e-06 3.372140000000000125e-06
1.417000000000000020e-04 -1.402169999999999892e-04
2.441219999999999913e-04 -2.429759999999999993e-04
2.822710000000000084e-04 -2.824009999999999953e-04
2.513500000000000109e-04 -2.523970000000000163e-04
1.632729999999999934e-04 -1.641409999999999994e-04
4.229079999999999835e-05 -4.225490000000000094e-05
-8.149750000000000364e-05 8.222799999999999944e-05
-1.791449999999999933e-04 1.797959999999999977e-04
-2.291969999999999945e-04 2.292170000000000112e-04
-2.223100000000000044e-04 2.218060000000000105e-04
-1.630959999999999984e-04 1.626099999999999898e-04
-6.853460000000000617e-05 6.848610000000000147e-05
3.676189999999999780e-05 -3.641510000000000309e-05
1.270649999999999905e-04 -1.267019999999999941e-04
1.818979999999999989e-04 -1.818389999999999915e-04
1.905529999999999897e-04 -1.907900000000000080e-04
1.538509999999999878e-04 -1.541199999999999948e-04
8.311360000000000330e-05 -8.317270000000000414e-05
-3.104350000000000187e-06 3.265490000000000053e-06
-8.367049999999999791e-05 8.386809999999999751e-05
-1.398989999999999967e-04 1.399539999999999953e-04
-1.598380000000000102e-04 1.597299999999999903e-04
-1.408039999999999888e-04 1.406599999999999984e-04
