-3.210899999999999986e-08 7.342689999999999955e-07
-1.971739999999999893e-07 2.500990000000000004e-06
-5.871840000000000518e-07 3.960079999999999869e-06
-1.275950000000000040e-06 6.789389999999999890e-06
-2.646780000000000093e-06 1.678440000000000146e-05
-5.728009999999999898e-06 3.864240000000000123e-05
-1.188749999999999926e-05 6.869529999999999940e-05
-2.165130000000000055e-05 9.152150000000000118e-05
-3.344730000000000077e-05 9.327130000000000262e-05
-4.321380000000000289e-05 6.740109999999999407e-05
-4.485249999999999789e-05 1.199959999999999943e-05
-3.205309999999999979e-05 -5.947190000000000229e-05
-1.998860000000000205e-06 -1.220049999999999949e-04
4.134879999999999957e-05 -1.615850000000000055e-04
8.770210000000000180e-05 -1.863540000000000118e-04
1.248309999999999980e-04 -2.134480000000000069e-04
1.438900000000000064e-04 -2.484639999999999982e-04
1.426509999999999866e-04 -2.786080000000000132e-04
1.251430000000000045e-04 -2.786290000000000186e-04
9.764699999999999530e-05 -2.216089999999999987e-04
6.352479999999999867e-05 -1.032950000000000063e-04
2.165249999999999979e-05 3.982459999999999814e-05
-2.986149999999999861e-05 1.615029999999999884e-04
-8.872410000000000658e-05 2.481650000000000067e-04
-1.465860000000000090e-04 3.113400000000000108e-04
-1.908939999999999921e-04 3.555650000000000152e-04
-2.098210000000000092e-04 3.752270000000000041e-04
-1.986280000000000098e-04 3.679590000000000053e-04
-1.630409999999999997e-04 3.395440000000000003e-04
-1.161149999999999953e-04 3.005260000000000158e-04
-7.067300000000000589e-05 2.514269999999999765e-04
-3.283860000000000099e-05 1.691420000000000011e-04
-8.931579999999999831e-07 3.767810000000000099e-05
3.049079999999999952e-05 -1.184810000000000062e-04
6.580379999999999498e-05 -2.664429999999999967e-04
1.078990000000000049e-04 -3.911799999999999783e-04
1.574310000000000043e-04 -4.827680000000000101e-04
2.095079999999999870e-04 -5.326519999999999953e-04
2.519260000000000271e-04 -5.400039999999999615e-04
2.697309999999999964e-04 -5.099580000000000259e-04
2.534489999999999920e-04 -4.498409999999999779e-04
2.038820000000000107e-04 -3.614709999999999820e-04
1.301340000000000114e-04 -2.410149999999999955e-04
4.433570000000000311e-05 -9.309520000000000273e-05
-4.229649999999999729e-05 7.320890000000000307e-05
-1.212009999999999937e-04 2.458089999999999906e-04
-1.864799999999999900e-04 3.984610000000000192e-04
-2.336419999999999968e-04 4.999359999999999785e-04
-2.587830000000000056e-04 5.400889999999999988e-04
-2.598160000000000074e-04 5.412420000000000469e-04
-2.385350000000000057e-04 5.284140000000000538e-04
-2.005060000000000078e-04 4.942139999999999814e-04
-1.523200000000000053e-04 4.077880000000000198e-04
-9.852039999999999951e-05 2.490540000000000180e-04
-4.041930000000000110e-05 4.503149999999999737e-05
2.267560000000000021e-05 -1.469449999999999966e-04
9.189749999999999894e-05 -3.131830000000000269e-04
1.673850000000000110e-04 -4.759340000000000142e-04
2.444230000000000144e-04 -6.244739999999999710e-04
3.102989999999999915e-04 -7.193759999999999781e-04
3.479989999999999863e-04 -7.187950000000000459e-04
3.441580000000000073e-04 -6.079489999999999894e-04
2.942730000000000064e-04 -4.328119999999999754e-04
2.028699999999999872e-04 -2.558109999999999941e-04
8.119559999999999896e-05 -9.469190000000000051e-05
-5.426339999999999956e-05 8.190229999999999678e-05
-1.830040000000000117e-04 3.032110000000000079e-04
-2.846850000000000162e-04 5.400710000000000406e-04
-3.464049999999999877e-04 7.222560000000000048e-04
-3.678290000000000184e-04 8.002719999999999842e-04
-3.579090000000000049e-04 7.753719999999999753e-04
-3.245349999999999819e-04 6.779569999999999737e-04
-2.672379999999999916e-04 5.292489999999999738e-04
-1.809050000000000035e-04 3.276579999999999857e-04
-6.590990000000000401e-05 6.129310000000000444e-05
6.718489999999999434e-05 -2.592650000000000054e-04
2.022310000000000091e-04 -5.720680000000000123e-04
3.241480000000000142e-04 -7.962009999999999617e-04
4.204659999999999821e-04 -8.962269999999999829e-04
4.780200000000000074e-04 -8.859550000000000107e-04
4.808309999999999776e-04 -7.926489999999999795e-04
4.154100000000000088e-04 -6.331359999999999636e-04
2.821799999999999851e-04 -4.177660000000000249e-04
1.015890000000000060e-04 -1.332050000000000096e-04
-9.375479999999999892e-05 2.226990000000000035e-04
-2.727580000000000065e-04 5.694129999999999504e-04
-4.135510000000000119e-04 8.224270000000000322e-04
-5.037680000000000326e-04 9.507100000000000099e-04
-5.362560000000000373e-04 9.621610000000000058e-04
-5.056540000000000210e-04 8.857420000000000180e-04
-4.109229999999999957e-04 7.324239999999999657e-04
-2.612199999999999960e-04 4.828610000000000107e-04
-7.743770000000000568e-05 1.260810000000000012e-04
1.149990000000000013e-04 -3.178500000000000010e-04
2.967889999999999938e-04 -7.725580000000000121e-04
4.557739999999999903e-04 -1.085800000000000046e-03
5.768620000000000345e-04 -1.162559999999999982e-03
6.354270000000000404e-04 -1.036180000000000044e-03
6.035079999999999958e-04 -8.002330000000000207e-04
4.655269999999999764e-04 -5.296660000000000344e-04
2.328019999999999981e-04 -2.132600000000000012e-04
-5.364560000000000015e-05 1.785289999999999978e-04
-3.341619999999999899e-04 5.915739999999999844e-04
-5.523179999999999930e-04 9.464519999999999704e-04
-6.771400000000000119e-04 1.189589999999999918e-03
-7.066820000000000350e-04 1.255739999999999981e-03
-6.502370000000000155e-04 1.107530000000000016e-03
-5.110650000000000002e-04 7.459520000000000300e-04
-2.884839999999999844e-04 2.240040000000000054e-04
4.042109999999999658e-06 -3.344940000000000131e-04
3.272120000000000107e-04 -8.434990000000000500e-04
6.239219999999999532e-04 -1.232210000000000076e-03
8.354550000000000301e-04 -1.411280000000000000e-03
9.145750000000000450e-04 -1.343989999999999985e-03
8.363879999999999752e-04 -1.068790000000000018e-03
6.075619999999999675e-04 -6.797469999999999684e-04
2.680989999999999957e-04 -2.383289999999999877e-04
-1.194949999999999935e-04 2.666619999999999754e-04
-4.874039999999999840e-04 8.198930000000000324e-04
-7.751039999999999840e-04 1.300200000000000054e-03
-9.375609999999999500e-04 1.565959999999999921e-03
-9.531399999999999985e-04 1.545530000000000037e-03
-8.250249999999999554e-04 1.236979999999999937e-03
-5.715520000000000192e-04 6.803490000000000145e-04
-2.166939999999999958e-04 -4.269549999999999805e-05
2.047920000000000003e-04 -7.769170000000000156e-04
6.332500000000000238e-04 -1.341940000000000017e-03
9.841909999999999287e-04 -1.630520000000000103e-03
1.172309999999999975e-03 -1.633200000000000016e-03
1.142819999999999904e-03 -1.384199999999999927e-03
8.897269999999999875e-04 -9.284249999999999751e-04
4.573180000000000149e-04 -3.307790000000000123e-04
-7.072169999999999748e-05 3.472929999999999832e-04
-5.922870000000000435e-04 1.039250000000000026e-03
-1.011249999999999996e-03 1.613700000000000030e-03
-1.255580000000000064e-03 1.913930000000000102e-03
-1.285939999999999956e-03 1.844949999999999932e-03
-1.095679999999999918e-03 1.385699999999999909e-03
-7.058719999999999665e-04 5.975690000000000515e-04
-1.639599999999999955e-04 -3.550149999999999747e-04
4.506169999999999989e-04 -1.225720000000000021e-03
1.025389999999999939e-03 -1.800310000000000061e-03
1.434249999999999978e-03 -2.016219999999999991e-03
1.574759999999999919e-03 -1.914020000000000001e-03
1.400729999999999987e-03 -1.511889999999999892e-03
9.346340000000000507e-04 -8.015480000000000174e-04
2.629549999999999921e-04 1.305889999999999926e-04
-4.800690000000000144e-04 1.080210000000000068e-03
-1.142699999999999966e-03 1.833180000000000009e-03
-1.593360000000000045e-03 2.238889999999999891e-03
-1.746640000000000041e-03 2.220810000000000145e-03
-1.568579999999999974e-03 1.739979999999999912e-03
-1.074309999999999979e-03 8.420549999999999737e-04
-3.344700000000000147e-04 -2.790350000000000144e-04
5.185069999999999740e-04 -1.343409999999999960e-03
1.306810000000000046e-03 -2.093189999999999981e-03
1.850459999999999952e-03 -2.385599999999999873e-03
2.016710000000000117e-03 -2.201250000000000082e-03
1.752859999999999965e-03 -1.580479999999999993e-03
1.098199999999999914e-03 -6.349720000000000321e-04
1.817579999999999901e-04 4.338519999999999790e-04
-7.993339999999999603e-04 1.437640000000000012e-03
-1.627680000000000056e-03 2.222660000000000000e-03
-2.121909999999999855e-03 2.605860000000000207e-03
-2.174460000000000021e-03 2.396310000000000020e-03
-1.765379999999999987e-03 1.559789999999999918e-03
-9.652559999999999482e-04 3.300399999999999775e-04
7.129509999999999439e-05 -9.422779999999999524e-04
1.130780000000000066e-03 -1.962290000000000215e-03
1.982910000000000054e-03 -2.559819999999999977e-03
2.428130000000000132e-03 -2.643869999999999987e-03
2.341680000000000064e-03 -2.142349999999999897e-03
1.712119999999999918e-03 -1.128330000000000088e-03
6.638180000000000469e-04 1.375799999999999940e-04
-5.630869999999999842e-04 1.361900000000000090e-03
-1.679750000000000036e-03 2.283519999999999821e-03
-2.426059999999999849e-03 2.666430000000000015e-03
-2.626030000000000118e-03 2.416939999999999800e-03
-2.221739999999999826e-03 1.633029999999999942e-03
-1.289809999999999958e-03 4.909089999999999851e-04
-3.334600000000000227e-05 -7.714659999999999487e-04
1.256989999999999930e-03 -1.874940000000000070e-03
2.271159999999999932e-03 -2.572919999999999808e-03
2.759000000000000168e-03 -2.651919999999999885e-03
2.592950000000000116e-03 -2.030940000000000176e-03
1.801660000000000067e-03 -9.156919999999999600e-04
5.686229999999999800e-04 3.359319999999999949e-04
-8.102810000000000437e-04 1.416130000000000036e-03
-1.999550000000000112e-03 2.124140000000000056e-03
-2.703469999999999918e-03 2.327329999999999850e-03
-2.735420000000000126e-03 1.942769999999999914e-03
-2.072570000000000141e-03 1.088400000000000001e-03
-8.795279999999999722e-04 2.793080000000000031e-05
5.288790000000000028e-04 -9.900639999999999181e-04
1.782799999999999966e-03 -1.754439999999999906e-03
2.564850000000000029e-03 -2.092169999999999967e-03
2.688359999999999882e-03 -1.916460000000000038e-03
2.136059999999999955e-03 -1.294889999999999930e-03
1.059620000000000050e-03 -3.694200000000000240e-04
-2.600239999999999756e-04 6.236720000000000284e-04
-1.481719999999999956e-03 1.371739999999999982e-03
-2.291379999999999979e-03 1.705630000000000080e-03
-2.489229999999999828e-03 1.631869999999999892e-03
-2.044030000000000066e-03 1.225009999999999901e-03
-1.092829999999999930e-03 5.378740000000000344e-04
1.033969999999999995e-04 -2.818030000000000122e-04
1.225130000000000056e-03 -9.525070000000000064e-04
1.977650000000000068e-03 -1.333820000000000101e-03
2.180459999999999950e-03 -1.426210000000000021e-03
1.818109999999999952e-03 -1.235119999999999925e-03
1.027130000000000013e-03 -7.948729999999999771e-04
4.061150000000000241e-05 -1.930160000000000100e-04
-8.793440000000000024e-04 4.331849999999999937e-04
-1.507670000000000017e-03 9.507460000000000347e-04
-1.712860000000000077e-03 1.255269999999999954e-03
-1.486300000000000078e-03 1.272260000000000101e-03
-9.317820000000000312e-04 1.003760000000000025e-03
-2.215700000000000080e-04 5.153939999999999650e-04
4.608859999999999780e-04 -1.040639999999999984e-04
9.676570000000000223e-04 -6.929819999999999730e-04
1.209229999999999940e-03 -1.058499999999999979e-03
1.161810000000000100e-03 -1.133899999999999969e-03
8.670260000000000163e-04 -9.686270000000000080e-04
4.163729999999999927e-04 -6.056860000000000282e-04
-7.893230000000000320e-05 -1.021589999999999955e-04
-5.146179999999999982e-04 4.176440000000000013e-04
-8.084360000000000504e-04 8.102320000000000312e-04
-9.110550000000000245e-04 9.756499999999999981e-04
-8.151620000000000263e-04 8.877250000000000158e-04
-5.555249999999999641e-04 5.949189999999999600e-04
-1.968460000000000056e-04 1.923039999999999938e-04
1.833639999999999879e-04 -2.150630000000000109e-04
5.084589999999999509e-04 -5.385360000000000494e-04
7.129350000000000444e-04 -7.204800000000000136e-04
7.543359999999999822e-04 -7.379520000000000524e-04
6.262250000000000021e-04 -6.023940000000000197e-04
3.638189999999999805e-04 -3.530159999999999960e-04
3.501879999999999750e-05 -4.513510000000000091e-05
-2.805250000000000018e-04 2.583740000000000168e-04
-5.137320000000000341e-04 4.953930000000000052e-04
-6.208379999999999671e-04 6.172120000000000124e-04
-5.887480000000000491e-04 6.002979999999999774e-04
-4.336429999999999950e-04 4.513380000000000213e-04
-1.952459999999999938e-04 2.058460000000000075e-04
7.218199999999999432e-05 -7.789299999999999436e-05
3.110750000000000125e-04 -3.309780000000000014e-04
4.721300000000000214e-04 -4.930069999999999505e-04
5.241519999999999513e-04 -5.314560000000000291e-04
4.603259999999999969e-04 -4.510569999999999879e-04
2.994440000000000014e-04 -2.849959999999999798e-04
8.119470000000000376e-05 -7.521609999999999971e-05
-1.436040000000000027e-04 1.378589999999999959e-04
-3.250700000000000030e-04 3.150639999999999908e-04
-4.254910000000000094e-04 4.205829999999999812e-04
-4.273409999999999731e-04 4.305600000000000247e-04
-3.362439999999999743e-04 3.432209999999999992e-04
-1.780549999999999885e-04 1.821960000000000018e-04
8.864120000000000099e-06 -1.049999999999999942e-05
1.832030000000000008e-04 -1.881610000000000032e-04
3.091799999999999909e-04 -3.126340000000000022e-04
3.627109999999999904e-04 -3.619620000000000151e-04
3.354300000000000055e-04 -3.318670000000000127e-04
2.363979999999999955e-04 -2.336150000000000054e-04
9.043769999999999641e-05 -9.072140000000000184e-05
-6.768549999999999426e-05 6.514069999999999789e-05
-2.020710000000000106e-04 1.999100000000000020e-04
-2.845510000000000205e-04 2.845880000000000068e-04
-3.006290000000000112e-04 3.024090000000000111e-04
-2.512309999999999804e-04 2.528650000000000125e-04
-1.508679999999999928e-04 1.509670000000000066e-04
-2.357559999999999837e-05 2.236119999999999861e-05
1.022829999999999963e-04 -1.035009999999999972e-04
1.997780000000000107e-04 -1.999530000000000014e-04
2.490230000000000178e-04 -2.482130000000000035e-04
2.414759999999999899e-04 -2.405709999999999977e-04
1.816510000000000130e-04 -1.814420000000000019e-04
8.555179999999999632e-05 -8.608199999999999338e-05
-2.369209999999999971e-05 2.301920000000000146e-05
-1.215789999999999959e-04 1.213670000000000054e-04
-1.877150000000000010e-04 1.880589999999999963e-04
-2.097920000000000134e-04 2.102910000000000098e-04
-1.855340000000000027e-04 1.857290000000000102e-04
-1.225619999999999965e-04 1.223429999999999906e-04
-3.637400000000000106e-05 3.600779999999999769e-05
5.322199999999999967e-05 -5.339040000000000300e-05
1.265589999999999922e-04 -1.264220000000000036e-04
1.684819999999999905e-04 -1.682160000000000035e-04
1.715449999999999983e-04 -1.714049999999999894e-04
1.372500000000000022e-04 -1.373330000000000080e-04
7.515679999999999843e-05 -7.534759999999999667e-05
