-3.166669999999999860e-08 7.344059999999999655e-07
-1.952669999999999975e-07 2.501560000000000068e-06
-5.844480000000000199e-07 3.961059999999999816e-06
-1.275009999999999927e-06 6.791289999999999821e-06
-2.645570000000000151e-06 1.679069999999999833e-05
-5.716800000000000051e-06 3.865899999999999697e-05
-1.186519999999999949e-05 6.872580000000000529e-05
-2.165130000000000055e-05 9.156740000000000018e-05
-3.353299999999999895e-05 9.334439999999999350e-05
-4.342549999999999953e-05 6.752930000000000412e-05
-4.515400000000000170e-05 1.219839999999999996e-05
-3.232920000000000211e-05 -5.924799999999999923e-05
-2.097959999999999815e-06 -1.218740000000000058e-04
4.154249999999999740e-05 -1.616889999999999896e-04
8.818789999999999637e-05 -1.867720000000000068e-04
1.254600000000000084e-04 -2.141319999999999888e-04
1.444440000000000014e-04 -2.492249999999999999e-04
1.429839999999999985e-04 -2.791909999999999769e-04
1.252650000000000009e-04 -2.788609999999999852e-04
9.767609999999999812e-05 -2.215100000000000120e-04
6.355999999999999454e-05 -1.030499999999999976e-04
2.166990000000000067e-05 4.001710000000000011e-05
-3.000059999999999869e-05 1.615970000000000047e-04
-8.913179999999999931e-05 2.483040000000000269e-04
-1.471939999999999870e-04 3.117239999999999855e-04
-1.914779999999999987e-04 3.562330000000000162e-04
-2.101930000000000118e-04 3.759689999999999777e-04
-1.987769999999999977e-04 3.684599999999999789e-04
-1.630710000000000113e-04 3.396499999999999888e-04
-1.160890000000000061e-04 3.003500000000000093e-04
-7.057719999999999912e-05 2.512090000000000134e-04
-3.269370000000000175e-05 1.690390000000000057e-04
-8.398609999999999791e-07 3.770630000000000184e-05
3.030399999999999988e-05 -1.183459999999999948e-04
6.541619999999999889e-05 -2.662100000000000143e-04
1.075580000000000026e-04 -3.909329999999999923e-04
1.574090000000000103e-04 -4.827300000000000080e-04
2.099319999999999951e-04 -5.330699999999999631e-04
2.527480000000000135e-04 -5.409289999999999975e-04
2.707799999999999790e-04 -5.111830000000000150e-04
2.544870000000000183e-04 -4.510389999999999755e-04
2.046820000000000030e-04 -3.623729999999999811e-04
1.305549999999999994e-04 -2.414790000000000100e-04
4.435859999999999912e-05 -9.308849999999999482e-05
-4.261599999999999991e-05 7.363280000000000422e-05
-1.217870000000000047e-04 2.465230000000000112e-04
-1.872429999999999960e-04 3.993059999999999882e-04
-2.344749999999999938e-04 5.007769999999999930e-04
-2.595709999999999988e-04 5.408509999999999620e-04
-2.604349999999999959e-04 5.418940000000000128e-04
-2.388690000000000062e-04 5.289259999999999838e-04
-2.005189999999999956e-04 4.945200000000000290e-04
-1.521460000000000032e-04 4.078269999999999834e-04
-9.841169999999999833e-05 2.488710000000000097e-04
-4.053519999999999774e-05 4.482169999999999812e-05
2.244280000000000135e-05 -1.469719999999999881e-04
9.182849999999999672e-05 -3.130359999999999892e-04
1.676299999999999926e-04 -4.759039999999999755e-04
2.448800000000000000e-04 -6.248859999999999528e-04
3.108289999999999881e-04 -7.202579999999999876e-04
3.486499999999999907e-04 -7.198670000000000112e-04
3.450710000000000170e-04 -6.089290000000000241e-04
2.953739999999999946e-04 -4.336380000000000247e-04
2.037499999999999923e-04 -2.565129999999999884e-04
8.138780000000000027e-05 -9.511609999999999553e-05
-5.486309999999999993e-05 8.208860000000000549e-05
-1.840210000000000055e-04 3.041690000000000214e-04
-2.856089999999999822e-04 5.414919999999999716e-04
-3.470379999999999797e-04 7.235289999999999907e-04
-3.683620000000000080e-04 8.010019999999999857e-04
-3.585789999999999833e-04 7.756969999999999968e-04
-3.252870000000000045e-04 6.783089999999999866e-04
-2.677719999999999970e-04 5.298289999999999987e-04
-1.810120000000000077e-04 3.282189999999999826e-04
-6.568839999999999944e-05 6.143550000000000497e-05
6.745089999999999484e-05 -2.596669999999999924e-04
2.024120000000000129e-04 -5.727809999999999629e-04
3.244570000000000006e-04 -7.969439999999999510e-04
4.212649999999999858e-04 -8.969899999999999618e-04
4.793919999999999800e-04 -8.869659999999999914e-04
4.823839999999999812e-04 -7.940080000000000185e-04
4.165370000000000270e-04 -6.345349999999999819e-04
2.825060000000000223e-04 -4.186239999999999818e-04
1.011980000000000025e-04 -1.331120000000000090e-04
-9.447960000000000256e-05 2.236720000000000093e-04
-2.735260000000000100e-04 5.708030000000000439e-04
-4.144169999999999863e-04 8.237490000000000307e-04
-5.049390000000000388e-04 9.517910000000000086e-04
-5.376639999999999805e-04 9.631359999999999618e-04
-5.068339999999999521e-04 8.867260000000000073e-04
-4.113750000000000111e-04 7.332320000000000027e-04
-2.608730000000000077e-04 4.831079999999999966e-04
-7.672169999999999424e-05 1.255700000000000056e-04
1.155630000000000047e-04 -3.188819999999999871e-04
2.970669999999999799e-04 -7.736239999999999914e-04
4.561489999999999859e-04 -1.086600000000000066e-03
5.778810000000000327e-04 -1.163229999999999906e-03
6.371869999999999964e-04 -1.037130000000000040e-03
6.053579999999999595e-04 -8.016539999999999517e-04
4.664870000000000214e-04 -5.311499999999999815e-04
2.323829999999999874e-04 -2.139269999999999865e-04
-5.504189999999999896e-05 1.793580000000000131e-04
-3.357170000000000249e-04 5.937260000000000410e-04
-5.535930000000000104e-04 9.489529999999999927e-04
-6.782679999999999916e-04 1.191449999999999931e-03
-7.078899999999999733e-04 1.256670000000000096e-03
-6.514030000000000514e-04 1.107890000000000047e-03
-5.117789999999999666e-04 7.461180000000000416e-04
-2.884009999999999786e-04 2.239519999999999998e-04
4.995650000000000188e-06 -3.350580000000000030e-04
3.288589999999999764e-04 -8.447800000000000534e-04
6.259259999999999564e-04 -1.234159999999999988e-03
8.374640000000000035e-04 -1.413589999999999942e-03
9.163490000000000047e-04 -1.346189999999999930e-03
8.377249999999999931e-04 -1.070329999999999979e-03
6.080919999999999642e-04 -6.801900000000000047e-04
2.673519999999999976e-04 -2.374830000000000029e-04
-1.216190000000000023e-04 2.687219999999999930e-04
-4.902780000000000245e-04 8.228009999999999578e-04
-7.777279999999999914e-04 1.303249999999999938e-03
-9.393119999999999812e-04 1.568249999999999983e-03
-9.540329999999999644e-04 1.546510000000000072e-03
-8.252879999999999765e-04 1.236740000000000061e-03
-5.711880000000000342e-04 6.794179999999999924e-04
-2.155340000000000001e-04 -4.399109999999999967e-05
2.067910000000000061e-04 -7.786680000000000467e-04
6.359070000000000087e-04 -1.344310000000000036e-03
9.871420000000000975e-04 -1.633310000000000014e-03
1.174979999999999948e-03 -1.635860000000000048e-03
1.144449999999999981e-03 -1.386040000000000058e-03
8.896950000000000257e-04 -9.288239999999999691e-04
4.554739999999999830e-04 -3.293130000000000232e-04
-7.394990000000000157e-05 3.505830000000000144e-04
-5.961309999999999613e-04 1.043679999999999955e-03
-1.014909999999999944e-03 1.618070000000000098e-03
-1.258409999999999954e-03 1.917070000000000102e-03
-1.287519999999999897e-03 1.846210000000000039e-03
-1.095739999999999995e-03 1.385100000000000003e-03
-7.042959999999999802e-04 5.954929999999999989e-04
-1.608609999999999901e-04 -3.581729999999999875e-04
4.548910000000000193e-04 -1.229679999999999922e-03
1.030270000000000014e-03 -1.804730000000000049e-03
1.438899999999999901e-03 -2.020520000000000042e-03
1.577959999999999996e-03 -1.917319999999999918e-03
1.401319999999999953e-03 -1.513129999999999900e-03
9.322090000000000324e-04 -7.998319999999999952e-04
2.581279999999999924e-04 1.354279999999999915e-04
-4.861320000000000138e-04 1.087150000000000052e-03
-1.148930000000000047e-03 1.840330000000000047e-03
-1.598840000000000027e-03 2.244420000000000009e-03
-1.750290000000000049e-03 2.223720000000000210e-03
-1.569249999999999898e-03 1.739969999999999972e-03
-1.071429999999999952e-03 8.390910000000000339e-04
-3.284210000000000189e-04 -2.848139999999999873e-04
5.265660000000000132e-04 -1.351280000000000059e-03
1.315390000000000049e-03 -2.101679999999999868e-03
1.857890000000000062e-03 -2.392860000000000126e-03
2.021230000000000162e-03 -2.205649999999999972e-03
1.753009999999999942e-03 -1.580800000000000044e-03
1.093430000000000053e-03 -6.305930000000000389e-04
1.727970000000000059e-04 4.426380000000000267e-04
-8.106870000000000395e-04 1.449250000000000017e-03
-1.638949999999999912e-03 2.234390000000000161e-03
-2.130449999999999879e-03 2.614749999999999887e-03
-2.178180000000000047e-03 2.400030000000000045e-03
-1.763390000000000096e-03 1.557320000000000058e-03
-9.578570000000000010e-04 3.218669999999999864e-04
8.299950000000000383e-05 -9.544049999999999669e-04
1.144950000000000048e-03 -1.975989999999999951e-03
1.996739999999999886e-03 -2.572599999999999974e-03
2.438080000000000021e-03 -2.653270000000000108e-03
2.344719999999999790e-03 -2.145900000000000064e-03
1.707079999999999926e-03 -1.124189999999999955e-03
6.517069999999999591e-04 1.494389999999999900e-04
-5.797590000000000035e-04 1.379079999999999976e-03
-1.697619999999999945e-03 2.301909999999999894e-03
-2.441309999999999921e-03 2.681620000000000011e-03
-2.634979999999999874e-03 2.425389999999999924e-03
-2.221700000000000064e-03 1.632589999999999953e-03
-1.279959999999999909e-03 4.810920000000000214e-04
-1.526980000000000074e-05 -7.891709999999999697e-04
1.279369999999999943e-03 -1.896990000000000091e-03
2.292520000000000148e-03 -2.594250000000000202e-03
2.774040000000000186e-03 -2.667179999999999898e-03
2.597920000000000090e-03 -2.036009999999999990e-03
1.795109999999999935e-03 -9.088969999999999818e-04
5.514619999999999592e-04 3.533559999999999826e-04
-8.348789999999999597e-04 1.440469999999999902e-03
-2.026280000000000095e-03 2.150120000000000156e-03
-2.725679999999999856e-03 2.349050000000000096e-03
-2.747009999999999817e-03 1.954630000000000169e-03
-2.070030000000000047e-03 1.086539999999999988e-03
-8.629980000000000203e-04 1.181530000000000019e-05
5.557630000000000252e-04 -1.016959999999999913e-03
1.813729999999999943e-03 -1.785530000000000016e-03
2.592230000000000055e-03 -2.119699999999999970e-03
2.705209999999999993e-03 -1.933480000000000008e-03
2.137920000000000185e-03 -1.296880000000000038e-03
1.045670000000000063e-03 -3.554620000000000197e-04
-2.866969999999999827e-04 6.504769999999999996e-04
-1.514850000000000094e-03 1.404890000000000002e-03
-2.322939999999999901e-03 1.736890000000000048e-03
-2.511170000000000069e-03 1.653469999999999983e-03
-2.050380000000000084e-03 1.231529999999999994e-03
-1.081649999999999973e-03 5.273990000000000102e-04
1.292169999999999929e-04 -3.070680000000000219e-04
1.258849999999999943e-03 -9.864159999999999422e-04
2.010839999999999850e-03 -1.367630000000000104e-03
2.205050000000000066e-03 -1.451159999999999950e-03
1.827969999999999942e-03 -1.245009999999999954e-03
1.019750000000000040e-03 -7.875189999999999794e-04
1.800800000000000106e-05 -1.705069999999999991e-04
-9.110980000000000511e-04 4.650640000000000047e-04
-1.540329999999999911e-03 9.838239999999998965e-04
-1.738320000000000013e-03 1.281119999999999958e-03
-1.498619999999999987e-03 1.284619999999999989e-03
-9.284410000000000102e-04 1.000170000000000095e-03
-2.039820000000000131e-04 4.975290000000000268e-04
4.878570000000000150e-04 -1.312049999999999881e-04
9.970910000000000797e-04 -7.225450000000000015e-04
1.234080000000000029e-03 -1.083409999999999929e-03
1.176610000000000026e-03 -1.148520000000000096e-03
8.688430000000000025e-04 -9.700940000000000127e-04
4.052260000000000128e-04 -5.943899999999999791e-04
-9.999110000000000561e-05 -8.130140000000000056e-05
-5.401689999999999573e-04 4.429750000000000202e-04
-8.322460000000000274e-04 8.341279999999999528e-04
-9.278240000000000532e-04 9.926460000000000231e-04
-8.216340000000000145e-04 8.941700000000000126e-04
-5.508159999999999792e-04 5.898890000000000166e-04
-1.823779999999999943e-04 1.775950000000000098e-04
2.041439999999999889e-04 -2.357150000000000022e-04
5.307180000000000101e-04 -5.604440000000000029e-04
7.315439999999999877e-04 -7.388779999999999957e-04
7.651339999999999964e-04 -7.488440000000000287e-04
6.270159999999999883e-04 -6.034359999999999464e-04
3.548059999999999907e-04 -3.441779999999999970e-04
1.863879999999999847e-05 -2.875359999999999860e-05
-3.002680000000000193e-04 2.782479999999999828e-04
-5.322579999999999716e-04 5.140739999999999980e-04
-6.340579999999999524e-04 6.305139999999999877e-04
-5.939370000000000023e-04 6.054419999999999811e-04
-4.299470000000000223e-04 4.475050000000000056e-04
-1.837900000000000005e-04 1.942679999999999906e-04
8.858090000000000430e-05 -9.430220000000000659e-05
3.285550000000000146e-04 -3.483639999999999870e-04
4.867059999999999984e-04 -5.074730000000000386e-04
5.326530000000000110e-04 -5.399139999999999539e-04
4.610950000000000161e-04 -4.518610000000000161e-04
2.926140000000000143e-04 -2.782419999999999967e-04
6.856520000000000550e-05 -6.265770000000000150e-05
-1.590150000000000081e-04 1.532430000000000099e-04
-3.397109999999999735e-04 3.297479999999999877e-04
-4.360960000000000205e-04 4.312799999999999772e-04
-4.316839999999999957e-04 4.349700000000000181e-04
-3.336120000000000036e-04 3.405629999999999985e-04
-1.693219999999999892e-04 1.733630000000000002e-04
2.152259999999999956e-05 -2.323840000000000099e-05
1.968430000000000125e-04 -2.017850000000000069e-04
3.207460000000000085e-04 -3.241070000000000192e-04
3.696990000000000259e-04 -3.688739999999999923e-04
3.364320000000000071e-04 -3.328769999999999776e-04
2.314010000000000025e-04 -2.286930000000000007e-04
8.078820000000000012e-05 -8.113970000000000514e-05
-7.963819999999999927e-05 7.709170000000000595e-05
-2.135630000000000015e-04 2.114580000000000073e-04
-2.930489999999999788e-04 2.931459999999999882e-04
-3.043850000000000071e-04 3.061760000000000176e-04
-2.496129999999999833e-04 2.512060000000000204e-04
-1.444390000000000040e-04 1.444870000000000008e-04
-1.392850000000000056e-05 1.269830000000000004e-05
1.129009999999999953e-04 -1.140900000000000003e-04
2.089720000000000043e-04 -2.091019999999999912e-04
2.547879999999999871e-04 -2.539609999999999763e-04
2.426539999999999979e-04 -2.417700000000000112e-04
1.781630000000000084e-04 -1.779919999999999994e-04
7.837249999999999544e-05 -7.891990000000000311e-05
-3.281390000000000104e-05 3.215660000000000312e-05
-1.305500000000000020e-04 1.303689999999999981e-04
-1.945709999999999909e-04 1.949300000000000056e-04
-2.131110000000000133e-04 2.135989999999999992e-04
-1.847189999999999911e-04 1.848909999999999887e-04
-1.179459999999999987e-04 1.177130000000000027e-04
-2.912029999999999968e-05 2.876060000000000040e-05
6.140229999999999994e-05 -6.155299999999999834e-05
1.338119999999999989e-04 -1.336630000000000110e-04
1.732349999999999906e-04 -1.729719999999999966e-04
1.728490000000000115e-04 -1.727230000000000063e-04
1.349649999999999927e-04 -1.350579999999999934e-04
6.993749999999999912e-05 -7.012680000000000085e-05
