-5.162239999999999908e-08 6.688830000000000213e-07
-2.545810000000000216e-07 2.169240000000000173e-06
-5.711700000000000515e-07 3.199030000000000185e-06
-1.016109999999999958e-06 5.472379999999999772e-06
-2.222299999999999882e-06 1.406300000000000071e-05
-5.207360000000000064e-06 3.227159999999999778e-05
-1.028389999999999991e-05 5.581769999999999923e-05
-1.635740000000000029e-05 7.096650000000000571e-05
-2.158810000000000088e-05 6.733369999999999536e-05
-2.412670000000000060e-05 4.150500000000000326e-05
-2.120999999999999852e-05 -6.474860000000000210e-06
-9.657059999999999998e-06 -6.301059999999999604e-05
1.062369999999999961e-05 -1.063600000000000049e-04
3.539329999999999874e-05 -1.275360000000000068e-04
5.894290000000000109e-05 -1.367379999999999908e-04
7.617120000000000011e-05 -1.492549999999999931e-04
8.271530000000000408e-05 -1.693080000000000127e-04
7.669519999999999712e-05 -1.866589999999999894e-04
6.090480000000000004e-05 -1.818000000000000009e-04
4.054479999999999846e-05 -1.344340000000000075e-04
1.855709999999999890e-05 -4.454109999999999949e-05
-4.685469999999999882e-06 5.478720000000000291e-05
-2.897390000000000054e-05 1.290189999999999924e-04
-5.433369999999999785e-05 1.756849999999999959e-04
-7.984830000000000595e-05 2.090220000000000055e-04
-9.952840000000000070e-05 2.317560000000000084e-04
-1.045639999999999970e-04 2.389699999999999973e-04
-9.306130000000000294e-05 2.310070000000000060e-04
-7.316710000000000629e-05 2.146989999999999988e-04
-5.462570000000000115e-05 1.990159999999999933e-04
-4.061849999999999744e-05 1.807839999999999957e-04
-2.776679999999999985e-05 1.332670000000000100e-04
-1.164119999999999961e-05 3.935549999999999953e-05
8.045479999999999751e-06 -7.749500000000000258e-05
2.967349999999999974e-05 -1.880650000000000095e-04
5.601340000000000144e-05 -2.808479999999999917e-04
9.088630000000000428e-05 -3.477649999999999882e-04
1.292789999999999933e-04 -3.823650000000000161e-04
1.578170000000000104e-04 -3.848669999999999999e-04
1.652860000000000028e-04 -3.584160000000000189e-04
1.489560000000000016e-04 -3.084799999999999738e-04
1.126489999999999984e-04 -2.388269999999999955e-04
6.301300000000000130e-05 -1.493499999999999982e-04
8.199349999999999686e-06 -4.498150000000000293e-05
-4.350660000000000117e-05 6.933049999999999630e-05
-8.638519999999999413e-05 1.864590000000000117e-04
-1.172719999999999980e-04 2.852709999999999729e-04
-1.335850000000000026e-04 3.423069999999999737e-04
-1.347879999999999977e-04 3.555869999999999821e-04
-1.251640000000000098e-04 3.495199999999999739e-04
-1.110000000000000011e-04 3.444650000000000164e-04
-9.450940000000000014e-05 3.290710000000000076e-04
-7.388100000000000635e-05 2.742670000000000221e-04
-4.880620000000000038e-05 1.637200000000000114e-04
-2.210580000000000102e-05 2.259349999999999976e-05
4.734500000000000156e-06 -1.024809999999999968e-04
3.673739999999999829e-05 -2.099039999999999879e-04
8.163350000000000369e-05 -3.252509999999999798e-04
1.357970000000000010e-04 -4.357559999999999797e-04
1.809029999999999991e-04 -5.040650000000000469e-04
2.002089999999999935e-04 -4.947219999999999569e-04
1.905429999999999949e-04 -3.993930000000000028e-04
1.573590000000000091e-04 -2.657730000000000183e-04
1.056819999999999955e-04 -1.484559999999999894e-04
3.765130000000000321e-05 -5.197039999999999966e-05
-4.218400000000000134e-05 6.177860000000000512e-05
-1.203559999999999976e-04 2.183660000000000028e-04
-1.769879999999999934e-04 3.853339999999999804e-04
-1.994149999999999872e-04 5.012929999999999860e-04
-1.933960000000000030e-04 5.347750000000000290e-04
-1.760119999999999946e-04 5.007329999999999507e-04
-1.563869999999999919e-04 4.301479999999999887e-04
-1.278879999999999926e-04 3.343789999999999913e-04
-8.044059999999999687e-05 2.011340000000000025e-04
-1.518209999999999987e-05 1.503599999999999970e-05
5.596370000000000088e-05 -2.109609999999999882e-04
1.206219999999999981e-04 -4.188239999999999867e-04
1.728870000000000135e-04 -5.468009999999999711e-04
2.128830000000000013e-04 -5.840640000000000241e-04
2.393510000000000060e-04 -5.564679999999999583e-04
2.417180000000000056e-04 -4.869499999999999914e-04
2.053430000000000023e-04 -3.818420000000000212e-04
1.285919999999999913e-04 -2.433439999999999930e-04
2.848140000000000144e-05 -5.553100000000000077e-05
-7.293590000000000077e-05 1.828230000000000079e-04
-1.586889999999999980e-04 4.007789999999999790e-04
-2.184680000000000096e-04 5.411860000000000325e-04
-2.514880000000000154e-04 5.998429999999999691e-04
-2.609630000000000153e-04 5.930380000000000503e-04
-2.434330000000000120e-04 5.429550000000000218e-04
-1.921849999999999904e-04 4.503010000000000107e-04
-1.101660000000000020e-04 2.898469999999999779e-04
-1.304630000000000077e-05 4.984780000000000070e-05
8.190240000000000378e-05 -2.518139999999999983e-04
1.666460000000000033e-04 -5.520870000000000421e-04
2.374280000000000043e-04 -7.308570000000000127e-04
2.862310000000000180e-04 -7.329390000000000514e-04
3.037960000000000031e-04 -6.094330000000000450e-04
2.809609999999999820e-04 -4.391519999999999994e-04
2.076690000000000068e-04 -2.708109999999999793e-04
8.330110000000000108e-05 -7.868470000000000238e-05
-6.970490000000000410e-05 1.676480000000000049e-04
-2.084710000000000035e-04 4.197779999999999914e-04
-2.968180000000000167e-04 6.204230000000000465e-04
-3.310990000000000092e-04 7.448539999999999805e-04
-3.270840000000000010e-04 7.545390000000000343e-04
-2.891759999999999838e-04 6.323449999999999774e-04
-2.085780000000000078e-04 3.815579999999999948e-04
-8.379730000000000490e-05 3.518130000000000145e-05
6.711379999999999429e-05 -3.157969999999999853e-04
2.159789999999999865e-04 -6.164729999999999776e-04
3.385519999999999936e-04 -8.205960000000000424e-04
4.122829999999999963e-04 -8.677830000000000092e-04
4.163680000000000224e-04 -7.535859999999999911e-04
3.454819999999999831e-04 -5.303130000000000300e-04
2.148469999999999980e-04 -2.772580000000000075e-04
4.861739999999999974e-05 -2.792379999999999851e-05
-1.298969999999999932e-04 2.508979999999999956e-04
-2.929450000000000218e-04 5.627839999999999839e-04
-4.038290000000000260e-04 8.203000000000000439e-04
-4.355359999999999852e-04 9.297389999999999561e-04
-3.929429999999999815e-04 8.581980000000000120e-04
-3.007050000000000152e-04 6.188460000000000445e-04
-1.722519999999999900e-04 2.460259999999999921e-04
-6.902290000000000114e-06 -2.042950000000000083e-04
1.831860000000000042e-04 -6.260179999999999955e-04
3.595550000000000091e-04 -9.020179999999999821e-04
4.775839999999999730e-04 -9.789300000000000345e-04
5.101679999999999713e-04 -8.778749999999999661e-04
4.487070000000000121e-04 -6.465600000000000167e-04
2.974830000000000248e-04 -3.321810000000000236e-04
8.004339999999999329e-05 1.715810000000000094e-05
-1.589759999999999904e-04 3.783099999999999744e-04
-3.702450000000000034e-04 7.317759999999999543e-04
-5.139079999999999863e-04 9.975439999999999481e-04
-5.628220000000000401e-04 1.079569999999999965e-03
-5.090679999999999988e-04 9.391440000000000465e-04
-3.658229999999999837e-04 5.825090000000000432e-04
-1.550490000000000125e-04 6.077640000000000310e-05
9.781860000000000565e-05 -5.068069999999999607e-04
3.529159999999999936e-04 -9.507170000000000117e-04
5.550009999999999536e-04 -1.148329999999999924e-03
6.559380000000000072e-04 -1.109640000000000062e-03
6.323150000000000472e-04 -9.096290000000000148e-04
4.801660000000000238e-04 -5.776089999999999784e-04
2.137189999999999912e-04 -1.085059999999999942e-04
-1.173430000000000046e-04 4.319510000000000255e-04
-4.291760000000000258e-04 9.048139999999999872e-04
-6.451789999999999565e-04 1.192579999999999942e-03
-7.308180000000000492e-04 1.240489999999999909e-03
-6.827250000000000202e-04 1.048090000000000003e-03
-5.033519999999999878e-04 6.231849999999999499e-04
-2.060569999999999958e-04 1.492149999999999935e-05
1.594549999999999971e-04 -6.346960000000000232e-04
5.081709999999999700e-04 -1.142840000000000002e-03
7.547320000000000374e-04 -1.365040000000000090e-03
8.436900000000000215e-04 -1.263900000000000093e-03
7.545839999999999839e-04 -9.014119999999999815e-04
4.963739999999999472e-04 -3.615690000000000071e-04
1.109880000000000019e-04 2.504639999999999926e-04
-3.189140000000000030e-04 7.957220000000000092e-04
-6.878210000000000270e-04 1.187780000000000042e-03
-9.079529999999999719e-04 1.385160000000000080e-03
-9.305570000000000421e-04 1.317990000000000004e-03
-7.435319999999999820e-04 9.079900000000000124e-04
-3.778419999999999782e-04 1.987260000000000079e-04
8.288020000000000651e-05 -5.864639999999999740e-04
5.277910000000000023e-04 -1.202460000000000031e-03
8.641200000000000140e-04 -1.505550000000000031e-03
1.029359999999999997e-03 -1.473879999999999895e-03
9.777200000000000647e-04 -1.142210000000000057e-03
6.886449999999999906e-04 -5.317199999999999574e-04
2.048089999999999969e-04 2.453350000000000084e-04
-3.512860000000000244e-04 9.675110000000000003e-04
-8.265549999999999764e-04 1.451749999999999916e-03
-1.106240000000000088e-03 1.589190000000000090e-03
-1.131010000000000001e-03 1.318539999999999990e-03
-8.870619999999999851e-04 7.099409999999999575e-04
-4.182570000000000038e-04 -4.765170000000000321e-05
1.703220000000000135e-04 -7.887130000000000226e-04
7.401330000000000235e-04 -1.362659999999999913e-03
1.149429999999999896e-03 -1.629589999999999988e-03
1.284009999999999926e-03 -1.520309999999999977e-03
1.094020000000000018e-03 -1.009520000000000079e-03
6.158690000000000084e-04 -1.710790000000000065e-04
-3.034270000000000004e-05 7.238910000000000526e-04
-6.744809999999999955e-04 1.373569999999999956e-03
-1.155299999999999947e-03 1.620020000000000010e-03
-1.359799999999999984e-03 1.451779999999999954e-03
-1.227629999999999954e-03 9.289940000000000437e-04
-7.608089999999999862e-04 1.382389999999999888e-04
-5.800269999999999948e-05 -7.014089999999999518e-04
6.841450000000000439e-04 -1.331619999999999939e-03
1.247929999999999959e-03 -1.603940000000000097e-03
1.481859999999999991e-03 -1.470380000000000081e-03
1.327969999999999932e-03 -9.649819999999999709e-04
8.188409999999999482e-04 -2.123360000000000080e-04
8.104420000000000580e-05 5.756620000000000053e-04
-6.877479999999999618e-04 1.222830000000000054e-03
-1.279289999999999984e-03 1.561780000000000026e-03
-1.529039999999999956e-03 1.437700000000000089e-03
-1.360300000000000051e-03 8.970749999999999991e-04
-8.189739999999999824e-04 1.540090000000000090e-04
-5.859559999999999850e-05 -5.698440000000000146e-04
7.196690000000000378e-04 -1.149220000000000059e-03
1.314049999999999984e-03 -1.453829999999999923e-03
1.550689999999999968e-03 -1.331429999999999983e-03
1.347160000000000024e-03 -8.465729999999999870e-04
7.715000000000000503e-04 -2.007239999999999979e-04
5.190860000000000306e-06 4.393929999999999993e-04
-7.420999999999999862e-04 9.297080000000000101e-04
-1.277439999999999912e-03 1.164770000000000085e-03
-1.453620000000000086e-03 1.104310000000000057e-03
-1.220869999999999985e-03 7.897549999999999492e-04
-6.581459999999999698e-04 3.118899999999999971e-04
5.972669999999999856e-05 -2.222240000000000055e-04
7.271069999999999487e-04 -6.766250000000000346e-04
1.164279999999999959e-03 -9.426649999999999743e-04
1.265159999999999983e-03 -9.935020000000000569e-04
1.023760000000000078e-03 -8.124329999999999920e-04
5.231699999999999936e-04 -4.004389999999999924e-04
-9.051829999999999696e-05 1.178289999999999996e-04
-6.422069999999999992e-04 5.617149999999999574e-04
-9.858429999999999190e-04 8.383969999999999487e-04
-1.052889999999999902e-03 9.167249999999999618e-04
-8.507680000000000103e-04 7.757359999999999603e-04
-4.426380000000000267e-04 4.393579999999999903e-04
5.969990000000000078e-05 -1.096030000000000075e-05
5.163000000000000271e-04 -4.586060000000000201e-04
8.069009999999999508e-04 -7.785659999999999586e-04
8.710709999999999547e-04 -8.786609999999999820e-04
7.146340000000000157e-04 -7.381970000000000068e-04
3.943390000000000068e-04 -4.117050000000000028e-04
-1.495090000000000029e-06 -4.173630000000000031e-07
-3.734179999999999813e-04 3.843119999999999891e-04
-6.326590000000000425e-04 6.464020000000000226e-04
-7.204960000000000487e-04 7.257830000000000271e-04
-6.220829999999999459e-04 6.148329999999999594e-04
-3.711429999999999937e-04 3.569900000000000091e-04
-4.063189999999999971e-05 2.897090000000000074e-05
2.795949999999999954e-04 -2.821510000000000164e-04
5.088529999999999746e-04 -5.014849999999999733e-04
5.958040000000000167e-04 -5.839470000000000251e-04
5.284690000000000524e-04 -5.213039999999999948e-04
3.337689999999999819e-04 -3.381050000000000028e-04
6.808180000000000264e-05 -8.242430000000000297e-05
-1.982060000000000061e-04 1.834109999999999961e-04
-3.984519999999999859e-04 3.934629999999999833e-04
-4.861150000000000171e-04 4.926629999999999551e-04
-4.459590000000000038e-04 4.556860000000000142e-04
-2.966859999999999983e-04 3.003139999999999846e-04
-8.353730000000000400e-05 7.927609999999999811e-05
1.363290000000000020e-04 -1.431489999999999943e-04
3.091030000000000253e-04 -3.119859999999999908e-04
3.956019999999999979e-04 -3.926840000000000235e-04
3.786630000000000031e-04 -3.736419999999999846e-04
2.671150000000000065e-04 -2.649740000000000146e-04
9.407240000000000415e-05 -9.620799999999999773e-05
-9.232619999999999705e-05 8.872520000000000222e-05
-2.432450000000000064e-04 2.417379999999999952e-04
-3.228710000000000195e-04 3.243690000000000245e-04
-3.166500000000000261e-04 3.191870000000000189e-04
-2.324670000000000089e-04 2.335700000000000016e-04
-9.622380000000000527e-05 9.519829999999999959e-05
5.569319999999999729e-05 -5.750910000000000136e-05
1.851450000000000036e-04 -1.859650000000000127e-04
2.610579999999999932e-04 -2.603379999999999865e-04
2.669559999999999967e-04 -2.656490000000000175e-04
2.050610000000000074e-04 -2.044640000000000129e-04
9.515699999999999712e-05 -9.566510000000000671e-05
-3.170740000000000071e-05 3.077599999999999807e-05
-1.423600000000000126e-04 1.419279999999999869e-04
-2.102829999999999923e-04 2.106359999999999938e-04
-2.215669999999999879e-04 2.222299999999999916e-04
-1.771160000000000030e-04 1.774319999999999912e-04
-9.130169999999999356e-05 9.105620000000000413e-05
1.222250000000000029e-05 -1.269719999999999932e-05
1.066349999999999980e-04 -1.068660000000000031e-04
1.687299999999999922e-04 -1.685579999999999945e-04
1.846980000000000128e-04 -1.843579999999999991e-04
1.532740000000000101e-04 -1.531059999999999941e-04
8.534369999999999402e-05 -8.546360000000000621e-05
3.162950000000000142e-07 -5.583179999999999838e-07
-7.943640000000000401e-05 7.931419999999999356e-05
-1.343810000000000132e-04 1.344650000000000077e-04
-1.524150000000000103e-04 1.525879999999999966e-04
-1.313139999999999967e-04 1.314029999999999886e-04
-7.868229999999999712e-05 7.862439999999999891e-05
-9.534929999999999526e-06 9.411569999999999406e-06
5.783030000000000093e-05 -5.789510000000000072e-05
