-5.048709999999999950e-08 6.745440000000000083e-07
-2.538489999999999856e-07 2.196490000000000208e-06
-5.847079999999999971e-07 3.258379999999999879e-06
-1.056629999999999953e-06 5.574860000000000357e-06
-2.283480000000000116e-06 1.428310000000000052e-05
-5.315019999999999639e-06 3.278400000000000324e-05
-1.057589999999999983e-05 5.682709999999999671e-05
-1.705409999999999991e-05 7.255009999999999508e-05
-2.281470000000000028e-05 6.932219999999999843e-05
-2.575789999999999948e-05 4.348109999999999947e-05
-2.289639999999999986e-05 -5.128419999999999596e-06
-1.088840000000000065e-05 -6.293199999999999988e-05
1.048219999999999935e-05 -1.078740000000000043e-04
3.684309999999999967e-05 -1.305490000000000133e-04
6.199449999999999742e-05 -1.409969999999999919e-04
8.037449999999999423e-05 -1.545499999999999890e-04
8.751289999999999352e-05 -1.753969999999999878e-04
8.158419999999999724e-05 -1.931699999999999954e-04
6.537460000000000254e-05 -1.881519999999999970e-04
4.412589999999999709e-05 -1.397039999999999892e-04
2.088160000000000011e-05 -4.754199999999999984e-05
-4.028920000000000213e-06 5.490740000000000220e-05
-3.041450000000000162e-05 1.322279999999999951e-04
-5.790939999999999819e-05 1.813209999999999941e-04
-8.508380000000000012e-05 2.163900000000000068e-04
-1.058609999999999949e-04 2.402299999999999954e-04
-1.114739999999999969e-04 2.478410000000000010e-04
-9.970969999999999844e-05 2.395470000000000021e-04
-7.847970000000000011e-05 2.222299999999999916e-04
-5.800599999999999994e-05 2.049359999999999908e-04
-4.228950000000000227e-05 1.848219999999999865e-04
-2.838550000000000123e-05 1.355200000000000035e-04
-1.169049999999999929e-05 3.981330000000000047e-05
8.650599999999999812e-06 -7.917729999999999831e-05
3.142090000000000269e-05 -1.922319999999999986e-04
5.923839999999999851e-05 -2.875709999999999746e-04
9.565460000000000401e-05 -3.567649999999999901e-04
1.356870000000000038e-04 -3.930170000000000083e-04
1.658469999999999996e-04 -3.964640000000000178e-04
1.743389999999999990e-04 -3.703229999999999847e-04
1.578870000000000013e-04 -3.198589999999999745e-04
1.202209999999999997e-04 -2.484429999999999928e-04
6.820890000000000351e-05 -1.559289999999999906e-04
1.033169999999999969e-05 -4.769670000000000024e-05
-4.466059999999999724e-05 7.079460000000000147e-05
-9.055110000000000112e-05 1.920989999999999915e-04
-1.239450000000000068e-04 2.946760000000000091e-04
-1.422120000000000133e-04 3.544020000000000265e-04
-1.445159999999999967e-04 3.688270000000000112e-04
-1.346870000000000066e-04 3.624850000000000099e-04
-1.191019999999999991e-04 3.562269999999999760e-04
-1.007249999999999953e-04 3.390390000000000179e-04
-7.834769999999999528e-05 2.818990000000000059e-04
-5.157200000000000022e-05 1.683490000000000106e-04
-2.285370000000000110e-05 2.352710000000000044e-05
6.325149999999999910e-06 -1.055019999999999938e-04
4.052170000000000202e-05 -2.164780000000000100e-04
8.712050000000000046e-05 -3.347949999999999819e-04
1.428900000000000092e-04 -4.478449999999999922e-04
1.899939999999999973e-04 -5.182130000000000070e-04
2.111439999999999964e-04 -5.100330000000000141e-04
2.019799999999999872e-04 -4.141810000000000110e-04
1.673310000000000010e-04 -2.777689999999999760e-04
1.124929999999999951e-04 -1.560010000000000129e-04
4.045469999999999741e-05 -5.475139999999999895e-05
-4.335780000000000016e-05 6.347550000000000577e-05
-1.251740000000000047e-04 2.246930000000000119e-04
-1.853160000000000126e-04 3.967050000000000177e-04
-2.109289999999999993e-04 5.172910000000000182e-04
-2.068220000000000063e-04 5.535660000000000190e-04
-1.893189999999999944e-04 5.195720000000000460e-04
-1.679060000000000014e-04 4.464839999999999759e-04
-1.368899999999999989e-04 3.466809999999999965e-04
-8.655549999999999486e-05 2.087629999999999933e-04
-1.770449999999999964e-05 1.732229999999999846e-05
5.798830000000000179e-05 -2.152169999999999962e-04
1.278189999999999904e-04 -4.304469999999999802e-04
1.849889999999999868e-04 -5.648310000000000136e-04
2.284189999999999962e-04 -6.057190000000000057e-04
2.560180000000000008e-04 -5.784969999999999739e-04
2.573629999999999820e-04 -5.067140000000000142e-04
2.183590000000000010e-04 -3.974669999999999809e-04
1.374240000000000043e-04 -2.534869999999999940e-04
3.157969999999999853e-05 -5.895159999999999983e-05
-7.633150000000000601e-05 1.874869999999999890e-04
-1.682719999999999908e-04 4.139230000000000144e-04
-2.330739999999999982e-04 5.609859999999999717e-04
-2.689610000000000156e-04 6.229879999999999923e-04
-2.786180000000000080e-04 6.162919999999999466e-04
-2.591940000000000259e-04 5.637570000000000168e-04
-2.047879999999999915e-04 4.667739999999999867e-04
-1.184430000000000042e-04 3.005379999999999879e-04
-1.577279999999999915e-05 5.319989999999999864e-05
8.544730000000000435e-05 -2.574780000000000037e-04
1.764009999999999938e-04 -5.675409999999999656e-04
2.528310000000000193e-04 -7.544589999999999673e-04
3.060140000000000147e-04 -7.604859999999999962e-04
3.252540000000000270e-04 -6.360969999999999645e-04
3.004570000000000136e-04 -4.612519999999999945e-04
2.221249999999999917e-04 -2.859790000000000075e-04
9.068750000000000205e-05 -8.533670000000000578e-05
-7.084449999999999569e-05 1.707260000000000049e-04
-2.188989999999999925e-04 4.331709999999999901e-04
-3.154790000000000198e-04 6.433009999999999857e-04
-3.546099999999999947e-04 7.745179999999999730e-04
-3.513130000000000159e-04 7.863739999999999489e-04
-3.110149999999999894e-04 6.606669999999999817e-04
-2.256220000000000025e-04 4.014700000000000170e-04
-9.337420000000000463e-05 4.355169999999999842e-05
6.758390000000000187e-05 -3.205640000000000160e-04
2.276509999999999927e-04 -6.345329999999999504e-04
3.603629999999999919e-04 -8.501319999999999710e-04
4.412970000000000000e-04 -9.043039999999999802e-04
4.480710000000000270e-04 -7.906179999999999848e-04
3.739990000000000220e-04 -5.615029999999999804e-04
2.344529999999999997e-04 -2.978839999999999960e-04
5.588080000000000206e-05 -3.510080000000000112e-05
-1.355039999999999955e-04 2.584400000000000260e-04
-3.102170000000000014e-04 5.846080000000000243e-04
-4.307110000000000170e-04 8.538070000000000468e-04
-4.684329999999999787e-04 9.700540000000000334e-04
-4.261910000000000264e-04 8.987380000000000542e-04
-3.282049999999999790e-04 6.522220000000000448e-04
-1.896420000000000115e-04 2.654630000000000162e-04
-1.169759999999999961e-05 -2.029970000000000082e-04
1.925519999999999955e-04 -6.432760000000000257e-04
3.832420000000000011e-04 -9.348380000000000101e-04
5.126770000000000112e-04 -1.021949999999999985e-03
5.504120000000000150e-04 -9.239709999999999937e-04
4.863369999999999889e-04 -6.874920000000000510e-04
3.252470000000000252e-04 -3.602909999999999967e-04
9.237269999999999737e-05 6.865020000000000046e-06
-1.648209999999999996e-04 3.875870000000000010e-04
-3.932340000000000097e-04 7.598939999999999991e-04
-5.499170000000000273e-04 1.041080000000000000e-03
-6.060599999999999538e-04 1.131480000000000029e-03
-5.524090000000000163e-04 9.896709999999999102e-04
-4.012269999999999856e-04 6.216729999999999956e-04
-1.754930000000000086e-04 8.020860000000000316e-05
9.671209999999999854e-05 -5.122129999999999695e-04
3.726560000000000181e-04 -9.807859999999999842e-04
5.936329999999999862e-04 -1.197139999999999966e-03
7.068410000000000448e-04 -1.167730000000000070e-03
6.851500000000000385e-04 -9.666609999999999526e-04
5.243580000000000506e-04 -6.234149999999999935e-04
2.409409999999999959e-04 -1.339079999999999925e-04
-1.130249999999999961e-04 4.331019999999999879e-04
-4.505229999999999825e-04 9.336299999999999634e-04
-6.893309999999999499e-04 1.244719999999999941e-03
-7.888209999999999883e-04 1.306620000000000090e-03
-7.426870000000000130e-04 1.114959999999999909e-03
-5.538719999999999581e-04 6.764370000000000018e-04
-2.373730000000000057e-04 4.285230000000000305e-05
1.549140000000000011e-04 -6.385110000000000265e-04
5.336610000000000529e-04 -1.178680000000000092e-03
8.067900000000000462e-04 -1.426820000000000085e-03
9.120759999999999458e-04 -1.339340000000000062e-03
8.247509999999999781e-04 -9.742989999999999767e-04
5.529690000000000516e-04 -4.159160000000000071e-04
1.411899999999999950e-04 2.265430000000000026e-04
-3.227519999999999890e-04 8.076399999999999855e-04
-7.260979999999999995e-04 1.233909999999999955e-03
-9.731390000000000352e-04 1.457579999999999987e-03
-1.009219999999999909e-03 1.403020000000000048e-03
-8.196769999999999924e-04 9.873429999999999013e-04
-4.351460000000000245e-04 2.533169999999999736e-04
5.875770000000000157e-05 -5.706189999999999657e-04
5.446890000000000022e-04 -1.230049999999999893e-03
9.194239999999999574e-04 -1.571240000000000006e-03
1.110939999999999931e-03 -1.563589999999999902e-03
1.068249999999999972e-03 -1.236239999999999995e-03
7.691100000000000410e-04 -6.092660000000000176e-04
2.567280000000000126e-04 2.018370000000000125e-04
-3.422160000000000046e-04 9.688680000000000079e-04
-8.650590000000000536e-04 1.499619999999999903e-03
-1.184479999999999908e-03 1.674740000000000083e-03
-1.231129999999999985e-03 1.422520000000000034e-03
-9.861970000000000718e-04 8.069180000000000016e-04
-4.928289999999999667e-04 1.888649999999999951e-05
1.391709999999999996e-04 -7.679969999999999722e-04
7.608670000000000320e-04 -1.393389999999999993e-03
1.218279999999999971e-03 -1.706559999999999978e-03
1.386499999999999929e-03 -1.627030000000000013e-03
1.207280000000000028e-03 -1.121239999999999910e-03
7.126269999999999653e-04 -2.603489999999999971e-04
2.476350000000000101e-05 6.801300000000000357e-04
-6.766499999999999945e-04 1.387049999999999915e-03
-1.215329999999999926e-03 1.687689999999999937e-03
-1.462970000000000069e-03 1.557060000000000085e-03
-1.348910000000000040e-03 1.046129999999999933e-03
-8.711530000000000532e-04 2.382979999999999875e-04
-1.296360000000000036e-04 -6.433860000000000230e-04
6.715290000000000278e-04 -1.330320000000000070e-03
1.299599999999999931e-03 -1.660779999999999939e-03
1.585009999999999978e-03 -1.572819999999999947e-03
1.456290000000000058e-03 -1.087869999999999896e-03
9.401880000000000046e-04 -3.239539999999999954e-04
1.644849999999999947e-04 5.037050000000000164e-04
-6.642399999999999693e-04 1.208249999999999906e-03
-1.322080000000000000e-03 1.608719999999999898e-03
-1.627490000000000100e-03 1.534989999999999966e-03
-1.489819999999999990e-03 1.019509999999999948e-03
-9.460679999999999958e-04 2.698299999999999831e-04
-1.495799999999999875e-04 -4.896349999999999834e-04
6.881660000000000381e-04 -1.124680000000000081e-03
1.349310000000000049e-03 -1.491649999999999964e-03
1.643960000000000083e-03 -1.421710000000000074e-03
1.474980000000000084e-03 -9.654379999999999950e-04
8.996740000000000466e-04 -3.183470000000000201e-04
9.956640000000000271e-05 3.518549999999999846e-04
-7.044249999999999514e-04 8.943729999999999562e-04
-1.304049999999999957e-03 1.190180000000000101e-03
-1.536950000000000035e-03 1.182419999999999999e-03
-1.339050000000000049e-03 8.999119999999999992e-04
-7.798199999999999707e-04 4.270529999999999921e-04
-3.431290000000000143e-05 -1.303739999999999955e-04
6.830099999999999540e-04 -6.312149999999999662e-04
1.179410000000000094e-03 -9.543719999999999894e-04
1.334139999999999935e-03 -1.057879999999999975e-03
1.127720000000000024e-03 -9.124820000000000500e-04
6.353030000000000396e-04 -5.107170000000000503e-04
2.105720000000000144e-06 2.535619999999999958e-05
-5.915010000000000276e-04 5.097359999999999999e-04
-9.885399999999999916e-04 8.384850000000000332e-04
-1.106310000000000106e-03 9.677159999999999755e-04
-9.400839999999999934e-04 8.641840000000000459e-04
-5.456099999999999752e-04 5.424709999999999905e-04
-3.181509999999999970e-05 8.091909999999999576e-05
4.588290000000000077e-04 -4.002990000000000107e-04
7.971809999999999964e-04 -7.678090000000000479e-04
9.101969999999999592e-04 -9.176320000000000397e-04
7.916950000000000289e-04 -8.160549999999999922e-04
4.896469999999999555e-04 -5.076640000000000102e-04
8.823020000000000103e-05 -9.009479999999999670e-05
-3.113710000000000110e-04 3.226020000000000124e-04
-6.129729999999999467e-04 6.269949999999999829e-04
-7.470410000000000461e-04 7.525119999999999943e-04
-6.873320000000000254e-04 6.800279999999999476e-04
-4.580459999999999848e-04 4.435229999999999750e-04
-1.268639999999999970e-04 1.148260000000000014e-04
2.156919999999999942e-04 -2.182850000000000014e-04
4.825610000000000034e-04 -4.749339999999999899e-04
6.124289999999999465e-04 -6.002930000000000071e-04
5.825239999999999542e-04 -5.752440000000000374e-04
4.107469999999999893e-04 -4.151860000000000056e-04
1.482920000000000093e-04 -1.629110000000000128e-04
-1.346789999999999890e-04 1.196029999999999999e-04
-3.668780000000000066e-04 3.618040000000000210e-04
-4.934660000000000218e-04 5.001520000000000184e-04
-4.892959999999999584e-04 4.992119999999999631e-04
-3.640569999999999874e-04 3.677530000000000143e-04
-1.572710000000000058e-04 1.529480000000000000e-04
7.486129999999999423e-05 -8.178719999999999512e-05
2.747359999999999798e-04 -2.777030000000000210e-04
3.959160000000000088e-04 -3.930070000000000134e-04
4.124309999999999955e-04 -4.073270000000000254e-04
3.248559999999999946e-04 -3.226079999999999985e-04
1.605900000000000057e-04 -1.627069999999999992e-04
-3.396479999999999709e-05 3.028029999999999874e-05
-2.073619999999999977e-04 2.057679999999999991e-04
-3.176319999999999838e-04 3.191210000000000097e-04
-3.422230000000000064e-04 3.448190000000000066e-04
-2.813070000000000089e-04 2.824719999999999748e-04
-1.552910000000000011e-04 1.542819999999999977e-04
1.464639999999999965e-06 -3.315379999999999926e-06
1.490630000000000058e-04 -1.499360000000000092e-04
2.514610000000000239e-04 -2.507650000000000157e-04
2.852919999999999783e-04 -2.839580000000000077e-04
2.457189999999999830e-04 -2.450759999999999961e-04
1.471110000000000083e-04 -1.476000000000000098e-04
1.809689999999999948e-05 -1.905039999999999975e-05
-1.070679999999999988e-04 1.066000000000000026e-04
-1.977210000000000133e-04 1.980589999999999955e-04
-2.339460000000000129e-04 2.346240000000000088e-04
-2.103530000000000102e-04 2.106959999999999898e-04
-1.362910000000000000e-04 1.360599999999999950e-04
-3.284240000000000255e-05 3.235769999999999684e-05
7.274900000000000431e-05 -7.300189999999999642e-05
1.540520000000000084e-04 -1.538920000000000099e-04
1.921310000000000075e-04 -1.917839999999999920e-04
1.800539999999999942e-04 -1.798690000000000087e-04
1.239699999999999938e-04 -1.240799999999999911e-04
4.064039999999999802e-05 -4.088779999999999840e-05
-4.754989999999999683e-05 4.741479999999999876e-05
-1.185290000000000031e-04 1.186049999999999935e-04
-1.558759999999999963e-04 1.560520000000000028e-04
-1.524150000000000103e-04 1.525139999999999970e-04
-1.114189999999999983e-04 1.113670000000000062e-04
-4.524060000000000185e-05 4.511479999999999706e-05
2.820430000000000032e-05 -2.827659999999999961e-05
