-3.552809999999999770e-08 7.240419999999999662e-07
-2.113039999999999974e-07 2.446089999999999902e-06
-6.049449999999999950e-07 3.826590000000000068e-06
-1.273829999999999966e-06 6.555759999999999723e-06
-2.633850000000000202e-06 1.632459999999999952e-05
-5.756060000000000417e-06 3.757439999999999722e-05
-1.191449999999999917e-05 6.647549999999999737e-05
-2.134789999999999935e-05 8.789109999999999609e-05
-3.223320000000000167e-05 8.867569999999999533e-05
-4.062739999999999662e-05 6.292399999999999589e-05
-4.093429999999999871e-05 8.962880000000000489e-06
-2.750539999999999927e-05 -5.993860000000000241e-05
1.815510000000000089e-06 -1.194260000000000048e-04
4.269559999999999827e-05 -1.563210000000000099e-04
8.522479999999999758e-05 -1.790120000000000133e-04
1.183149999999999946e-04 -2.039529999999999902e-04
1.343050000000000092e-04 -2.359410000000000099e-04
1.314479999999999924e-04 -2.624500000000000097e-04
1.135569999999999971e-04 -2.598039999999999811e-04
8.650589999999999452e-05 -2.031090000000000098e-04
5.354470000000000253e-05 -8.936980000000000618e-05
1.396480000000000053e-05 4.548979999999999940e-05
-3.340720000000000094e-05 1.576480000000000058e-04
-8.612639999999999586e-05 2.361359999999999902e-04
-1.368909999999999875e-04 2.933459999999999930e-04
-1.748710000000000000e-04 3.331049999999999896e-04
-1.896420000000000115e-04 3.493270000000000251e-04
-1.772640000000000023e-04 3.402869999999999897e-04
-1.437830000000000022e-04 3.127539999999999942e-04
-1.018509999999999977e-04 2.775620000000000235e-04
-6.290280000000000361e-05 2.346899999999999909e-04
-3.119019999999999828e-05 1.603150000000000126e-04
-3.800190000000000202e-06 3.799430000000000315e-05
2.436640000000000103e-05 -1.085499999999999958e-04
5.685410000000000171e-05 -2.479280000000000156e-04
9.629000000000000135e-05 -3.664499999999999897e-04
1.439389999999999919e-04 -4.545230000000000255e-04
1.951180000000000113e-04 -5.033420000000000472e-04
2.370279999999999946e-04 -5.117529999999999909e-04
2.543949999999999792e-04 -4.842779999999999871e-04
2.384110000000000049e-04 -4.273330000000000097e-04
1.907199999999999900e-04 -3.423069999999999737e-04
1.203400000000000032e-04 -2.260139999999999946e-04
3.859860000000000005e-05 -8.409529999999999425e-05
-4.378500000000000176e-05 7.417629999999999656e-05
-1.181319999999999999e-04 2.374750000000000125e-04
-1.783450000000000009e-04 3.806640000000000132e-04
-2.200819999999999979e-04 4.737769999999999872e-04
-2.400710000000000127e-04 5.079979999999999565e-04
-2.373759999999999987e-04 5.063230000000000378e-04
-2.150560000000000091e-04 4.933179999999999683e-04
-1.791200000000000062e-04 4.609549999999999802e-04
-1.353199999999999987e-04 3.789360000000000189e-04
-8.690360000000000597e-05 2.286020000000000044e-04
-3.465069999999999674e-05 3.722690000000000097e-05
2.179530000000000120e-05 -1.402060000000000058e-04
8.362009999999999582e-05 -2.934270000000000216e-04
1.521700000000000017e-04 -4.462049999999999740e-04
2.238920000000000038e-04 -5.872460000000000353e-04
2.859560000000000248e-04 -6.769260000000000034e-04
3.208970000000000008e-04 -6.747090000000000075e-04
3.160939999999999995e-04 -5.673429999999999923e-04
2.686499999999999977e-04 -4.007649999999999754e-04
1.838359999999999929e-04 -2.353219999999999943e-04
7.176990000000000550e-05 -8.617059999999999791e-05
-5.324380000000000004e-05 7.902459999999999552e-05
-1.723480000000000107e-04 2.884799999999999756e-04
-2.656900000000000125e-04 5.120520000000000366e-04
-3.204570000000000118e-04 6.809280000000000237e-04
-3.369649999999999967e-04 7.492739999999999687e-04
-3.252010000000000057e-04 7.216189999999999497e-04
-2.934379999999999779e-04 6.289620000000000540e-04
-2.405949999999999961e-04 4.905839999999999637e-04
-1.608880000000000087e-04 3.024270000000000235e-04
-5.470209999999999927e-05 5.144729999999999784e-05
6.729729999999999686e-05 -2.515220000000000086e-04
1.897599999999999992e-04 -5.448280000000000223e-04
2.992690000000000107e-04 -7.504430000000000519e-04
3.851990000000000232e-04 -8.375540000000000112e-04
4.359189999999999983e-04 -8.230149999999999662e-04
4.364990000000000233e-04 -7.336349999999999512e-04
3.740619999999999839e-04 -5.837070000000000409e-04
2.493710000000000219e-04 -3.815320000000000191e-04
8.254670000000000030e-05 -1.135819999999999977e-04
-9.559430000000000054e-05 2.212469999999999910e-04
-2.567320000000000214e-04 5.431010000000000438e-04
-3.813879999999999744e-04 7.720929999999999547e-04
-4.589789999999999842e-04 8.833709999999999826e-04
-4.839579999999999902e-04 8.882169999999999562e-04
-4.522129999999999748e-04 8.148889999999999563e-04
-3.631199999999999792e-04 6.718740000000000389e-04
-2.253249999999999882e-04 4.384759999999999808e-04
-5.843390000000000308e-05 1.040639999999999984e-04
1.141939999999999980e-04 -3.112079999999999924e-04
2.758899999999999894e-04 -7.334919999999999765e-04
4.166400000000000225e-04 -1.017090000000000008e-03
5.225380000000000172e-04 -1.075690000000000023e-03
5.706949999999999697e-04 -9.477259999999999721e-04
5.364010000000000436e-04 -7.243980000000000124e-04
4.070209999999999779e-04 -4.739039999999999811e-04
1.938069999999999962e-04 -1.804890000000000129e-04
-6.572840000000000583e-05 1.848429999999999919e-04
-3.167639999999999779e-04 5.665649999999999940e-04
-5.075010000000000458e-04 8.882239999999999580e-04
-6.115530000000000315e-04 1.103030000000000069e-03
-6.304890000000000277e-04 1.152730000000000031e-03
-5.739980000000000429e-04 1.004909999999999918e-03
-4.434180000000000023e-04 6.621339999999999865e-04
-2.371379999999999918e-04 1.745000000000000132e-04
3.014200000000000042e-05 -3.412479999999999962e-04
3.191840000000000259e-04 -8.070739999999999642e-04
5.780019999999999863e-04 -1.157629999999999987e-03
7.564079999999999719e-04 -1.307489999999999911e-03
8.144219999999999758e-04 -1.224889999999999963e-03
7.312030000000000396e-04 -9.526969999999999623e-04
5.150369999999999818e-04 -5.849079999999999774e-04
2.048899999999999983e-04 -1.784079999999999900e-04
-1.418009999999999930e-04 2.827339999999999801e-04
-4.651850000000000126e-04 7.860980000000000485e-04
-7.117920000000000453e-04 1.215570000000000019e-03
-8.412149999999999749e-04 1.439739999999999900e-03
-8.362610000000000356e-04 1.398289999999999950e-03
-7.051629999999999704e-04 1.095260000000000027e-03
-4.687329999999999860e-04 5.700129999999999650e-04
-1.485099999999999994e-04 -1.008160000000000051e-04
2.259109999999999992e-04 -7.705029999999999648e-04
6.000590000000000090e-04 -1.270889999999999997e-03
8.961919999999999739e-04 -1.507520000000000041e-03
1.039849999999999932e-03 -1.479180000000000078e-03
9.884500000000000924e-04 -1.222760000000000036e-03
7.429840000000000272e-04 -7.836250000000000333e-04
3.463229999999999976e-04 -2.263400000000000047e-04
-1.252969999999999898e-04 3.909730000000000258e-04
-5.799289999999999697e-04 1.009609999999999978e-03
-9.325240000000000048e-04 1.509900000000000001e-03
-1.121809999999999995e-03 1.749420000000000011e-03
-1.117680000000000019e-03 1.647129999999999905e-03
-9.200299999999999581e-04 1.191449999999999931e-03
-5.527169999999999870e-04 4.455309999999999869e-04
-6.180019999999999828e-05 -4.331989999999999973e-04
4.789269999999999769e-04 -1.213279999999999957e-03
9.675410000000000390e-04 -1.699460000000000076e-03
1.294110000000000009e-03 -1.845730000000000070e-03
1.375230000000000072e-03 -1.702179999999999969e-03
1.179659999999999910e-03 -1.291480000000000015e-03
7.346819999999999566e-04 -6.092680000000000491e-04
1.222080000000000063e-04 2.563940000000000121e-04
-5.332619999999999505e-04 1.108789999999999906e-03
-1.093739999999999947e-03 1.752510000000000092e-03
-1.446259999999999993e-03 2.060189999999999938e-03
-1.525759999999999920e-03 1.975409999999999926e-03
-1.313589999999999897e-03 1.473300000000000087e-03
-8.316089999999999724e-04 6.065480000000000481e-04
-1.503390000000000119e-04 -4.342039999999999919e-04
6.036019999999999580e-04 -1.384709999999999934e-03
1.267109999999999894e-03 -2.010749999999999951e-03
1.685340000000000015e-03 -2.193500000000000137e-03
1.754989999999999892e-03 -1.933110000000000037e-03
1.446299999999999973e-03 -1.284470000000000013e-03
8.085329999999999514e-04 -3.677719999999999882e-04
-3.157979999999999875e-05 6.174429999999999632e-04
-8.896079999999999570e-04 1.497059999999999927e-03
-1.571090000000000030e-03 2.139809999999999802e-03
-1.924780000000000067e-03 2.388910000000000165e-03
-1.872270000000000097e-03 2.082239999999999959e-03
-1.415040000000000004e-03 1.212299999999999923e-03
-6.357959999999999957e-04 2.571960000000000020e-05
3.093460000000000025e-04 -1.136180000000000089e-03
1.220490000000000073e-03 -2.005030000000000093e-03
1.897330000000000023e-03 -2.441920000000000202e-03
2.179050000000000084e-03 -2.384869999999999872e-03
1.976700000000000072e-03 -1.788850000000000032e-03
1.304489999999999946e-03 -7.499540000000000503e-04
2.998419999999999796e-04 4.610239999999999824e-04
-8.007710000000000349e-04 1.559389999999999908e-03
-1.733189999999999904e-03 2.308779999999999860e-03
-2.278409999999999810e-03 2.508189999999999985e-03
-2.305179999999999989e-03 2.103999999999999967e-03
-1.793019999999999987e-03 1.229950000000000054e-03
-8.432519999999999556e-04 8.328789999999999924e-05
3.334270000000000181e-04 -1.096050000000000106e-03
1.459479999999999979e-03 -2.044540000000000073e-03
2.258549999999999794e-03 -2.545609999999999800e-03
2.527769999999999930e-03 -2.426719999999999832e-03
2.189050000000000110e-03 -1.652709999999999943e-03
1.311700000000000062e-03 -4.671699999999999876e-04
1.023449999999999967e-04 7.556180000000000015e-04
-1.145060000000000045e-03 1.716040000000000057e-03
-2.124050000000000157e-03 2.239179999999999903e-03
-2.587180000000000122e-03 2.229420000000000186e-03
-2.401939999999999978e-03 1.648790000000000021e-03
-1.594520000000000095e-03 6.603730000000000147e-04
-3.651959999999999777e-04 -4.401920000000000030e-04
9.592500000000000332e-04 -1.394190000000000013e-03
2.028040000000000051e-03 -2.002289999999999886e-03
2.568979999999999788e-03 -2.123429999999999936e-03
2.451850000000000210e-03 -1.719470000000000070e-03
1.713090000000000012e-03 -9.124639999999999834e-04
5.459829999999999935e-04 1.110570000000000041e-04
-7.468289999999999608e-04 1.091820000000000073e-03
-1.828509999999999988e-03 1.720860000000000055e-03
-2.416859999999999842e-03 1.857240000000000019e-03
-2.365359999999999945e-03 1.551590000000000044e-03
-1.702949999999999950e-03 9.290330000000000072e-04
-6.165940000000000396e-04 9.184849999999999991e-05
6.040340000000000379e-04 -7.742959999999999470e-04
1.634819999999999936e-03 -1.375499999999999987e-03
2.201779999999999970e-03 -1.589490000000000043e-03
2.169509999999999928e-03 -1.456279999999999901e-03
1.580369999999999995e-03 -1.031510000000000022e-03
6.229509999999999518e-04 -4.033889999999999828e-04
-4.357079999999999829e-04 2.940730000000000015e-04
-1.320390000000000062e-03 8.994749999999999491e-04
-1.814389999999999926e-03 1.286250000000000067e-03
-1.816780000000000044e-03 1.383029999999999936e-03
-1.366790000000000106e-03 1.164840000000000103e-03
-6.204990000000000505e-04 6.888690000000000481e-04
2.071730000000000034e-04 6.958960000000000200e-05
9.088300000000000111e-04 -5.735589999999999612e-04
1.334179999999999915e-03 -1.075100000000000057e-03
1.412190000000000016e-03 -1.266720000000000042e-03
1.156160000000000044e-03 -1.126260000000000022e-03
6.570459999999999972e-04 -7.532959999999999786e-04
5.471310000000000306e-05 -2.359480000000000117e-04
-5.062439999999999865e-04 3.347250000000000182e-04
-9.096109999999999482e-04 8.190759999999999621e-04
-1.082150000000000039e-03 1.083710000000000099e-03
-1.002539999999999898e-03 1.062119999999999948e-03
-7.063030000000000306e-04 7.739129999999999881e-04
-2.760330000000000184e-04 3.132529999999999907e-04
1.842349999999999869e-04 -1.884889999999999905e-04
5.760710000000000483e-04 -6.060020000000000163e-04
8.232419999999999625e-04 -8.508040000000000351e-04
8.800569999999999530e-04 -8.857440000000000495e-04
7.389890000000000087e-04 -7.230890000000000017e-04
4.365519999999999904e-04 -4.154289999999999827e-04
4.854990000000000081e-05 -4.020719999999999682e-05
-3.295689999999999883e-04 3.196310000000000167e-04
-6.100300000000000123e-04 5.904289999999999539e-04
-7.352189999999999550e-04 7.193329999999999516e-04
-6.881090000000000080e-04 6.848870000000000175e-04
-4.912469999999999944e-04 5.013409999999999828e-04
-1.979109999999999962e-04 2.138040000000000014e-04
1.216560000000000021e-04 -1.119600000000000055e-04
3.962519999999999866e-04 -4.015930000000000021e-04
5.686940000000000137e-04 -5.872359999999999863e-04
6.068420000000000151e-04 -6.261199999999999752e-04
5.090570000000000424e-04 -5.155430000000000342e-04
3.034749999999999904e-04 -2.947660000000000167e-04
4.102319999999999713e-05 -2.800119999999999882e-05
-2.168510000000000012e-04 2.218370000000000107e-04
-4.127110000000000132e-04 4.072389999999999951e-04
-5.058659999999999980e-04 4.969729999999999460e-04
-4.805410000000000193e-04 4.764810000000000074e-04
-3.485070000000000160e-04 3.516659999999999903e-04
-1.455700000000000039e-04 1.518319999999999924e-04
7.797280000000000671e-05 -7.451219999999999447e-05
2.705159999999999965e-04 -2.723110000000000157e-04
3.915049999999999997e-04 -3.960729999999999871e-04
4.192159999999999788e-04 -4.220800000000000246e-04
3.531779999999999989e-04 -3.521110000000000038e-04
2.125600000000000113e-04 -2.092039999999999980e-04
3.167450000000000311e-05 -2.942779999999999970e-05
-1.472950000000000051e-04 1.466399999999999919e-04
-2.838639999999999913e-04 2.814439999999999976e-04
-3.490069999999999739e-04 3.473120000000000113e-04
-3.319279999999999974e-04 3.323089999999999790e-04
-2.415720000000000107e-04 2.432710000000000092e-04
-1.028540000000000015e-04 1.041160000000000040e-04
5.046250000000000009e-05 -5.064590000000000243e-05
1.838520000000000009e-04 -1.850250000000000115e-04
2.692449999999999878e-04 -2.701919999999999908e-04
2.903989999999999957e-04 -2.903469999999999901e-04
2.458089999999999906e-04 -2.449999999999999921e-04
1.486179999999999923e-04 -1.479010000000000058e-04
2.329830000000000019e-05 -2.327700000000000092e-05
-1.003900000000000061e-04 9.982950000000000363e-05
-1.946320000000000027e-04 1.940889999999999911e-04
-2.399769999999999963e-04 2.399230000000000134e-04
-2.292390000000000053e-04 2.296289999999999931e-04
-1.681759999999999972e-04 1.685830000000000087e-04
-7.323660000000000283e-05 7.330030000000000020e-05
3.270739999999999791e-05 -3.297619999999999778e-05
1.256250000000000042e-04 -1.259260000000000002e-04
1.855629999999999986e-04 -1.856259999999999876e-04
2.008660000000000111e-04 -2.006830000000000029e-04
1.704549999999999935e-04 -1.702349999999999990e-04
1.036169999999999940e-04 -1.035590000000000024e-04
1.735799999999999881e-05 -1.748070000000000019e-05
-6.792209999999999806e-05 6.776120000000000439e-05
