-3.457049999999999844e-08 7.247739999999999492e-07
-2.074410000000000111e-07 2.449569999999999825e-06
-6.004639999999999696e-07 3.833980000000000348e-06
-1.275230000000000071e-06 6.568969999999999721e-06
-2.636769999999999913e-06 1.635659999999999854e-05
-5.742429999999999838e-06 3.765310000000000038e-05
-1.189270000000000050e-05 6.662820000000000016e-05
-2.140459999999999832e-05 8.812939999999999685e-05
-3.250820000000000158e-05 8.900779999999999846e-05
-4.119059999999999828e-05 6.336790000000000023e-05
-4.168330000000000120e-05 9.494890000000000499e-06
-2.817629999999999991e-05 -5.946780000000000008e-05
1.559000000000000024e-06 -1.192840000000000052e-04
4.312100000000000270e-05 -1.567700000000000051e-04
8.635530000000000311e-05 -1.801720000000000090e-04
1.198549999999999968e-04 -2.057150000000000048e-04
1.358069999999999959e-04 -2.379509999999999991e-04
1.326079999999999880e-04 -2.642289999999999938e-04
1.143609999999999982e-04 -2.609879999999999752e-04
8.711849999999999607e-05 -2.036480000000000126e-04
5.406849999999999910e-05 -8.947779999999999905e-05
1.427370000000000024e-05 4.558769999999999722e-05
-3.363519999999999943e-05 1.579469999999999973e-04
-8.712569999999999831e-05 2.368899999999999901e-04
-1.385170000000000021e-04 2.948509999999999998e-04
-1.766700000000000009e-04 3.353440000000000067e-04
-1.912320000000000014e-04 3.518120000000000123e-04
-1.785529999999999962e-04 3.423550000000000247e-04
-1.448119999999999952e-04 3.140579999999999804e-04
-1.025570000000000008e-04 2.782449999999999897e-04
-6.317090000000000194e-05 2.350839999999999874e-04
-3.110369999999999834e-05 1.605839999999999926e-04
-3.706099999999999973e-06 3.808739999999999722e-05
2.418289999999999847e-05 -1.086689999999999992e-04
5.653290000000000214e-05 -2.482060000000000017e-04
9.631970000000000549e-05 -3.669869999999999881e-04
1.447580000000000123e-04 -4.557060000000000039e-04
1.968670000000000110e-04 -5.055450000000000395e-04
2.395590000000000013e-04 -5.149109999999999495e-04
2.573359999999999905e-04 -4.878579999999999766e-04
2.412299999999999926e-04 -4.306639999999999817e-04
1.928909999999999935e-04 -3.448699999999999964e-04
1.215539999999999953e-04 -2.274850000000000082e-04
3.881190000000000020e-05 -8.432319999999999930e-05
-4.448229999999999930e-05 7.513010000000000087e-05
-1.196089999999999995e-04 2.393469999999999973e-04
-1.804010000000000097e-04 3.831150000000000072e-04
-2.224469999999999930e-04 4.765039999999999901e-04
-2.424670000000000080e-04 5.107659999999999544e-04
-2.395230000000000037e-04 5.089520000000000155e-04
-2.166740000000000061e-04 4.956509999999999475e-04
-1.800700000000000022e-04 4.628100000000000226e-04
-1.357999999999999941e-04 3.801249999999999833e-04
-8.733910000000000545e-05 2.290930000000000104e-04
-3.525590000000000240e-05 3.725299999999999722e-05
2.133379999999999893e-05 -1.403379999999999970e-04
8.386979999999999446e-05 -2.937629999999999994e-04
1.533419999999999965e-04 -4.472890000000000199e-04
2.257170000000000075e-04 -5.896200000000000096e-04
2.881909999999999789e-04 -6.804719999999999996e-04
3.236490000000000178e-04 -6.786840000000000364e-04
3.194639999999999893e-04 -5.710379999999999493e-04
2.721730000000000113e-04 -4.039110000000000161e-04
1.864520000000000099e-04 -2.377900000000000120e-04
7.251329999999999571e-05 -8.748809999999999335e-05
-5.449199999999999937e-05 7.956910000000000361e-05
-1.748119999999999926e-04 2.911359999999999990e-04
-2.684230000000000014e-04 5.161229999999999507e-04
-3.230980000000000158e-04 6.851669999999999809e-04
-3.397429999999999894e-04 7.528430000000000018e-04
-3.282860000000000075e-04 7.245939999999999543e-04
-2.964469999999999757e-04 6.318450000000000195e-04
-2.428259999999999956e-04 4.934149999999999777e-04
-1.619280000000000122e-04 3.045200000000000185e-04
-5.472230000000000291e-05 5.200210000000000140e-05
6.786399999999999941e-05 -2.527170000000000132e-04
1.908020000000000072e-04 -5.473439999999999556e-04
3.012390000000000206e-04 -7.537480000000000482e-04
3.886469999999999942e-04 -8.414909999999999838e-04
4.407069999999999803e-04 -8.277010000000000227e-04
4.415539999999999808e-04 -7.388660000000000236e-04
3.780009999999999881e-04 -5.885499999999999673e-04
2.513600000000000057e-04 -3.846669999999999950e-04
8.262589999999999778e-05 -1.141280000000000023e-04
-9.686549999999999609e-05 2.232430000000000037e-04
-2.589569999999999806e-04 5.468530000000000309e-04
-3.846880000000000004e-04 7.766679999999999981e-04
-4.635209999999999960e-04 8.882319999999999756e-04
-4.892009999999999805e-04 8.932480000000000238e-04
-4.568780000000000258e-04 8.198660000000000409e-04
-3.660410000000000009e-04 6.760380000000000078e-04
-2.262759999999999999e-04 4.407950000000000106e-04
-5.807889999999999716e-05 1.039730000000000022e-04
1.151300000000000039e-04 -3.133969999999999811e-04
2.773769999999999838e-04 -7.369899999999999759e-04
4.194049999999999731e-04 -1.021320000000000040e-03
5.273469999999999503e-04 -1.080589999999999979e-03
5.772569999999999655e-04 -9.534320000000000425e-04
5.429459999999999885e-04 -7.306139999999999813e-04
4.112869999999999807e-04 -4.793649999999999886e-04
1.946530000000000081e-04 -1.832450000000000116e-04
-6.771149999999999706e-05 1.862230000000000092e-04
-3.202910000000000002e-04 5.717839999999999858e-04
-5.119459999999999939e-04 8.953690000000000260e-04
-6.169689999999999810e-04 1.110089999999999992e-03
-6.366419999999999805e-04 1.158869999999999996e-03
-5.799180000000000133e-04 1.010159999999999964e-03
-4.478600000000000116e-04 6.662909999999999536e-04
-2.391829999999999900e-04 1.766880000000000132e-04
3.093910000000000334e-05 -3.419489999999999748e-04
3.228339999999999791e-04 -8.109950000000000101e-04
5.840069999999999940e-04 -1.164459999999999974e-03
7.638989999999999583e-04 -1.316330000000000104e-03
8.224550000000000393e-04 -1.234239999999999947e-03
7.386499999999999837e-04 -9.606849999999999678e-04
5.202660000000000227e-04 -5.899300000000000117e-04
2.061800000000000080e-04 -1.795330000000000038e-04
-1.450210000000000062e-04 2.858019999999999853e-04
-4.716750000000000131e-04 7.929929999999999748e-04
-7.195049999999999493e-04 1.224929999999999942e-03
-8.488280000000000391e-04 1.449379999999999896e-03
-8.433680000000000473e-04 1.406279999999999987e-03
-7.112670000000000190e-04 1.100859999999999946e-03
-4.727320000000000133e-04 5.732029999999999938e-04
-1.492759999999999985e-04 -1.004250000000000016e-04
2.288950000000000099e-04 -7.737900000000000030e-04
6.066910000000000228e-04 -1.278190000000000012e-03
9.057820000000000498e-04 -1.517859999999999999e-03
1.050790000000000014e-03 -1.490659999999999989e-03
9.982750000000000738e-04 -1.233200000000000051e-03
7.492910000000000195e-04 -7.908089999999999564e-04
3.477740000000000215e-04 -2.283130000000000077e-04
-1.287810000000000126e-04 3.950749999999999943e-04
-5.875179999999999812e-04 1.018940000000000080e-03
-9.428149999999999508e-04 1.522190000000000088e-03
-1.133080000000000068e-03 1.761970000000000073e-03
-1.128120000000000034e-03 1.657739999999999995e-03
-9.278799999999999592e-04 1.198690000000000085e-03
-5.564809999999999462e-04 4.484550000000000016e-04
-6.048089999999999890e-05 -4.353059999999999959e-04
4.856780000000000212e-04 -1.220689999999999970e-03
9.791990000000000416e-04 -1.711529999999999952e-03
1.308820000000000035e-03 -1.860649999999999934e-03
1.389669999999999968e-03 -1.717200000000000107e-03
1.190110000000000083e-03 -1.303230000000000057e-03
7.387389999999999755e-04 -6.144020000000000037e-04
1.194959999999999957e-04 2.598100000000000214e-04
-5.419459999999999642e-04 1.120020000000000000e-03
-1.107240000000000004e-03 1.768480000000000009e-03
-1.462659999999999958e-03 2.077250000000000103e-03
-1.541800000000000071e-03 1.990720000000000076e-03
-1.325419999999999897e-03 1.484499999999999926e-03
-8.363729999999999559e-04 6.111909999999999695e-04
-1.469780000000000012e-04 -4.380370000000000075e-04
6.146920000000000162e-04 -1.396979999999999923e-03
1.284339999999999917e-03 -2.029050000000000124e-03
1.705609999999999982e-03 -2.214049999999999959e-03
1.773739999999999995e-03 -1.951770000000000024e-03
1.458770000000000075e-03 -1.297119999999999914e-03
8.114450000000000482e-04 -3.708100000000000090e-04
-3.919679999999999714e-05 6.257539999999999587e-04
-9.063979999999999910e-04 1.515319999999999905e-03
-1.593519999999999963e-03 2.163749999999999875e-03
-1.947710000000000066e-03 2.412940000000000137e-03
-1.890530000000000075e-03 2.100850000000000026e-03
-1.424920000000000093e-03 1.221230000000000015e-03
-6.352579999999999815e-04 2.292979999999999856e-05
3.211320000000000147e-04 -1.150030000000000019e-03
1.242440000000000037e-03 -2.027240000000000032e-03
1.925169999999999920e-03 -2.468600000000000048e-03
2.205729999999999930e-03 -2.411019999999999830e-03
1.995119999999999966e-03 -1.808190000000000101e-03
1.310210000000000020e-03 -7.564369999999999948e-04
2.916600000000000095e-04 4.702989999999999775e-04
-8.214900000000000240e-04 1.582400000000000083e-03
-1.762619999999999899e-03 2.339729999999999935e-03
-2.310239999999999863e-03 2.539899999999999883e-03
-2.331730000000000174e-03 2.129400000000000043e-03
-1.807290000000000025e-03 1.242929999999999946e-03
-8.408169999999999967e-04 7.990520000000000196e-05
3.529089999999999918e-04 -1.116089999999999921e-03
1.491769999999999902e-03 -2.077199999999999967e-03
2.295769999999999929e-03 -2.583240000000000102e-03
2.560740000000000152e-03 -2.459949999999999810e-03
2.209850000000000182e-03 -1.672909999999999892e-03
1.315219999999999974e-03 -4.689079999999999767e-04
8.677309999999999765e-05 7.730729999999999894e-04
-1.177510000000000102e-03 1.748820000000000105e-03
-2.166239999999999832e-03 2.280050000000000045e-03
-2.628090000000000027e-03 2.268959999999999987e-03
-2.430199999999999982e-03 1.676669999999999897e-03
-1.602310000000000019e-03 6.680380000000000302e-04
-3.500810000000000250e-04 -4.560359999999999956e-04
9.940380000000000396e-04 -1.429839999999999930e-03
2.074089999999999788e-03 -2.048460000000000211e-03
2.614439999999999993e-03 -2.168300000000000175e-03
2.484689999999999902e-03 -1.751539999999999998e-03
1.724599999999999961e-03 -9.230930000000000472e-04
5.328870000000000091e-04 1.252059999999999935e-04
-7.816249999999999847e-04 1.127439999999999953e-03
-1.876550000000000050e-03 1.768709999999999944e-03
-2.465919999999999918e-03 1.904819999999999994e-03
-2.402249999999999872e-03 1.586649999999999996e-03
-1.717210000000000047e-03 9.425660000000000418e-04
-6.040999999999999929e-04 7.997210000000000635e-05
6.395269999999999774e-04 -8.091899999999999961e-04
1.683489999999999943e-03 -1.424450000000000065e-03
2.251089999999999862e-03 -1.639019999999999930e-03
2.206909999999999861e-03 -1.492889999999999972e-03
1.595889999999999982e-03 -1.046009999999999995e-03
6.123320000000000455e-04 -3.926879999999999780e-04
-4.691249999999999782e-04 3.268500000000000029e-04
-1.366849999999999966e-03 9.455960000000000450e-04
-1.861199999999999920e-03 1.333200000000000097e-03
-1.851919999999999955e-03 1.418149999999999966e-03
-1.381740000000000008e-03 1.179369999999999898e-03
-6.122290000000000501e-04 6.802579999999999912e-04
2.354710000000000093e-04 4.140619999999999669e-05
9.488100000000000180e-04 -6.132410000000000465e-04
1.375039999999999899e-03 -1.115920000000000063e-03
1.443929999999999953e-03 -1.298469999999999919e-03
1.171850000000000105e-03 -1.141510000000000094e-03
6.537620000000000063e-04 -7.493870000000000132e-04
3.390669999999999844e-05 -2.152190000000000006e-04
-5.387220000000000506e-04 3.663760000000000172e-04
-9.449319999999999985e-04 8.538760000000000490e-04
-1.111439999999999997e-03 1.113379999999999969e-03
-1.019460000000000028e-03 1.079620000000000102e-03
-7.080600000000000479e-04 7.755410000000000342e-04
-2.631210000000000038e-04 2.996739999999999907e-04
2.083839999999999889e-04 -2.129619999999999983e-04
6.056149999999999945e-04 -6.351759999999999915e-04
8.511190000000000075e-04 -8.781140000000000429e-04
8.997570000000000524e-04 -9.052539999999999762e-04
7.461949999999999529e-04 -7.305179999999999877e-04
4.300689999999999917e-04 -4.092650000000000194e-04
3.043880000000000069e-05 -2.228759999999999986e-05
-3.545660000000000066e-04 3.446090000000000069e-04
-6.357119999999999741e-04 6.162550000000000146e-04
-7.555389999999999502e-04 7.398910000000000079e-04
-6.986419999999999696e-04 6.955740000000000187e-04
-4.900640000000000161e-04 5.000739999999999829e-04
-1.857820000000000044e-04 2.014270000000000079e-04
1.415490000000000097e-04 -1.320220000000000041e-04
4.190250000000000073e-04 -4.243210000000000189e-04
5.889050000000000274e-04 -6.072890000000000059e-04
6.198619999999999955e-04 -6.390420000000000388e-04
5.122020000000000132e-04 -5.186900000000000364e-04
2.965040000000000058e-04 -2.878350000000000114e-04
2.598059999999999991e-05 -1.301089999999999938e-05
-2.362200000000000118e-04 2.411229999999999884e-04
-4.318039999999999877e-04 4.262579999999999971e-04
-5.202499999999999876e-04 5.113929999999999605e-04
-4.870270000000000111e-04 4.831179999999999915e-04
-3.459170000000000018e-04 3.491990000000000155e-04
-1.349319999999999881e-04 1.411499999999999886e-04
9.382879999999999855e-05 -9.053890000000000147e-05
2.877339999999999932e-04 -2.896479999999999888e-04
4.061089999999999839e-04 -4.106310000000000060e-04
4.279810000000000211e-04 -4.306949999999999819e-04
3.543139999999999961e-04 -3.531459999999999829e-04
2.060850000000000030e-04 -2.027580000000000127e-04
1.936610000000000081e-05 -1.723400000000000135e-05
-1.623550000000000134e-04 1.616099999999999926e-04
-2.980610000000000182e-04 2.956480000000000262e-04
-3.590830000000000042e-04 3.574760000000000177e-04
-3.357500000000000024e-04 3.362150000000000056e-04
-2.385619999999999971e-04 2.402700000000000018e-04
-9.402160000000000118e-05 9.521409999999999357e-05
6.285730000000000549e-05 -6.311989999999999853e-05
1.968569999999999890e-04 -1.980460000000000076e-04
2.798809999999999991e-04 -2.807710000000000262e-04
2.963139999999999958e-04 -2.961929999999999880e-04
2.458079999999999749e-04 -2.449850000000000270e-04
1.429299999999999885e-04 -1.422589999999999944e-04
1.347890000000000066e-05 -1.351430000000000036e-05
-1.118879999999999967e-04 1.113139999999999985e-04
-2.050909999999999918e-04 2.045829999999999893e-04
-2.470589999999999939e-04 2.470500000000000148e-04
-2.314929999999999874e-04 2.318959999999999902e-04
-1.653020000000000108e-04 1.656840000000000081e-04
-6.609949999999999962e-05 6.612849999999999544e-05
4.231549999999999830e-05 -4.259689999999999869e-05
1.354139999999999879e-04 -1.356969999999999986e-04
1.932810000000000084e-04 -1.933170000000000060e-04
2.048230000000000005e-04 -2.046279999999999931e-04
1.699009999999999984e-04 -1.696919999999999874e-04
9.887710000000000238e-05 -9.884070000000000388e-05
9.704109999999999827e-06 -9.837639999999999886e-06
-7.661280000000000618e-05 7.646010000000000339e-05
