-3.968459999999999922e-08 7.113720000000000519e-07
-2.267989999999999916e-07 2.379600000000000053e-06
-6.176580000000000374e-07 3.669050000000000048e-06
-1.251619999999999928e-06 6.282850000000000332e-06
-2.590290000000000148e-06 1.577690000000000136e-05
-5.740259999999999654e-06 3.629199999999999744e-05
-1.181889999999999962e-05 6.383830000000000168e-05
-2.070870000000000046e-05 8.363429999999999985e-05
-3.037649999999999961e-05 8.331860000000000557e-05
-3.716929999999999665e-05 5.766229999999999847e-05
-3.615339999999999846e-05 5.292079999999999991e-06
-2.240250000000000108e-05 -6.062400000000000097e-05
5.568809999999999796e-06 -1.164080000000000008e-04
4.313149999999999862e-05 -1.498670000000000069e-04
8.101010000000000556e-05 -1.697400000000000113e-04
1.095569999999999948e-04 -1.918380000000000020e-04
1.223540000000000012e-04 -2.203119999999999872e-04
1.179790000000000032e-04 -2.431549999999999987e-04
9.993749999999999650e-05 -2.383560000000000062e-04
7.379519999999999439e-05 -1.829149999999999927e-04
4.277669999999999991e-05 -7.492790000000000474e-05
6.572680000000000063e-06 5.040849999999999688e-05
-3.540630000000000014e-05 1.519059999999999920e-04
-8.087430000000000595e-05 2.213200000000000020e-04
-1.239550000000000016e-04 2.718539999999999759e-04
-1.556309999999999877e-04 3.066850000000000088e-04
-1.666480000000000077e-04 3.195440000000000021e-04
-1.537099999999999903e-04 3.094959999999999790e-04
-1.232430000000000125e-04 2.840140000000000221e-04
-8.739829999999999973e-05 2.537859999999999856e-04
-5.579539999999999776e-05 2.179890000000000029e-04
-3.044449999999999964e-05 1.520430000000000078e-04
-7.338169999999999912e-06 3.909819999999999778e-05
1.792940000000000150e-05 -9.781680000000000171e-05
4.765440000000000236e-05 -2.286310000000000002e-04
8.433180000000000461e-05 -3.406659999999999940e-04
1.298969999999999932e-04 -4.245170000000000150e-04
1.795900000000000068e-04 -4.713799999999999761e-04
2.198679999999999894e-04 -4.800690000000000144e-04
2.355989999999999918e-04 -4.544689999999999884e-04
2.192999999999999908e-04 -4.000690000000000214e-04
1.736060000000000045e-04 -3.182360000000000072e-04
1.071779999999999960e-04 -2.069189999999999886e-04
3.046119999999999899e-05 -7.271530000000000495e-05
-4.614469999999999884e-05 7.546390000000000097e-05
-1.139349999999999993e-04 2.274210000000000034e-04
-1.670979999999999915e-04 3.591479999999999976e-04
-2.018819999999999892e-04 4.421250000000000267e-04
-2.158340000000000074e-04 4.693510000000000130e-04
-2.093390000000000094e-04 4.647790000000000168e-04
-1.868589999999999943e-04 4.523269999999999808e-04
-1.545589999999999952e-04 4.230959999999999756e-04
-1.167430000000000036e-04 3.473230000000000219e-04
-7.504999999999999465e-05 2.076389999999999952e-04
-2.993830000000000100e-05 3.105300000000000237e-05
1.845930000000000129e-05 -1.303560000000000103e-04
7.180209999999999479e-05 -2.697609999999999808e-04
1.331899999999999903e-04 -4.119959999999999768e-04
2.000080000000000000e-04 -5.450329999999999975e-04
2.584999999999999950e-04 -6.294109999999999679e-04
2.905420000000000246e-04 -6.260789999999999801e-04
2.848959999999999774e-04 -5.230470000000000085e-04
2.407640000000000008e-04 -3.659970000000000129e-04
1.638470000000000052e-04 -2.132509999999999950e-04
6.251920000000000274e-05 -7.739270000000000188e-05
-5.128800000000000091e-05 7.503779999999999500e-05
-1.600949999999999910e-04 2.713230000000000177e-04
-2.442629999999999888e-04 4.803079999999999828e-04
-2.911270000000000199e-04 6.347059999999999638e-04
-3.019839999999999872e-04 6.926499999999999498e-04
-2.881560000000000241e-04 6.621609999999999779e-04
-2.582940000000000041e-04 5.747769999999999485e-04
-2.105300000000000053e-04 4.476360000000000083e-04
-1.383490000000000132e-04 2.741330000000000264e-04
-4.227839999999999826e-05 4.025650000000000327e-05
6.687339999999999572e-05 -2.426729999999999990e-04
1.746999999999999909e-04 -5.135139999999999627e-04
2.697050000000000207e-04 -6.979669999999999668e-04
3.435080000000000186e-04 -7.706829999999999800e-04
3.865699999999999800e-04 -7.516789999999999973e-04
3.853560000000000015e-04 -6.669479999999999983e-04
3.274740000000000159e-04 -5.280909999999999554e-04
2.136700000000000058e-04 -3.414889999999999961e-04
6.340070000000000438e-05 -9.342400000000000541e-05
-9.470849999999999625e-05 2.164860000000000005e-04
-2.354749999999999910e-04 5.098909999999999467e-04
-3.420580000000000105e-04 7.126300000000000126e-04
-4.060690000000000046e-04 8.064889999999999689e-04
-4.240460000000000258e-04 8.056639999999999895e-04
-3.930480000000000085e-04 7.371069999999999749e-04
-3.121929999999999974e-04 6.066920000000000385e-04
-1.889550000000000095e-04 3.924509999999999869e-04
-4.140890000000000261e-05 8.388319999999999674e-05
1.092200000000000012e-04 -2.992709999999999880e-04
2.490680000000000216e-04 -6.862580000000000286e-04
3.703350000000000110e-04 -9.386089999999999711e-04
4.603550000000000198e-04 -9.792970000000000667e-04
4.985249999999999881e-04 -8.515410000000000383e-04
4.640339999999999960e-04 -6.432439999999999556e-04
3.468419999999999837e-04 -4.154399999999999933e-04
1.568010000000000053e-04 -1.483079999999999902e-04
-7.305269999999999939e-05 1.864269999999999957e-04
-2.925860000000000071e-04 5.329189999999999709e-04
-4.543710000000000175e-04 8.191859999999999593e-04
-5.372499999999999672e-04 1.005610000000000098e-03
-5.469010000000000277e-04 1.040439999999999898e-03
-4.928229999999999807e-04 8.959719999999999794e-04
-3.735829999999999772e-04 5.761730000000000280e-04
-1.867919999999999965e-04 1.273729999999999882e-04
5.117599999999999927e-05 -3.417119999999999836e-04
3.020100000000000172e-04 -7.611620000000000148e-04
5.206390000000000410e-04 -1.070779999999999909e-03
6.660630000000000500e-04 -1.189900000000000029e-03
7.047639999999999764e-04 -1.093439999999999994e-03
6.195250000000000019e-04 -8.289560000000000504e-04
4.206990000000000187e-04 -4.885690000000000041e-04
1.458300000000000048e-04 -1.227769999999999936e-04
-1.546580000000000090e-04 2.893570000000000148e-04
-4.305240000000000000e-04 7.383360000000000270e-04
-6.351300000000000261e-04 1.114449999999999903e-03
-7.320179999999999699e-04 1.298080000000000067e-03
-7.091040000000000060e-04 1.239899999999999943e-03
-5.804579999999999506e-04 9.483430000000000375e-04
-3.681390000000000205e-04 4.612209999999999943e-04
-8.888799999999999328e-05 -1.499989999999999982e-04
2.337820000000000056e-04 -7.483810000000000028e-04
5.501549999999999800e-04 -1.180269999999999974e-03
7.899079999999999730e-04 -1.365040000000000090e-03
8.914570000000000133e-04 -1.308960000000000071e-03
8.250339999999999887e-04 -1.050960000000000089e-03
5.964429999999999949e-04 -6.370549999999999781e-04
2.444440000000000198e-04 -1.306640000000000080e-04
-1.634179999999999997e-04 4.162389999999999970e-04
-5.460089999999999692e-04 9.556249999999999857e-04
-8.306389999999999867e-04 1.380520000000000098e-03
-9.678280000000000043e-04 1.562599999999999927e-03
-9.363579999999999820e-04 1.434600000000000068e-03
-7.412900000000000262e-04 9.936999999999999219e-04
-4.077129999999999773e-04 3.028910000000000109e-04
2.139500000000000099e-05 -4.900939999999999463e-04
4.798289999999999760e-04 -1.171219999999999943e-03
8.783919999999999749e-04 -1.566029999999999939e-03
1.125160000000000049e-03 -1.645659999999999961e-03
1.156190000000000082e-03 -1.469339999999999969e-03
9.530950000000000489e-04 -1.063420000000000034e-03
5.445470000000000432e-04 -4.260360000000000254e-04
5.156820000000000036e-06 3.562829999999999903e-04
-5.519049999999999954e-04 1.098999999999999934e-03
-1.004560000000000045e-03 1.628880000000000085e-03
-1.261339999999999901e-03 1.842480000000000073e-03
-1.278459999999999926e-03 1.702570000000000038e-03
-1.049969999999999896e-03 1.197130000000000026e-03
-6.002829999999999581e-04 3.834949999999999731e-04
3.321609999999999950e-06 -5.556979999999999776e-04
6.427520000000000152e-04 -1.377189999999999925e-03
1.173650000000000040e-03 -1.873689999999999904e-03
1.470310000000000063e-03 -1.951279999999999898e-03
1.459290000000000023e-03 -1.629690000000000045e-03
1.129980000000000047e-03 -9.773900000000000730e-04
5.363139999999999748e-04 -1.190499999999999935e-04
-2.019389999999999922e-04 7.548490000000000364e-04
-9.177389999999999897e-04 1.491499999999999987e-03
-1.444980000000000006e-03 1.985960000000000156e-03
-1.665990000000000006e-03 2.108810000000000025e-03
-1.530270000000000024e-03 1.726850000000000043e-03
-1.056029999999999903e-03 8.570879999999999905e-04
-3.329669999999999852e-04 -2.479390000000000261e-04
4.872109999999999809e-04 -1.266039999999999961e-03
1.226400000000000103e-03 -1.962980000000000020e-03
1.722220000000000001e-03 -2.234850000000000031e-03
1.855309999999999989e-03 -2.050370000000000144e-03
1.568850000000000106e-03 -1.391389999999999945e-03
8.961750000000000315e-04 -3.723830000000000022e-04
-1.913710000000000012e-05 7.358199999999999854e-04
-9.531259999999999949e-04 1.668900000000000071e-03
-1.677230000000000040e-03 2.223859999999999813e-03
-2.021600000000000133e-03 2.240160000000000155e-03
-1.900420000000000104e-03 1.706739999999999993e-03
-1.325479999999999974e-03 7.898029999999999461e-04
-4.144640000000000216e-04 -3.027990000000000260e-04
6.254540000000000056e-04 -1.342780000000000015e-03
1.543289999999999896e-03 -2.094509999999999948e-03
2.108239999999999940e-03 -2.380699999999999917e-03
2.170669999999999978e-03 -2.075739999999999964e-03
1.700319999999999956e-03 -1.190800000000000105e-03
7.996579999999999661e-04 2.422220000000000100e-07
-3.137999999999999839e-04 1.121800000000000054e-03
-1.364479999999999946e-03 1.899569999999999948e-03
-2.091979999999999795e-03 2.198669999999999791e-03
-2.308460000000000026e-03 1.970250000000000213e-03
-1.937520000000000084e-03 1.225270000000000092e-03
-1.048429999999999935e-03 1.672210000000000038e-04
1.347529999999999887e-04 -8.907210000000000258e-04
1.291180000000000062e-03 -1.699020000000000087e-03
2.110439999999999885e-03 -2.088640000000000115e-03
2.382790000000000082e-03 -1.965520000000000114e-03
2.041480000000000031e-03 -1.349359999999999969e-03
1.173420000000000105e-03 -4.154259999999999897e-04
2.204839999999999883e-06 6.183859999999999574e-04
-1.166170000000000010e-03 1.490559999999999932e-03
-2.022260000000000116e-03 1.918009999999999941e-03
-2.337590000000000067e-03 1.807240000000000105e-03
-2.032910000000000186e-03 1.265620000000000070e-03
-1.199200000000000092e-03 4.716990000000000115e-04
-6.283059999999999437e-05 -4.312210000000000240e-04
1.077180000000000065e-03 -1.238500000000000018e-03
1.915580000000000060e-03 -1.669399999999999920e-03
2.223090000000000049e-03 -1.644480000000000030e-03
1.928929999999999924e-03 -1.259810000000000096e-03
1.141239999999999963e-03 -6.275000000000000196e-04
9.338740000000000647e-05 1.145829999999999971e-04
-9.321180000000000090e-04 8.017019999999999485e-04
-1.670349999999999916e-03 1.273990000000000018e-03
-1.937780000000000058e-03 1.438969999999999919e-03
-1.686800000000000018e-03 1.279219999999999966e-03
-1.018210000000000079e-03 8.299170000000000028e-04
-1.393359999999999954e-04 2.032889999999999979e-04
7.071100000000000519e-04 -4.490109999999999739e-04
1.312849999999999955e-03 -9.995069999999999562e-04
1.551010000000000019e-03 -1.307030000000000041e-03
1.393209999999999978e-03 -1.253390000000000060e-03
9.076200000000000413e-04 -8.771999999999999633e-04
2.406540000000000035e-04 -3.321640000000000269e-04
-4.281309999999999977e-04 2.563299999999999802e-04
-9.417540000000000503e-04 7.813489999999999758e-04
-1.198379999999999975e-03 1.114049999999999893e-03
-1.159220000000000085e-03 1.159450000000000021e-03
-8.517120000000000203e-04 9.063720000000000153e-04
-3.661229999999999910e-04 4.298190000000000127e-04
1.689390000000000032e-04 -1.337110000000000078e-04
6.262330000000000197e-04 -6.310690000000000527e-04
9.117040000000000517e-04 -9.402749999999999650e-04
9.767339999999999356e-04 -1.001200000000000050e-03
8.190009999999999738e-04 -8.224470000000000218e-04
4.816299999999999813e-04 -4.667480000000000110e-04
4.789339999999999787e-05 -3.000519999999999861e-05
-3.760309999999999781e-04 3.823330000000000001e-04
-6.889729999999999509e-04 6.800040000000000034e-04
-8.222309999999999819e-04 8.052079999999999654e-04
-7.554140000000000420e-04 7.412780000000000541e-04
-5.172339999999999880e-04 5.139899999999999764e-04
-1.742819999999999959e-04 1.832220000000000018e-04
1.875389999999999946e-04 -1.729909999999999976e-04
4.842080000000000234e-04 -4.753720000000000016e-04
6.524179999999999867e-04 -6.575840000000000114e-04
6.619459999999999537e-04 -6.791530000000000483e-04
5.198769999999999693e-04 -5.374639999999999756e-04
2.669629999999999985e-04 -2.727040000000000236e-04
-3.290829999999999797e-05 4.087650000000000072e-05
-3.082699999999999742e-04 3.199030000000000168e-04
-4.972200000000000404e-04 5.015049999999999630e-04
-5.613750000000000250e-04 5.563540000000000065e-04
-4.929249999999999604e-04 4.849720000000000181e-04
-3.143689999999999983e-04 3.108599999999999883e-04
-7.239810000000000060e-05 7.543490000000000514e-05
1.731729999999999901e-04 -1.674380000000000052e-04
3.642179999999999745e-04 -3.612730000000000086e-04
4.590910000000000130e-04 -4.610489999999999966e-04
4.421310000000000127e-04 -4.463860000000000050e-04
3.249430000000000092e-04 -3.272610000000000232e-04
1.407000000000000048e-04 -1.393440000000000130e-04
-6.511290000000000469e-05 6.822250000000000623e-05
-2.448959999999999809e-04 2.466169999999999734e-04
-3.589099999999999908e-04 3.579799999999999844e-04
-3.838909999999999740e-04 3.816839999999999729e-04
-3.183290000000000078e-04 3.170660000000000167e-04
-1.823750000000000013e-04 1.829710000000000071e-04
-1.197349999999999980e-05 1.351919999999999924e-05
1.509779999999999900e-04 -1.500320000000000028e-04
2.692479999999999808e-04 -2.696069999999999955e-04
3.185870000000000043e-04 -3.196779999999999978e-04
2.920560000000000105e-04 -2.927779999999999944e-04
2.001530000000000063e-04 -1.999419999999999908e-04
6.741079999999999501e-05 -6.663210000000000194e-05
-7.362640000000000374e-05 7.417410000000000528e-05
-1.899880000000000113e-04 1.898629999999999947e-04
-2.559419999999999968e-04 2.553850000000000087e-04
-2.588669999999999730e-04 2.584579999999999842e-04
-2.016870000000000088e-04 2.017599999999999927e-04
-1.012550000000000055e-04 1.016500000000000042e-04
1.659639999999999919e-05 -1.629420000000000063e-05
1.237169999999999947e-04 -1.237560000000000125e-04
1.962029999999999916e-04 -1.964810000000000048e-04
2.194669999999999911e-04 -2.196900000000000057e-04
1.909330000000000098e-04 -1.909160000000000132e-04
1.200010000000000052e-04 -1.198059999999999978e-04
2.533599999999999934e-05 -2.517089999999999985e-05
-6.986410000000000081e-05 6.985999999999999860e-05
-1.435200000000000082e-04 1.433829999999999924e-04
-1.798039999999999881e-04 1.796810000000000030e-04
