-2.758789999999999983e-08 7.338849999999999836e-07
-1.771800000000000023e-07 2.497340000000000047e-06
-5.561849999999999739e-07 3.947760000000000299e-06
-1.257940000000000106e-06 6.770920000000000387e-06
-2.617550000000000036e-06 1.677470000000000052e-05
-5.578449999999999928e-06 3.863640000000000162e-05
-1.157900000000000044e-05 6.863949999999999902e-05
-2.148150000000000092e-05 9.139930000000000428e-05
-3.402429999999999880e-05 9.329180000000000014e-05
-4.493559999999999715e-05 6.802910000000000229e-05
-4.736549999999999907e-05 1.357739999999999980e-05
-3.423449999999999893e-05 -5.728819999999999811e-05
-2.435940000000000093e-06 -1.204119999999999984e-04
4.361450000000000060e-05 -1.620930000000000081e-04
9.241040000000000549e-05 -1.897950000000000082e-04
1.302879999999999967e-04 -2.191410000000000081e-04
1.478279999999999948e-04 -2.541600000000000196e-04
1.437060000000000095e-04 -2.815539999999999948e-04
1.236809999999999971e-04 -2.773049999999999886e-04
9.521979999999999930e-05 -2.168879999999999875e-04
6.150609999999999715e-05 -9.794200000000000518e-05
2.014180000000000085e-05 4.312269999999999965e-05
-3.196160000000000244e-05 1.620939999999999968e-04
-9.228219999999999544e-05 2.477590000000000109e-04
-1.507520000000000095e-04 3.122600000000000224e-04
-1.934320000000000006e-04 3.583179999999999937e-04
-2.091870000000000014e-04 3.777399999999999985e-04
-1.953959999999999974e-04 3.674290000000000086e-04
-1.590539999999999988e-04 3.351429999999999861e-04
-1.126059999999999990e-04 2.941999999999999954e-04
-6.771609999999999359e-05 2.461489999999999772e-04
-3.063689999999999800e-05 1.667320000000000022e-04
-8.794489999999999760e-07 3.839629999999999693e-05
2.676930000000000135e-05 -1.148679999999999986e-04
5.893720000000000214e-05 -2.602489999999999947e-04
1.009880000000000028e-04 -3.837779999999999837e-04
1.539500000000000016e-04 -4.771490000000000085e-04
2.110590000000000133e-04 -5.319510000000000167e-04
2.577960000000000234e-04 -5.451050000000000470e-04
2.778360000000000009e-04 -5.187329999999999545e-04
2.613819999999999989e-04 -4.587029999999999753e-04
2.096040000000000078e-04 -3.675029999999999812e-04
1.324569999999999957e-04 -2.429239999999999937e-04
4.309610000000000231e-05 -9.097359999999999919e-05
-4.649359999999999816e-05 7.835949999999999404e-05
-1.272979999999999999e-04 2.523800000000000197e-04
-1.931369999999999908e-04 4.046359999999999931e-04
-2.394840000000000131e-04 5.043120000000000328e-04
-2.626950000000000183e-04 5.421510000000000478e-04
-2.609709999999999786e-04 5.412210000000000415e-04
-2.363850000000000077e-04 5.266070000000000082e-04
-1.953719999999999990e-04 4.905159999999999772e-04
-1.461690000000000027e-04 4.022529999999999856e-04
-9.445460000000000195e-05 2.430769999999999903e-04
-4.047890000000000304e-05 4.149949999999999798e-05
1.946000000000000003e-05 -1.455929999999999865e-04
8.860960000000000624e-05 -3.075350000000000024e-04
1.659859999999999927e-04 -4.698020000000000126e-04
2.442319999999999886e-04 -6.217619999999999874e-04
3.101490000000000150e-04 -7.207370000000000486e-04
3.487860000000000179e-04 -7.219019999999999604e-04
3.480169999999999987e-04 -6.108080000000000107e-04
3.011520000000000061e-04 -4.357429999999999919e-04
2.088690000000000089e-04 -2.595909999999999884e-04
8.142470000000000664e-05 -9.759409999999999450e-05
-6.082989999999999844e-05 8.360619999999999922e-05
-1.920579999999999965e-04 3.110100000000000191e-04
-2.905059999999999999e-04 5.501629999999999975e-04
-3.471459999999999997e-04 7.280150000000000423e-04
-3.664229999999999983e-04 7.983079999999999603e-04
-3.578879999999999995e-04 7.686690000000000363e-04
-3.258719999999999998e-04 6.725420000000000400e-04
-2.669130000000000244e-04 5.280810000000000148e-04
-1.770929999999999933e-04 3.284580000000000052e-04
-6.066130000000000144e-05 6.024670000000000036e-05
6.982079999999999396e-05 -2.626840000000000078e-04
2.006169999999999937e-04 -5.746850000000000179e-04
3.212549999999999998e-04 -7.952680000000000166e-04
4.211490000000000025e-04 -8.930680000000000085e-04
4.838530000000000175e-04 -8.848369999999999716e-04
4.880239999999999882e-04 -7.959729999999999497e-04
4.181750000000000137e-04 -6.382669999999999793e-04
2.779379999999999806e-04 -4.190970000000000025e-04
9.293580000000000558e-05 -1.274299999999999912e-04
-1.016849999999999997e-04 2.333950000000000109e-04
-2.769679999999999950e-04 5.791550000000000344e-04
-4.154890000000000059e-04 8.265259999999999534e-04
-5.065770000000000255e-04 9.490959999999999674e-04
-5.399909999999999736e-04 9.583010000000000530e-04
-5.062569999999999744e-04 8.823639999999999565e-04
-4.044620000000000181e-04 7.286560000000000519e-04
-2.488500000000000044e-04 4.759100000000000157e-04
-6.551220000000000611e-05 1.156019999999999953e-04
1.200959999999999967e-04 -3.276810000000000226e-04
2.940269999999999819e-04 -7.759449999999999984e-04
4.503260000000000249e-04 -1.080610000000000077e-03
5.756000000000000049e-04 -1.152900000000000105e-03
6.402969999999999582e-04 -1.029409999999999917e-03
6.088899999999999521e-04 -8.005469999999999774e-04
4.630780000000000139e-04 -5.337220000000000375e-04
2.198040000000000117e-04 -2.125320000000000041e-04
-7.095350000000000431e-05 1.897749999999999914e-04
-3.463900000000000225e-04 6.098569999999999989e-04
-5.556060000000000469e-04 9.610530000000000158e-04
-6.748159999999999575e-04 1.191580000000000026e-03
-7.032860000000000153e-04 1.245039999999999992e-03
-6.461680000000000245e-04 1.091299999999999909e-03
-5.034650000000000323e-04 7.312920000000000314e-04
-2.757929999999999800e-04 2.131020000000000071e-04
1.978689999999999854e-05 -3.431840000000000129e-04
3.418939999999999761e-04 -8.514850000000000240e-04
6.338259999999999858e-04 -1.239099999999999924e-03
8.389170000000000047e-04 -1.415269999999999940e-03
9.121240000000000511e-04 -1.342909999999999894e-03
8.288390000000000514e-04 -1.060909999999999978e-03
5.938039999999999681e-04 -6.643680000000000332e-04
2.461140000000000224e-04 -2.162119999999999960e-04
-1.479100000000000120e-04 2.928580000000000072e-04
-5.137880000000000485e-04 8.448060000000000291e-04
-7.887999999999999829e-04 1.315799999999999999e-03
-9.338950000000000159e-04 1.564669999999999993e-03
-9.359620000000000353e-04 1.525660000000000080e-03
-8.013529999999999829e-04 1.205139999999999944e-03
-5.456890000000000265e-04 6.472259999999999862e-04
-1.901159999999999938e-04 -6.947829999999999512e-05
2.301140000000000130e-04 -7.957549999999999867e-04
6.536299999999999879e-04 -1.354120000000000107e-03
9.955689999999999679e-04 -1.636000000000000084e-03
1.171170000000000024e-03 -1.629809999999999983e-03
1.126480000000000016e-03 -1.369420000000000099e-03
8.578989999999999663e-04 -9.009779999999999785e-04
4.141430000000000089e-04 -2.917670000000000138e-04
-1.166550000000000003e-04 3.927259999999999801e-04
-6.304769999999999472e-04 1.080989999999999989e-03
-1.032759999999999971e-03 1.639019999999999930e-03
-1.255749999999999922e-03 1.913189999999999943e-03
-1.264890000000000068e-03 1.816899999999999982e-03
-1.057030000000000036e-03 1.338079999999999955e-03
-6.554980000000000182e-04 5.424919999999999959e-04
-1.094719999999999981e-04 -4.068240000000000202e-04
5.007969999999999826e-04 -1.267530000000000002e-03
1.063219999999999920e-03 -1.828280000000000053e-03
1.452069999999999967e-03 -2.027080000000000114e-03
1.564950000000000065e-03 -1.903780000000000099e-03
1.358840000000000048e-03 -1.476400000000000108e-03
8.651489999999999528e-04 -7.398539999999999674e-04
1.808699999999999945e-04 2.111150000000000006e-04
-5.557719999999999501e-04 1.161710000000000043e-03
-1.197310000000000041e-03 1.892929999999999916e-03
-1.618209999999999918e-03 2.260009999999999797e-03
-1.735849999999999936e-03 2.199159999999999917e-03
-1.518760000000000075e-03 1.681839999999999984e-03
-9.895839999999999498e-04 7.579159999999999717e-04
-2.296090000000000034e-04 -3.769630000000000159e-04
6.218779999999999707e-04 -1.439399999999999968e-03
1.387350000000000085e-03 -2.168150000000000199e-03
1.891230000000000038e-03 -2.421920000000000149e-03
2.005999999999999971e-03 -2.188299999999999794e-03
1.686350000000000088e-03 -1.516379999999999898e-03
9.832009999999999535e-04 -5.263040000000000079e-04
3.884280000000000019e-05 5.710010000000000172e-04
-9.402349999999999857e-04 1.576680000000000009e-03
-1.734169999999999939e-03 2.330379999999999951e-03
-2.166879999999999935e-03 2.652069999999999862e-03
-2.144010000000000013e-03 2.364509999999999789e-03
-1.663669999999999906e-03 1.453469999999999892e-03
-8.118529999999999670e-04 1.717699999999999902e-04
2.486629999999999873e-04 -1.118349999999999943e-03
1.300310000000000051e-03 -2.120780000000000061e-03
2.108960000000000001e-03 -2.670969999999999941e-03
2.475600000000000109e-03 -2.684639999999999856e-03
2.288960000000000040e-03 -2.096670000000000131e-03
1.563879999999999914e-03 -9.932079999999999815e-04
4.512170000000000135e-04 3.427619999999999821e-04
-7.939880000000000288e-04 1.593659999999999998e-03
-1.880189999999999900e-03 2.486149999999999905e-03
-2.552179999999999813e-03 2.790219999999999940e-03
-2.645199999999999895e-03 2.431149999999999978e-03
-2.120069999999999941e-03 1.530090000000000009e-03
-1.079230000000000033e-03 2.861620000000000157e-04
2.458100000000000064e-04 -1.040630000000000071e-03
1.542140000000000004e-03 -2.152320000000000101e-03
2.492910000000000091e-03 -2.793229999999999845e-03
2.860679999999999994e-03 -2.757349999999999992e-03
2.546559999999999796e-03 -1.988810000000000144e-03
1.613260000000000041e-03 -7.293000000000000003e-04
2.740840000000000138e-04 6.279470000000000104e-04
-1.151969999999999991e-03 1.750690000000000059e-03
-2.312900000000000112e-03 2.428070000000000055e-03
-2.909450000000000057e-03 2.530169999999999988e-03
-2.773900000000000150e-03 1.989279999999999955e-03
-1.924300000000000099e-03 9.540279999999999941e-04
-5.738520000000000209e-04 -2.674460000000000140e-04
9.224300000000000164e-04 -1.380930000000000048e-03
2.171559999999999897e-03 -2.145880000000000183e-03
2.854010000000000141e-03 -2.386309999999999994e-03
2.803719999999999997e-03 -2.037789999999999827e-03
2.043609999999999958e-03 -1.208319999999999924e-03
7.756150000000000067e-04 -8.957880000000000367e-05
-6.714279999999999554e-04 1.033529999999999952e-03
-1.923240000000000106e-03 1.813329999999999933e-03
-2.655550000000000011e-03 2.070250000000000042e-03
-2.683409999999999788e-03 1.828439999999999970e-03
-2.014010000000000106e-03 1.202429999999999992e-03
-8.408169999999999967e-04 2.967959999999999956e-04
5.154069999999999529e-04 -6.872999999999999552e-04
1.693059999999999921e-03 -1.424240000000000011e-03
2.385850000000000123e-03 -1.752469999999999896e-03
2.429870000000000207e-03 -1.684509999999999957e-03
1.847120000000000055e-03 -1.268250000000000063e-03
8.270859999999999887e-04 -5.962330000000000494e-04
-3.385630000000000041e-04 1.864930000000000049e-04
-1.340540000000000091e-03 8.982579999999999775e-04
-1.933840000000000038e-03 1.384409999999999981e-03
-1.999260000000000100e-03 1.548839999999999896e-03
-1.566600000000000024e-03 1.355000000000000085e-03
-7.923659999999999688e-04 8.614669999999999836e-04
9.739910000000000061e-05 1.911709999999999896e-04
8.768380000000000098e-04 -5.247220000000000356e-04
1.377250000000000002e-03 -1.105730000000000081e-03
1.515340000000000003e-03 -1.365560000000000038e-03
1.296889999999999979e-03 -1.266800000000000001e-03
8.059280000000000263e-04 -9.034689999999999518e-04
1.792990000000000057e-04 -3.662580000000000024e-04
-4.310599999999999827e-04 2.491009999999999991e-04
-8.942559999999999572e-04 7.959209999999999983e-04
-1.124650000000000042e-03 1.127380000000000092e-03
-1.093610000000000068e-03 1.159969999999999968e-03
-8.295569999999999724e-04 9.012599999999999735e-04
-4.063949999999999876e-04 4.421359999999999830e-04
7.666100000000000345e-05 -8.380689999999999884e-05
5.165979999999999487e-04 -5.467929999999999536e-04
8.244139999999999845e-04 -8.503680000000000006e-04
9.393459999999999744e-04 -9.443140000000000258e-04
8.411939999999999695e-04 -8.259609999999999478e-04
5.578889999999999978e-04 -5.372989999999999797e-04
1.616610000000000096e-04 -1.530679999999999920e-04
-2.495040000000000018e-04 2.397060000000000119e-04
-5.794279999999999960e-04 5.592810000000000142e-04
-7.587670000000000352e-04 7.423230000000000280e-04
-7.587269999999999475e-04 7.556439999999999772e-04
-5.922619999999999751e-04 6.028840000000000371e-04
-3.065450000000000271e-04 3.226719999999999762e-04
2.950349999999999967e-05 -1.995140000000000010e-05
3.404670000000000049e-04 -3.460229999999999903e-04
5.603980000000000376e-04 -5.792230000000000208e-04
6.463800000000000014e-04 -6.661629999999999982e-04
5.865459999999999641e-04 -5.934710000000000376e-04
4.010549999999999879e-04 -3.921959999999999834e-04
1.364439999999999967e-04 -1.228070000000000051e-04
-1.452120000000000049e-04 1.504619999999999970e-04
-3.803540000000000111e-04 3.743859999999999896e-04
-5.183619999999999678e-04 5.088570000000000376e-04
-5.329850000000000343e-04 5.290269999999999478e-04
-4.277349999999999967e-04 4.315880000000000020e-04
-2.335559999999999980e-04 2.402170000000000076e-04
4.998210000000000126e-07 2.600189999999999833e-06
2.202860000000000115e-04 -2.227160000000000001e-04
3.790299999999999811e-04 -3.837709999999999819e-04
4.462399999999999830e-04 -4.487019999999999876e-04
4.123169999999999895e-04 -4.107809999999999825e-04
2.893500000000000130e-04 -2.859259999999999862e-04
1.082990000000000011e-04 -1.063640000000000001e-04
-8.777309999999999485e-05 8.678239999999999771e-05
-2.538190000000000173e-04 2.513309999999999828e-04
-3.538540000000000175e-04 3.523670000000000231e-04
-3.693309999999999779e-04 3.699829999999999981e-04
-3.022340000000000204e-04 3.040340000000000100e-04
-1.726619999999999945e-04 1.737789999999999908e-04
-1.269460000000000040e-05 1.226360000000000063e-05
1.412519999999999954e-04 -1.425420000000000051e-04
2.560260000000000183e-04 -2.568529999999999750e-04
3.083760000000000169e-04 -3.080979999999999765e-04
2.896810000000000205e-04 -2.887669999999999950e-04
2.075810000000000036e-04 -2.069709999999999942e-04
8.375520000000000068e-05 -8.392750000000000579e-05
-5.176150000000000239e-05 5.111810000000000106e-05
-1.680809999999999921e-04 1.676299999999999926e-04
-2.405920000000000031e-04 2.406920000000000056e-04
-2.559519999999999916e-04 2.564029999999999912e-04
-2.141160000000000079e-04 2.144509999999999971e-04
-1.274369999999999930e-04 1.273839999999999988e-04
-1.733590000000000117e-05 1.701819999999999912e-05
9.071179999999999435e-05 -9.096139999999999955e-05
1.729000000000000014e-04 -1.728749999999999872e-04
2.123319999999999993e-04 -2.121079999999999960e-04
2.025349999999999980e-04 -2.023489999999999968e-04
1.484110000000000127e-04 -1.484199999999999918e-04
6.447269999999999683e-05 -6.463110000000000534e-05
-2.901019999999999882e-05 2.887249999999999843e-05
