-3.711239999999999687e-08 7.146230000000000060e-07
-2.173400000000000125e-07 2.395390000000000117e-06
-6.104770000000000209e-07 3.703450000000000092e-06
-1.266330000000000037e-06 6.343280000000000192e-06
-2.614930000000000136e-06 1.591459999999999837e-05
-5.736679999999999936e-06 3.662329999999999882e-05
-1.184470000000000028e-05 6.448799999999999650e-05
-2.103770000000000019e-05 8.465300000000000418e-05
-3.138199999999999871e-05 8.468070000000000393e-05
-3.897560000000000000e-05 5.930100000000000025e-05
-3.841070000000000140e-05 6.980549999999999598e-06
-2.436020000000000099e-05 -5.943579999999999767e-05
4.846710000000000391e-06 -1.164650000000000039e-04
4.441280000000000276e-05 -1.517479999999999979e-04
8.439800000000000069e-05 -1.736220000000000124e-04
1.142840000000000056e-04 -1.974129999999999884e-04
1.272550000000000005e-04 -2.267570000000000111e-04
1.222549999999999874e-04 -2.493090000000000215e-04
1.034410000000000012e-04 -2.432339999999999958e-04
7.670280000000000023e-05 -1.861409999999999920e-04
4.509379999999999845e-05 -7.659750000000000651e-05
7.811170000000000296e-06 5.018069999999999882e-05
-3.612450000000000285e-05 1.532840000000000049e-04
-8.412009999999999442e-05 2.247510000000000035e-04
-1.292979999999999943e-04 2.777419999999999846e-04
-1.618889999999999945e-04 3.147180000000000181e-04
-1.728239999999999974e-04 3.283459999999999764e-04
-1.593599999999999921e-04 3.173240000000000132e-04
-1.280139999999999978e-04 2.899080000000000168e-04
-9.071609999999999700e-05 2.578729999999999889e-04
-5.728980000000000162e-05 2.207599999999999938e-04
-3.053310000000000079e-05 1.536180000000000054e-04
-7.053549999999999577e-06 3.926690000000000177e-05
1.795660000000000016e-05 -9.906129999999999970e-05
4.792890000000000117e-05 -2.310529999999999984e-04
8.601410000000000034e-05 -3.444629999999999849e-04
1.338339999999999929e-04 -4.305320000000000175e-04
1.859669999999999900e-04 -4.802070000000000188e-04
2.283040000000000015e-04 -4.911439999999999990e-04
2.451080000000000121e-04 -4.662770000000000217e-04
2.283619999999999932e-04 -4.109790000000000101e-04
1.807230000000000110e-04 -3.269149999999999964e-04
1.114859999999999961e-04 -2.123039999999999921e-04
3.173409999999999827e-05 -7.414719999999999373e-05
-4.786649999999999987e-05 7.794290000000000213e-05
-1.184070000000000066e-04 2.331760000000000050e-04
-1.737080000000000113e-04 3.673629999999999994e-04
-2.097889999999999933e-04 4.519580000000000255e-04
-2.242439999999999896e-04 4.798749999999999956e-04
-2.174199999999999885e-04 4.751080000000000190e-04
-1.936349999999999985e-04 4.617930000000000017e-04
-1.594090000000000047e-04 4.310990000000000004e-04
-1.199940000000000034e-04 3.531739999999999901e-04
-7.760979999999999680e-05 2.108880000000000043e-04
-3.207280000000000233e-05 3.191220000000000254e-05
1.774779999999999972e-05 -1.313270000000000117e-04
7.381920000000000636e-05 -2.726660000000000216e-04
1.381090000000000019e-04 -4.180090000000000021e-04
2.069960000000000083e-04 -5.551310000000000489e-04
2.671109999999999977e-04 -6.428090000000000453e-04
3.010350000000000070e-04 -6.405350000000000193e-04
2.969650000000000002e-04 -5.365269999999999675e-04
2.524480000000000062e-04 -3.774270000000000034e-04
1.720880000000000098e-04 -2.217400000000000013e-04
6.500230000000000613e-05 -8.141170000000000524e-05
-5.464579999999999779e-05 7.714200000000000104e-05
-1.673880000000000040e-04 2.798559999999999850e-04
-2.533470000000000123e-04 4.934580000000000043e-04
-3.011280000000000076e-04 6.495090000000000455e-04
-3.130529999999999858e-04 7.069210000000000034e-04
-2.999809999999999998e-04 6.754359999999999618e-04
-2.693300000000000251e-04 5.872889999999999534e-04
-2.188400000000000122e-04 4.586430000000000064e-04
-1.429500000000000052e-04 2.816340000000000076e-04
-4.347300000000000204e-05 4.232400000000000338e-05
6.840519999999999348e-05 -2.465969999999999837e-04
1.790949999999999920e-04 -5.226309999999999636e-04
2.781379999999999855e-04 -7.110519999999999948e-04
3.568549999999999977e-04 -7.868489999999999469e-04
4.036399999999999775e-04 -7.702129999999999524e-04
4.027470000000000117e-04 -6.862819999999999728e-04
3.414010000000000200e-04 -5.451609999999999529e-04
2.218730000000000084e-04 -3.526849999999999885e-04
6.556520000000000035e-05 -9.641509999999999783e-05
-9.779659999999999807e-05 2.218900000000000050e-04
-2.432439999999999906e-04 5.221489999999999639e-04
-3.546670000000000248e-04 7.294260000000000327e-04
-4.231320000000000003e-04 8.258049999999999852e-04
-4.431039999999999914e-04 8.260669999999999905e-04
-4.101280000000000008e-04 7.568549999999999627e-04
-3.241210000000000228e-04 6.229960000000000098e-04
-1.949839999999999885e-04 4.022289999999999872e-04
-4.261710000000000232e-05 8.541160000000000061e-05
1.118269999999999985e-04 -3.056530000000000228e-04
2.558150000000000029e-04 -6.990860000000000216e-04
3.826899999999999833e-04 -9.564079999999999544e-04
4.792889999999999846e-04 -1.000730000000000022e-03
5.220920000000000422e-04 -8.750700000000000362e-04
4.867380000000000144e-04 -6.664470000000000246e-04
3.624400000000000061e-04 -4.342729999999999941e-04
1.621869999999999974e-04 -1.576580000000000006e-04
-7.690220000000000378e-05 1.901510000000000027e-04
-3.033520000000000053e-04 5.490109999999999652e-04
-4.709329999999999853e-04 8.429340000000000444e-04
-5.588089999999999551e-04 1.031919999999999973e-03
-5.709629999999999610e-04 1.066380000000000019e-03
-5.154139999999999546e-04 9.196680000000000046e-04
-3.909259999999999905e-04 5.946560000000000474e-04
-1.961359999999999937e-04 1.368359999999999889e-04
5.176070000000000063e-05 -3.439110000000000214e-04
3.133219999999999929e-04 -7.754910000000000058e-04
5.414919999999999716e-04 -1.095990000000000028e-03
6.936169999999999966e-04 -1.222900000000000072e-03
7.354689999999999882e-04 -1.128770000000000077e-03
6.487570000000000229e-04 -8.598930000000000289e-04
4.422000000000000149e-04 -5.095730000000000355e-04
1.537119999999999947e-04 -1.305310000000000010e-04
-1.621509999999999998e-04 2.964870000000000092e-04
-4.499729999999999962e-04 7.600800000000000004e-04
-6.613530000000000493e-04 1.147119999999999954e-03
-7.615239999999999683e-04 1.334829999999999958e-03
-7.394100000000000238e-04 1.274009999999999899e-03
-6.076400000000000030e-04 9.757599999999999954e-04
-3.870389999999999920e-04 4.793190000000000233e-04
-9.549360000000000335e-05 -1.446920000000000031e-04
2.413139999999999871e-04 -7.591790000000000170e-04
5.720470000000000069e-04 -1.207149999999999933e-03
8.242030000000000233e-04 -1.403680000000000032e-03
9.324710000000000377e-04 -1.352719999999999964e-03
8.640279999999999749e-04 -1.092359999999999902e-03
6.249959999999999500e-04 -6.680149999999999933e-04
2.571480000000000120e-04 -1.438180000000000112e-04
-1.686729999999999892e-04 4.245270000000000098e-04
-5.683539999999999729e-04 9.836359999999999722e-04
-8.662159999999999478e-04 1.422379999999999999e-03
-1.010510000000000054e-03 1.610450000000000033e-03
-9.790829999999999499e-04 1.480269999999999893e-03
-7.769619999999999652e-04 1.029720000000000028e-03
-4.298419999999999954e-04 3.229800000000000010e-04
1.785129999999999966e-05 -4.905229999999999790e-04
4.975109999999999602e-04 -1.193849999999999989e-03
9.163420000000000029e-04 -1.608290000000000067e-03
1.177349999999999968e-03 -1.700750000000000005e-03
1.211520000000000001e-03 -1.527350000000000018e-03
9.988630000000000078e-04 -1.112579999999999949e-03
5.713820000000000530e-04 -4.545679999999999751e-04
8.822430000000000842e-06 3.562619999999999849e-04
-5.722249999999999906e-04 1.127629999999999908e-03
-1.046999999999999971e-03 1.678989999999999996e-03
-1.319400000000000087e-03 1.903909999999999977e-03
-1.340389999999999898e-03 1.765049999999999996e-03
-1.102209999999999952e-03 1.249710000000000014e-03
-6.320139999999999699e-04 4.144600000000000129e-04
-1.410330000000000056e-06 -5.551819999999999845e-04
6.675500000000000444e-04 -1.408680000000000045e-03
1.225490000000000086e-03 -1.930999999999999991e-03
1.539860000000000100e-03 -2.023229999999999994e-03
1.531309999999999919e-03 -1.702399999999999964e-03
1.187799999999999924e-03 -1.035310000000000006e-03
5.666669999999999737e-04 -1.476240000000000083e-04
-2.064450000000000063e-04 7.640429999999999488e-04
-9.574040000000000241e-04 1.537130000000000050e-03
-1.511830000000000031e-03 2.057989999999999993e-03
-1.745070000000000041e-03 2.191999999999999938e-03
-1.604610000000000021e-03 1.803380000000000044e-03
-1.111110000000000006e-03 9.095779999999999707e-04
-3.572359999999999793e-04 -2.315999999999999916e-04
5.020610000000000437e-04 -1.289250000000000031e-03
1.281239999999999896e-03 -2.021349999999999883e-03
1.806129999999999975e-03 -2.318399999999999975e-03
1.947750000000000046e-03 -2.143320000000000208e-03
1.647660000000000010e-03 -1.472229999999999936e-03
9.442199999999999552e-04 -4.191590000000000029e-04
-1.259040000000000061e-05 7.362710000000000391e-04
-9.917619999999999821e-04 1.716049999999999997e-03
-1.754820000000000034e-03 2.306240000000000200e-03
-2.121120000000000210e-03 2.339930000000000048e-03
-1.998400000000000003e-03 1.801960000000000020e-03
-1.398090000000000053e-03 8.576499999999999489e-04
-4.428820000000000196e-04 -2.800039999999999842e-04
6.499029999999999608e-04 -1.372100000000000012e-03
1.615679999999999981e-03 -2.170270000000000185e-03
2.211040000000000054e-03 -2.485660000000000213e-03
2.279279999999999848e-03 -2.184750000000000060e-03
1.789750000000000108e-03 -1.276669999999999932e-03
8.487850000000000126e-04 -4.079660000000000171e-05
-3.192340000000000000e-04 1.135520000000000106e-03
-1.426799999999999987e-03 1.964769999999999798e-03
-2.197140000000000204e-03 2.300980000000000213e-03
-2.428549999999999806e-03 2.086140000000000216e-03
-2.040600000000000053e-03 1.324950000000000086e-03
-1.108290000000000056e-03 2.225060000000000004e-04
1.335619999999999928e-04 -8.956250000000000452e-04
1.350230000000000007e-03 -1.762090000000000010e-03
2.215210000000000009e-03 -2.192910000000000172e-03
2.505530000000000170e-03 -2.084760000000000172e-03
2.149939999999999924e-03 -1.453300000000000035e-03
1.239979999999999902e-03 -4.765859999999999801e-04
9.940590000000000315e-06 6.162970000000000254e-04
-1.219639999999999917e-03 1.547470000000000009e-03
-2.123460000000000191e-03 2.017950000000000126e-03
-2.459810000000000208e-03 1.923500000000000080e-03
-2.142830000000000082e-03 1.368169999999999933e-03
-1.266549999999999968e-03 5.344860000000000323e-04
-7.029420000000000199e-05 -4.246769999999999864e-04
1.129100000000000069e-03 -1.290480000000000099e-03
2.011300000000000154e-03 -1.765260000000000050e-03
2.337510000000000109e-03 -1.756299999999999919e-03
2.031999999999999952e-03 -1.356980000000000035e-03
1.204800000000000012e-03 -6.862380000000000389e-04
1.010200000000000052e-04 1.073110000000000031e-04
-9.792369999999999894e-04 8.465109999999999866e-04
-1.755990000000000025e-03 1.357609999999999980e-03
-2.037549999999999951e-03 1.536929999999999937e-03
-1.774509999999999976e-03 1.364339999999999910e-03
-1.071869999999999941e-03 8.813830000000000145e-04
-1.472540000000000101e-04 2.112059999999999968e-04
7.432559999999999731e-04 -4.831960000000000270e-04
1.379840000000000016e-03 -1.064489999999999967e-03
1.629479999999999991e-03 -1.384629999999999975e-03
1.463660000000000091e-03 -1.323200000000000071e-03
9.544129999999999845e-04 -9.224769999999999975e-04
2.540810000000000225e-04 -3.445429999999999977e-04
-4.495890000000000216e-04 2.762829999999999973e-04
-9.900359999999999109e-04 8.266620000000000348e-04
-1.258680000000000085e-03 1.173240000000000090e-03
-1.216099999999999907e-03 1.217779999999999904e-03
-8.933609999999999598e-04 9.493700000000000533e-04
-3.851519999999999879e-04 4.482339999999999914e-04
1.754520000000000135e-04 -1.415499999999999983e-04
6.558360000000000275e-04 -6.608249999999999758e-04
9.564999999999999935e-04 -9.841430000000000403e-04
1.025499999999999936e-03 -1.049239999999999895e-03
8.603289999999999549e-04 -8.637570000000000447e-04
5.064639999999999810e-04 -4.918659999999999829e-04
5.125670000000000004e-05 -3.368020000000000323e-05
-3.938859999999999757e-04 3.998189999999999882e-04
-7.225810000000000262e-04 7.133870000000000055e-04
-8.626340000000000353e-04 8.458600000000000363e-04
-7.928640000000000037e-04 7.792850000000000037e-04
-5.435319999999999995e-04 5.405310000000000193e-04
-1.841789999999999996e-04 1.927830000000000006e-04
1.955199999999999983e-04 -1.814469999999999993e-04
5.073980000000000504e-04 -4.986559999999999908e-04
6.845560000000000100e-04 -6.894909999999999754e-04
6.949330000000000090e-04 -7.119970000000000205e-04
5.460659999999999993e-04 -5.637339999999999799e-04
2.809350000000000063e-04 -2.867489999999999883e-04
-3.350459999999999766e-05 4.154949999999999919e-05
-3.225580000000000244e-04 3.342290000000000148e-04
-5.213470000000000213e-04 5.254479999999999741e-04
-5.892859999999999548e-04 5.840360000000000169e-04
-5.178389999999999729e-04 5.099349999999999890e-04
-3.305870000000000249e-04 3.273999999999999892e-04
-7.671120000000000510e-05 7.997929999999999504e-05
1.809570000000000091e-04 -1.753389999999999962e-04
3.815539999999999861e-04 -3.789239999999999926e-04
4.814840000000000135e-04 -4.836190000000000194e-04
4.642229999999999903e-04 -4.683749999999999871e-04
3.417189999999999854e-04 -3.437940000000000223e-04
1.485849999999999877e-04 -1.470759999999999993e-04
-6.750350000000000176e-05 7.056580000000000122e-05
-2.564949999999999761e-04 2.580290000000000058e-04
-3.765099999999999849e-04 3.754189999999999914e-04
-4.030109999999999942e-04 4.008099999999999792e-04
-3.344099999999999915e-04 3.333119999999999963e-04
-1.919179999999999877e-04 1.926780000000000007e-04
-1.325300000000000000e-05 1.480279999999999996e-05
1.577310000000000116e-04 -1.569350000000000009e-04
2.820659999999999791e-04 -2.825710000000000157e-04
3.342640000000000238e-04 -3.353540000000000015e-04
3.068559999999999907e-04 -3.074490000000000035e-04
2.106730000000000072e-04 -2.103460000000000084e-04
7.140370000000000213e-05 -7.062800000000000209e-05
-7.672960000000000479e-05 7.717730000000000391e-05
-1.990290000000000082e-04 1.988140000000000111e-04
-2.684480000000000156e-04 2.678909999999999733e-04
-2.717479999999999874e-04 2.714130000000000253e-04
-2.119900000000000083e-04 2.121339999999999988e-04
-1.067980000000000031e-04 1.071990000000000014e-04
1.680639999999999887e-05 -1.655949999999999959e-05
1.293309999999999989e-04 -1.294289999999999970e-04
2.056559999999999974e-04 -2.059429999999999898e-04
2.303739999999999868e-04 -2.305549999999999906e-04
2.006789999999999941e-04 -2.006140000000000007e-04
1.263799999999999928e-04 -1.261769999999999949e-04
2.706679999999999977e-05 -2.693479999999999833e-05
-7.289660000000000269e-05 7.285449999999999847e-05
-1.503250000000000083e-04 1.501809999999999907e-04
-1.885979999999999992e-04 1.885009999999999897e-04
