-4.351439999999999689e-08 6.968790000000000028e-07
-2.389419999999999965e-07 2.304840000000000196e-06
-6.185959999999999893e-07 3.495390000000000173e-06
-1.208399999999999942e-06 5.985010000000000148e-06
-2.517339999999999856e-06 1.517380000000000031e-05
-5.658799999999999929e-06 3.487629999999999675e-05
-1.155479999999999989e-05 6.094870000000000143e-05
-1.976209999999999837e-05 7.901750000000000028e-05
-2.815940000000000012e-05 7.757529999999999569e-05
-3.347729999999999879e-05 5.212499999999999984e-05
-3.139290000000000228e-05 1.625009999999999964e-06
-1.758339999999999838e-05 -6.091079999999999964e-05
8.814519999999999761e-06 -1.126669999999999972e-04
4.289740000000000030e-05 -1.425820000000000115e-04
7.608219999999999469e-05 -1.596710000000000100e-04
1.001309999999999939e-04 -1.789190000000000127e-04
1.097169999999999932e-04 -2.037960000000000119e-04
1.037210000000000052e-04 -2.229259999999999998e-04
8.559450000000000185e-05 -2.160809999999999933e-04
6.082059999999999837e-05 -1.622849999999999954e-04
3.250460000000000046e-05 -6.082019999999999750e-05
4.272880000000000076e-07 5.402890000000000036e-05
-3.569750000000000169e-05 1.442050000000000059e-04
-7.391700000000000397e-05 2.045170000000000072e-04
-1.097419999999999939e-04 2.488389999999999938e-04
-1.356790000000000134e-04 2.793730000000000237e-04
-1.434259999999999919e-04 2.894710000000000208e-04
-1.304619999999999988e-04 2.789169999999999996e-04
-1.037159999999999943e-04 2.558869999999999981e-04
-7.449990000000000139e-05 2.309699999999999926e-04
-5.013049999999999717e-05 2.024580000000000054e-04
-3.044220000000000137e-05 1.447549999999999922e-04
-1.092639999999999927e-05 4.056289999999999749e-05
1.173910000000000082e-05 -8.741079999999999326e-05
3.884439999999999692e-05 -2.099720000000000015e-04
7.314369999999999563e-05 -3.154049999999999931e-04
1.170559999999999987e-04 -3.948469999999999823e-04
1.651459999999999940e-04 -4.397329999999999859e-04
2.029699999999999896e-04 -4.485140000000000090e-04
2.160320000000000079e-04 -4.239800000000000166e-04
1.986219999999999967e-04 -3.709249999999999765e-04
1.543989999999999967e-04 -2.915160000000000190e-04
9.170670000000000069e-05 -1.853129999999999925e-04
2.039299999999999940e-05 -5.959339999999999765e-05
-4.935219999999999820e-05 7.747930000000000203e-05
-1.091809999999999970e-04 2.168310000000000116e-04
-1.540380000000000048e-04 3.355950000000000014e-04
-1.809389999999999968e-04 4.072139999999999809e-04
-1.884160000000000067e-04 4.271039999999999819e-04
-1.784850000000000097e-04 4.201939999999999820e-04
-1.570040000000000031e-04 4.093319999999999901e-04
-1.297480000000000053e-04 3.844729999999999762e-04
-9.908179999999999722e-05 3.163129999999999783e-04
-6.511279999999999770e-05 1.885859999999999999e-04
-2.809960000000000113e-05 2.772580000000000143e-05
1.182090000000000061e-05 -1.173399999999999980e-04
5.744319999999999917e-05 -2.433389999999999956e-04
1.133940000000000056e-04 -3.761349999999999893e-04
1.768410000000000099e-04 -5.026959999999999588e-04
2.323699999999999995e-04 -5.831119999999999966e-04
2.616799999999999747e-04 -5.791670000000000065e-04
2.555789999999999733e-04 -4.801909999999999837e-04
2.150119999999999939e-04 -3.323280000000000071e-04
1.452869999999999932e-04 -1.921190000000000083e-04
5.305060000000000331e-05 -6.897579999999999781e-05
-5.109960000000000115e-05 7.198740000000000130e-05
-1.500309999999999871e-04 2.562150000000000126e-04
-2.242020000000000059e-04 4.503280000000000022e-04
-2.618410000000000160e-04 5.885629999999999551e-04
-2.661310000000000173e-04 6.343240000000000206e-04
-2.500070000000000070e-04 6.003469999999999900e-04
-2.220699999999999931e-04 5.187209999999999824e-04
-1.792289999999999877e-04 4.035500000000000241e-04
-1.144940000000000053e-04 2.450449999999999959e-04
-2.917530000000000169e-05 2.855720000000000163e-05
6.564020000000000217e-05 -2.333009999999999945e-04
1.571990000000000106e-04 -4.798529999999999744e-04
2.368969999999999919e-04 -6.416510000000000269e-04
2.990679999999999901e-04 -6.999830000000000505e-04
3.358810000000000051e-04 -6.780240000000000529e-04
3.342859999999999907e-04 -5.999059999999999853e-04
2.818000000000000192e-04 -4.735660000000000260e-04
1.794420000000000075e-04 -3.032369999999999836e-04
4.654400000000000025e-05 -7.547409999999999623e-05
-9.056919999999999337e-05 2.088269999999999981e-04
-2.105449999999999976e-04 4.730089999999999837e-04
-2.997550000000000193e-04 6.495789999999999551e-04
-3.520190000000000190e-04 7.274749999999999966e-04
-3.652439999999999745e-04 7.232410000000000097e-04
-3.365950000000000257e-04 6.615049999999999489e-04
-2.644640000000000077e-04 5.448379999999999630e-04
-1.557429999999999893e-04 3.499290000000000169e-04
-2.770459999999999899e-05 6.690260000000000553e-05
1.007309999999999949e-04 -2.842920000000000082e-04
2.193019999999999952e-04 -6.359640000000000388e-04
3.227419999999999942e-04 -8.577329999999999547e-04
3.992120000000000260e-04 -8.826259999999999618e-04
4.297659999999999913e-04 -7.580469999999999743e-04
3.967350000000000021e-04 -5.670119999999999848e-04
2.918970000000000006e-04 -3.624260000000000025e-04
1.237789999999999951e-04 -1.206380000000000061e-04
-7.785520000000000634e-05 1.850599999999999934e-04
-2.666139999999999786e-04 4.977630000000000249e-04
-4.001019999999999989e-04 7.495759999999999533e-04
-4.636069999999999948e-04 9.082079999999999754e-04
-4.664870000000000214e-04 9.292060000000000207e-04
-4.163239999999999801e-04 7.902000000000000170e-04
-3.084229999999999979e-04 4.955740000000000362e-04
-1.408969999999999895e-04 8.632869999999999899e-05
6.745240000000000491e-05 -3.370240000000000041e-04
2.802589999999999877e-04 -7.113650000000000442e-04
4.604540000000000065e-04 -9.809409999999999311e-04
5.756990000000000458e-04 -1.070889999999999906e-03
5.978449999999999520e-04 -9.636840000000000250e-04
5.131180000000000159e-04 -7.104540000000000117e-04
3.338489999999999947e-04 -3.996529999999999766e-04
9.510190000000000505e-05 -7.503930000000000506e-05
-1.604309999999999959e-04 2.885240000000000179e-04
-3.909720000000000101e-04 6.842210000000000479e-04
-5.552489999999999553e-04 1.009219999999999909e-03
-6.214579999999999714e-04 1.155610000000000057e-03
-5.844739999999999745e-04 1.084249999999999927e-03
-4.637360000000000202e-04 8.078059999999999971e-04
-2.795569999999999934e-04 3.628290000000000052e-04
-4.206169999999999744e-05 -1.855419999999999932e-04
2.302829999999999905e-04 -7.125000000000000257e-04
4.913229999999999984e-04 -1.079700000000000061e-03
6.789510000000000120e-04 -1.218569999999999983e-03
7.451660000000000141e-04 -1.140869999999999992e-03
6.711720000000000446e-04 -8.873110000000000025e-04
4.647629999999999817e-04 -5.045470000000000467e-04
1.596799999999999890e-04 -5.304569999999999934e-05
-1.845989999999999990e-04 4.234759999999999957e-04
-4.978269999999999484e-04 8.873839999999999593e-04
-7.202209999999999472e-04 1.242569999999999916e-03
-8.133759999999999862e-04 1.374110000000000002e-03
-7.631680000000000495e-04 1.228820000000000042e-03
-5.784409999999999595e-04 8.116160000000000301e-04
-2.845219999999999976e-04 1.828669999999999959e-04
8.007110000000000659e-05 -5.215900000000000527e-04
4.581920000000000068e-04 -1.106060000000000073e-03
7.738169999999999944e-04 -1.416680000000000023e-03
9.519529999999999572e-04 -1.440609999999999937e-03
9.456010000000000153e-04 -1.244040000000000076e-03
7.461969999999999844e-04 -8.545580000000000537e-04
3.816250000000000198e-04 -2.706709999999999975e-04
-8.128570000000000001e-05 4.243830000000000193e-04
-5.409530000000000501e-04 1.059260000000000019e-03
-8.924990000000000484e-04 1.482639999999999913e-03
-1.066499999999999957e-03 1.614039999999999963e-03
-1.037809999999999904e-03 1.434340000000000094e-03
-8.085110000000000387e-04 9.422729999999999821e-04
-4.025550000000000244e-04 1.957609999999999982e-04
1.168389999999999972e-04 -6.348839999999999475e-04
6.414230000000000148e-04 -1.329050000000000023e-03
1.047909999999999987e-03 -1.705249999999999952e-03
1.239880000000000062e-03 -1.693010000000000001e-03
1.169789999999999979e-03 -1.330570000000000103e-03
8.406270000000000409e-04 -6.968470000000000046e-04
3.071959999999999773e-04 8.475049999999999435e-05
-3.199540000000000066e-04 8.382040000000000541e-04
-8.936400000000000159e-04 1.433760000000000069e-03
-1.277890000000000059e-03 1.791370000000000028e-03
-1.387060000000000072e-03 1.807409999999999963e-03
-1.194090000000000082e-03 1.376150000000000029e-03
-7.293929999999999468e-04 5.350739999999999663e-04
-8.564800000000000397e-05 -4.644100000000000073e-04
5.953860000000000489e-04 -1.325840000000000005e-03
1.163490000000000097e-03 -1.852240000000000006e-03
1.495720000000000079e-03 -1.974989999999999819e-03
1.509270000000000056e-03 -1.691739999999999954e-03
1.172520000000000029e-03 -1.006160000000000084e-03
5.329679999999999834e-04 -4.276069999999999871e-05
-2.646099999999999754e-04 9.358440000000000205e-04
-1.016449999999999906e-03 1.690740000000000038e-03
-1.536650000000000082e-03 2.054900000000000129e-03
-1.704879999999999981e-03 1.910180000000000038e-03
-1.474559999999999977e-03 1.286739999999999976e-03
-8.816699999999999798e-04 3.749240000000000038e-04
-5.232390000000000229e-05 -6.194759999999999893e-04
8.189659999999999648e-04 -1.490030000000000044e-03
1.516570000000000071e-03 -2.034390000000000070e-03
1.859540000000000021e-03 -2.117350000000000048e-03
1.749759999999999944e-03 -1.660589999999999983e-03
1.198829999999999904e-03 -7.168559999999999819e-04
3.330550000000000155e-04 4.208069999999999844e-04
-6.321449999999999726e-04 1.389679999999999908e-03
-1.453780000000000003e-03 1.953120000000000030e-03
-1.926849999999999917e-03 2.024359999999999788e-03
-1.923669999999999937e-03 1.603990000000000016e-03
-1.417950000000000070e-03 7.477539999999999968e-04
-5.133120000000000347e-04 -3.119199999999999816e-04
5.546179999999999947e-04 -1.259659999999999903e-03
1.487500000000000107e-03 -1.869549999999999988e-03
2.031310000000000147e-03 -2.014639999999999834e-03
2.046370000000000047e-03 -1.656600000000000043e-03
1.527020000000000027e-03 -8.746850000000000458e-04
6.015970000000000475e-04 1.119939999999999987e-04
-4.899830000000000418e-04 1.072079999999999995e-03
-1.457259999999999936e-03 1.761039999999999958e-03
-2.037869999999999786e-03 1.938210000000000106e-03
-2.070740000000000167e-03 1.570240000000000091e-03
-1.547460000000000068e-03 8.266659999999999894e-04
-6.143140000000000276e-04 -6.611109999999999795e-05
4.780900000000000254e-04 -9.399280000000000308e-04
1.442020000000000021e-03 -1.593350000000000105e-03
2.013619999999999820e-03 -1.781459999999999901e-03
2.028100000000000128e-03 -1.485369999999999963e-03
1.490199999999999901e-03 -8.661300000000000032e-04
5.706930000000000466e-04 -9.093149999999999497e-05
-4.682250000000000105e-04 6.651959999999999514e-04
-1.350810000000000032e-03 1.230200000000000087e-03
-1.846619999999999989e-03 1.473879999999999895e-03
-1.829069999999999915e-03 1.361240000000000106e-03
-1.321300000000000079e-03 9.420319999999999822e-04
-4.888489999999999676e-04 3.140190000000000169e-04
4.226699999999999902e-04 -3.646990000000000128e-04
1.166579999999999961e-03 -9.274619999999999913e-04
1.561740000000000047e-03 -1.269479999999999914e-03
1.532179999999999957e-03 -1.303289999999999917e-03
1.113480000000000025e-03 -9.804889999999999699e-04
4.370870000000000115e-04 -4.067769999999999849e-04
-3.036679999999999935e-04 2.177889999999999980e-04
-9.126899999999999640e-04 7.513970000000000024e-04
-1.251160000000000076e-03 1.101490000000000108e-03
-1.261680000000000050e-03 1.182480000000000076e-03
-9.639829999999999623e-04 9.631099999999999861e-04
-4.474850000000000160e-04 4.985509999999999638e-04
1.455630000000000021e-04 -8.556319999999999421e-05
6.606169999999999534e-04 -6.287270000000000402e-04
9.787059999999999770e-04 -9.849189999999998987e-04
1.043199999999999987e-03 -1.069470000000000099e-03
8.599960000000000243e-04 -8.802519999999999876e-04
4.861819999999999879e-04 -4.877479999999999793e-04
1.694000000000000044e-05 -4.128810000000000031e-06
-4.328250000000000174e-04 4.473519999999999819e-04
-7.550080000000000463e-04 7.599949999999999631e-04
-8.764769999999999636e-04 8.688069999999999777e-04
-7.778940000000000030e-04 7.630789999999999492e-04
-4.962439999999999603e-04 4.835899999999999964e-04
-1.116240000000000006e-04 1.085650000000000016e-04
2.760419999999999974e-04 -2.680890000000000009e-04
5.731510000000000424e-04 -5.601500000000000359e-04
7.145539999999999487e-04 -7.067459999999999585e-04
6.766899999999999738e-04 -6.814749999999999627e-04
4.798320000000000233e-04 -4.954430000000000335e-04
1.804309999999999942e-04 -1.964299999999999879e-04
-1.440199999999999933e-04 1.387260000000000131e-04
-4.143829999999999931e-04 4.215719999999999949e-04
-5.691150000000000288e-04 5.796139999999999973e-04
-5.784100000000000135e-04 5.821510000000000443e-04
-4.492720000000000177e-04 4.445599999999999856e-04
-2.207389999999999884e-04 2.135299999999999969e-04
4.762940000000000175e-05 -5.055570000000000116e-05
2.900140000000000053e-04 -2.869300000000000192e-04
4.492640000000000002e-04 -4.440210000000000099e-04
4.906490000000000113e-04 -4.883459999999999624e-04
4.105719999999999986e-04 -4.127709999999999821e-04
2.362970000000000044e-04 -2.401600000000000045e-04
1.648319999999999831e-05 -1.815559999999999944e-05
-1.931889999999999964e-04 1.948069999999999934e-04
-3.439380000000000128e-04 3.467049999999999950e-04
-4.040809999999999823e-04 4.052500000000000113e-04
-3.646200000000000157e-04 3.634730000000000079e-04
-2.401229999999999912e-04 2.381770000000000068e-04
-6.472150000000000028e-05 6.388230000000000330e-05
1.165099999999999941e-04 -1.157249999999999940e-04
2.591189999999999835e-04 -2.577410000000000248e-04
3.306110000000000233e-04 -3.299880000000000261e-04
3.180839999999999991e-04 -3.186250000000000063e-04
2.300360000000000046e-04 -2.310260000000000070e-04
9.246629999999999932e-05 -9.292709999999999328e-05
-5.879069999999999939e-05 5.917220000000000243e-05
-1.870809999999999932e-04 1.877939999999999980e-04
-2.632889999999999927e-04 2.636240000000000089e-04
-2.721089999999999794e-04 2.718379999999999950e-04
-2.150680000000000083e-04 2.145589999999999900e-04
-1.095360000000000029e-04 1.092950000000000030e-04
1.621339999999999964e-05 -1.602400000000000108e-05
1.305760000000000048e-04 -1.302139999999999971e-04
2.066640000000000122e-04 -2.064900000000000101e-04
2.285769999999999903e-04 -2.287079999999999929e-04
1.944399999999999883e-04 -1.946980000000000119e-04
1.158340000000000026e-04 -1.159619999999999987e-04
1.416330000000000041e-05 -1.407189999999999990e-05
-8.495859999999999664e-05 8.514319999999999484e-05
-1.579630000000000053e-04 1.580560000000000060e-04
-1.888199999999999980e-04 1.887559999999999932e-04
-1.725230000000000014e-04 1.723910000000000102e-04
-1.157309999999999936e-04 1.156639999999999958e-04
