-3.613210000000000099e-08 7.155499999999999719e-07
-2.135619999999999902e-07 2.399810000000000152e-06
-6.068060000000000141e-07 3.712930000000000042e-06
-1.269730000000000081e-06 6.360139999999999723e-06
-2.620599999999999948e-06 1.595450000000000115e-05
-5.727760000000000197e-06 3.672000000000000079e-05
-1.183599999999999984e-05 6.467569999999999472e-05
-2.112460000000000100e-05 8.494619999999999656e-05
-3.170410000000000025e-05 8.508259999999999749e-05
-3.958739999999999980e-05 5.981430000000000091e-05
-3.919020000000000300e-05 7.553789999999999721e-06
-2.503329999999999968e-05 -5.898350000000000202e-05
4.617299999999999821e-06 -1.164119999999999961e-04
4.489160000000000231e-05 -1.523340000000000089e-04
8.560079999999999534e-05 -1.749280000000000030e-04
1.159080000000000022e-04 -1.993069999999999944e-04
1.288569999999999896e-04 -2.288910000000000011e-04
1.235429999999999927e-04 -2.512239999999999786e-04
1.043959999999999946e-04 -2.445880000000000103e-04
7.745120000000000140e-05 -1.868759999999999909e-04
4.569770000000000125e-05 -7.687490000000000490e-05
8.127839999999999756e-06 5.021570000000000103e-05
-3.640170000000000081e-05 1.536700000000000110e-04
-8.519470000000000612e-05 2.257150000000000031e-04
-1.310069999999999876e-04 2.795060000000000036e-04
-1.637990000000000084e-04 3.171970000000000193e-04
-1.745960000000000068e-04 3.310349999999999773e-04
-1.609070000000000097e-04 3.195979999999999850e-04
-1.293070000000000005e-04 2.914729999999999925e-04
-9.161260000000000442e-05 2.588679999999999887e-04
-5.765480000000000236e-05 2.214460000000000072e-04
-3.049920000000000099e-05 1.540660000000000120e-04
-7.008480000000000193e-06 3.939080000000000240e-05
1.775640000000000164e-05 -9.927170000000000026e-05
4.769060000000000042e-05 -2.315189999999999902e-04
8.625159999999999934e-05 -3.452940000000000046e-04
1.349450000000000031e-04 -4.321260000000000162e-04
1.880300000000000005e-04 -4.828860000000000248e-04
2.311319999999999954e-04 -4.947480000000000410e-04
2.483070000000000199e-04 -4.702150000000000101e-04
2.313829999999999902e-04 -4.145829999999999980e-04
1.830369999999999892e-04 -3.296810000000000170e-04
1.127860000000000006e-04 -2.138940000000000090e-04
3.196080000000000069e-05 -7.438930000000000282e-05
-4.864960000000000259e-05 7.898420000000000180e-05
-1.200570000000000061e-04 2.352219999999999919e-04
-1.759650000000000135e-04 3.700670000000000196e-04
-2.123319999999999993e-04 4.550050000000000253e-04
-2.267969999999999904e-04 4.829880000000000046e-04
-2.197359999999999982e-04 4.780599999999999867e-04
-1.954439999999999943e-04 4.644200000000000021e-04
-1.605669999999999960e-04 4.332399999999999923e-04
-1.206930000000000047e-04 3.546509999999999897e-04
-7.825230000000000293e-05 2.116449999999999972e-04
-3.281800000000000326e-05 3.213269999999999815e-05
1.726650000000000146e-05 -1.314029999999999886e-04
7.416280000000000084e-05 -2.731470000000000057e-04
1.394369999999999865e-04 -4.194550000000000015e-04
2.090320000000000004e-04 -5.580169999999999532e-04
2.696749999999999820e-04 -6.469050000000000277e-04
3.042639999999999993e-04 -6.450369999999999975e-04
3.008590000000000006e-04 -5.407349999999999787e-04
2.563679999999999822e-04 -3.810500000000000193e-04
1.748800000000000061e-04 -2.245410000000000038e-04
6.574060000000000548e-05 -8.280090000000000204e-05
-5.598640000000000322e-05 7.787340000000000559e-05
-1.699969999999999921e-04 2.828439999999999774e-04
-2.563299999999999802e-04 4.979099999999999542e-04
-3.041750000000000074e-04 6.541910000000000390e-04
-3.163519999999999961e-04 7.110589999999999966e-04
-3.035569999999999805e-04 6.790880000000000007e-04
-2.726679999999999989e-04 5.908089999999999739e-04
-2.212220000000000039e-04 4.618879999999999796e-04
-1.440579999999999953e-04 2.838539999999999965e-04
-4.355779999999999824e-05 4.279829999999999984e-05
6.894290000000000021e-05 -2.479749999999999966e-04
1.802669999999999869e-04 -5.254240000000000299e-04
2.804810000000000137e-04 -7.148000000000000274e-04
3.608549999999999865e-04 -7.914309999999999921e-04
4.089729999999999754e-04 -7.756560000000000017e-04
4.081919999999999841e-04 -6.922029999999999589e-04
3.455919999999999804e-04 -5.504760000000000469e-04
2.240929999999999973e-04 -3.560500000000000080e-04
6.588849999999999774e-05 -9.703340000000000511e-05
-9.892739999999999748e-05 2.239180000000000066e-04
-2.456059999999999927e-04 5.260930000000000467e-04
-3.584379999999999858e-04 7.344499999999999900e-04
-4.283310000000000025e-04 8.313910000000000093e-04
-4.489469999999999962e-04 8.319749999999999888e-04
-4.152159999999999900e-04 7.626539999999999795e-04
-3.273710000000000205e-04 6.277599999999999934e-04
-1.963009999999999896e-04 4.048939999999999896e-04
-4.263250000000000221e-05 8.548000000000000151e-05
1.126030000000000059e-04 -3.078539999999999836e-04
2.575489999999999832e-04 -7.028750000000000492e-04
3.861070000000000084e-04 -9.613329999999999792e-04
4.849419999999999794e-04 -1.006670000000000091e-03
5.294100000000000151e-04 -8.819049999999999936e-04
4.937980000000000451e-04 -6.735680000000000400e-04
3.670480000000000270e-04 -4.402289999999999892e-04
1.633559999999999993e-04 -1.605090000000000043e-04
-7.859580000000000396e-05 1.916909999999999914e-04
-3.068769999999999961e-04 5.545139999999999835e-04
-4.759070000000000227e-04 8.505130000000000069e-04
-5.652009999999999847e-04 1.039729999999999994e-03
-5.781579999999999489e-04 1.073649999999999995e-03
-5.221130000000000475e-04 9.262030000000000089e-04
-3.958330000000000030e-04 5.997980000000000195e-04
-1.984470000000000060e-04 1.394099999999999951e-04
5.244219999999999741e-05 -3.448190000000000066e-04
3.170839999999999748e-04 -7.800349999999999949e-04
5.479439999999999701e-04 -1.103709999999999934e-03
7.019339999999999781e-04 -1.232819999999999923e-03
7.446160000000000279e-04 -1.139229999999999974e-03
6.573279999999999922e-04 -8.688850000000000132e-04
4.482199999999999878e-04 -5.153780000000000383e-04
1.553030000000000003e-04 -1.321399999999999918e-04
-1.654290000000000046e-04 2.994830000000000192e-04
-4.566940000000000019e-04 7.673989999999999891e-04
-6.695120000000000368e-04 1.157349999999999915e-03
-7.699780000000000469e-04 1.345630000000000003e-03
-7.477220000000000351e-04 1.283309999999999963e-03
-6.149680000000000250e-04 9.826990000000000725e-04
-3.919169999999999815e-04 4.836050000000000158e-04
-9.667380000000000266e-05 -1.438119999999999980e-04
2.443049999999999996e-04 -7.627559999999999592e-04
5.790889999999999710e-04 -1.215340000000000083e-03
8.345989999999999963e-04 -1.415239999999999901e-03
9.445140000000000306e-04 -1.365529999999999999e-03
8.750799999999999768e-04 -1.104149999999999923e-03
6.325029999999999715e-04 -6.763659999999999681e-04
2.595979999999999902e-04 -1.465670000000000080e-04
-1.716169999999999935e-04 4.283520000000000079e-04
-5.760729999999999714e-04 9.932000000000000724e-04
-8.772920000000000024e-04 1.435450000000000007e-03
-1.023009999999999978e-03 1.624369999999999981e-03
-9.909409999999999573e-04 1.492669999999999978e-03
-7.862290000000000511e-04 1.038770000000000058e-03
-4.348390000000000154e-04 3.272670000000000093e-04
1.834820000000000163e-05 -4.920550000000000314e-04
5.040630000000000154e-04 -1.201569999999999895e-03
9.285129999999999512e-04 -1.621400000000000055e-03
1.193190000000000006e-03 -1.717180000000000008e-03
1.227479999999999977e-03 -1.544079999999999975e-03
1.010999999999999963e-03 -1.125979999999999950e-03
5.770719999999999799e-04 -4.610770000000000038e-04
7.389600000000000366e-06 3.587449999999999949e-04
-5.803660000000000199e-04 1.138509999999999913e-03
-1.060909999999999978e-03 1.695370000000000080e-03
-1.337029999999999903e-03 1.922270000000000012e-03
-1.358100000000000106e-03 1.782399999999999957e-03
-1.115850000000000045e-03 1.263180000000000032e-03
-6.385470000000000512e-04 4.209460000000000046e-04
4.666239999999999834e-07 -5.579860000000000072e-04
6.778179999999999535e-04 -1.420760000000000078e-03
1.242830000000000107e-03 -1.949849999999999934e-03
1.561160000000000022e-03 -2.045019999999999824e-03
1.551770000000000059e-03 -1.722860000000000103e-03
1.202359999999999974e-03 -1.049969999999999896e-03
5.716970000000000255e-04 -1.524510000000000079e-04
-2.123419999999999941e-04 7.710619999999999844e-04
-9.732659999999999749e-04 1.554720000000000104e-03
-1.534280000000000062e-03 2.082049999999999786e-03
-1.768910000000000057e-03 2.217069999999999805e-03
-1.624559999999999936e-03 1.823879999999999946e-03
-1.123269999999999998e-03 9.207930000000000455e-04
-3.590910000000000217e-04 -2.322589999999999865e-04
5.119439999999999625e-04 -1.301560000000000000e-03
1.302180000000000004e-03 -2.042870000000000016e-03
1.833870000000000031e-03 -2.345380000000000208e-03
1.975170000000000051e-03 -2.170650000000000097e-03
1.667690000000000101e-03 -1.493259999999999943e-03
9.523560000000000142e-04 -4.275099999999999777e-04
-1.804429999999999934e-05 7.436110000000000332e-04
-1.010199999999999943e-03 1.737210000000000100e-03
-1.782949999999999943e-03 2.335859999999999933e-03
-2.152770000000000031e-03 2.371349999999999934e-03
-2.025809999999999850e-03 1.828229999999999916e-03
-1.414120000000000047e-03 8.723249999999999667e-04
-4.428610000000000142e-04 -2.812840000000000262e-04
6.667280000000000038e-04 -1.389929999999999942e-03
1.645519999999999925e-03 -2.200890000000000051e-03
2.246489999999999859e-03 -2.521789999999999882e-03
2.311609999999999967e-03 -2.217359999999999817e-03
1.811340000000000042e-03 -1.297320000000000027e-03
8.543939999999999651e-04 -4.402829999999999992e-05
-3.319880000000000205e-04 1.150640000000000083e-03
-1.456299999999999999e-03 1.994779999999999817e-03
-2.236650000000000183e-03 2.339169999999999791e-03
-2.467369999999999980e-03 2.123569999999999972e-03
-2.067869999999999864e-03 1.351640000000000090e-03
-1.116629999999999966e-03 2.301620000000000098e-04
1.465399999999999895e-04 -9.100300000000000403e-04
1.381749999999999949e-03 -1.794840000000000020e-03
2.257550000000000095e-03 -2.235260000000000198e-03
2.547530000000000107e-03 -2.125839999999999935e-03
2.180300000000000033e-03 -1.482470000000000055e-03
1.250559999999999953e-03 -4.858269999999999820e-04
-2.260149999999999867e-06 6.299380000000000257e-04
-1.251830000000000000e-03 1.580589999999999990e-03
-2.167549999999999859e-03 2.061690000000000137e-03
-2.504230000000000084e-03 1.966160000000000217e-03
-2.175330000000000059e-03 1.398579999999999962e-03
-1.277759999999999964e-03 5.447069999999999603e-04
-5.704149999999999927e-05 -4.376949999999999895e-04
1.162719999999999899e-03 -1.323890000000000093e-03
2.055879999999999947e-03 -1.810149999999999954e-03
2.381429999999999918e-03 -1.799929999999999933e-03
2.063789999999999809e-03 -1.387280000000000067e-03
1.215600000000000057e-03 -6.956430000000000209e-04
8.774739999999999949e-05 1.206170000000000007e-04
-1.012309999999999989e-03 8.787789999999999968e-04
-1.798949999999999898e-03 1.400079999999999944e-03
-2.078469999999999797e-03 1.577709999999999963e-03
-1.802720000000000060e-03 1.392159999999999925e-03
-1.080409999999999964e-03 8.893300000000000250e-04
-1.346370000000000054e-04 1.983959999999999890e-04
7.726330000000000003e-04 -5.121970000000000429e-04
1.417199999999999970e-03 -1.101399999999999992e-03
1.664590000000000080e-03 -1.419600000000000029e-03
1.487849999999999980e-03 -1.347270000000000021e-03
9.624710000000000079e-04 -9.300040000000000086e-04
2.448349999999999962e-04 -3.347790000000000011e-04
-4.731860000000000059e-04 2.995350000000000248e-04
-1.021240000000000082e-03 8.568929999999999559e-04
-1.288819999999999983e-03 1.202960000000000097e-03
-1.237569999999999903e-03 1.239789999999999946e-03
-9.018140000000000227e-04 9.583610000000000219e-04
-3.797669999999999844e-04 4.425890000000000141e-04
1.925700000000000079e-04 -1.593079999999999865e-04
6.802340000000000469e-04 -6.853830000000000209e-04
9.821400000000000529e-04 -1.009350000000000004e-03
1.046150000000000031e-03 -1.069450000000000001e-03
8.712190000000000082e-04 -8.745909999999999752e-04
5.054260000000000089e-04 -4.910469999999999896e-04
3.907820000000000136e-05 -2.173140000000000000e-05
-4.137769999999999925e-04 4.195779999999999866e-04
-7.449950000000000322e-04 7.357909999999999624e-04
-8.819809999999999976e-04 8.653450000000000031e-04
-8.046410000000000368e-04 7.912670000000000120e-04
-5.453670000000000522e-04 5.424470000000000463e-04
-1.761710000000000045e-04 1.846399999999999940e-04
2.110339999999999991e-04 -1.971630000000000095e-04
5.264280000000000088e-04 -5.177439999999999950e-04
7.023720000000000440e-04 -7.072079999999999686e-04
7.072460000000000248e-04 -7.242169999999999814e-04
5.501679999999999678e-04 -5.678429999999999502e-04
2.763150000000000133e-04 -2.821680000000000130e-04
-4.524340000000000122e-05 5.329770000000000303e-05
-3.382999999999999831e-04 3.499819999999999841e-04
-5.372390000000000108e-04 5.412769999999999474e-04
-6.015709999999999634e-04 5.962320000000000337e-04
-5.236979999999999587e-04 5.158069999999999626e-04
-3.288510000000000131e-04 3.257940000000000185e-04
-6.814960000000000223e-05 7.152230000000000469e-05
1.939259999999999996e-04 -1.883499999999999975e-04
3.955920000000000031e-04 -3.931019999999999914e-04
4.932110000000000183e-04 -4.954309999999999530e-04
4.709979999999999787e-04 -4.751019999999999788e-04
3.421860000000000201e-04 -3.441459999999999810e-04
1.429140000000000076e-04 -1.413359999999999899e-04
-7.771590000000000583e-05 8.074700000000000464e-05
-2.686359999999999941e-04 2.700800000000000162e-04
-3.875910000000000097e-04 3.864350000000000228e-04
-4.104050000000000254e-04 4.082180000000000140e-04
-3.365020000000000251e-04 3.354780000000000023e-04
-1.884710000000000053e-04 1.892960000000000118e-04
-5.384399999999999642e-06 6.929170000000000101e-06
1.679229999999999980e-04 -1.671929999999999966e-04
2.920740000000000228e-04 -2.926380000000000127e-04
3.417590000000000189e-04 -3.428440000000000263e-04
3.101910000000000257e-04 -3.107270000000000084e-04
2.092270000000000078e-04 -2.088500000000000079e-04
6.570710000000000656e-05 -6.493680000000000480e-05
-8.513670000000000092e-05 8.553789999999999972e-05
-2.080069999999999890e-04 2.077539999999999899e-04
-2.758179999999999942e-04 2.752650000000000149e-04
-2.758330000000000135e-04 2.755330000000000062e-04
-2.119900000000000083e-04 2.121640000000000104e-04
-1.029220000000000015e-04 1.033209999999999955e-04
2.345879999999999976e-05 -2.323850000000000121e-05
1.370699999999999870e-04 -1.371909999999999948e-04
2.126159999999999986e-04 -2.129009999999999865e-04
2.349440000000000057e-04 -2.351040000000000042e-04
2.018780000000000075e-04 -2.017940000000000131e-04
1.240679999999999919e-04 -1.238640000000000053e-04
2.195229999999999987e-05 -2.183599999999999897e-05
-7.946479999999999852e-05 7.940759999999999507e-05
-1.567179999999999994e-04 1.565740000000000090e-04
-1.933129999999999972e-04 1.932279999999999870e-04
