-2.938019999999999993e-08 7.258149999999999914e-07
-1.853899999999999945e-07 2.453170000000000096e-06
-5.698380000000000234e-07 3.838429999999999941e-06
-1.266349999999999954e-06 6.580389999999999859e-06
-2.621899999999999834e-06 1.641059999999999836e-05
-5.605890000000000126e-06 3.779560000000000114e-05
-1.162700000000000066e-05 6.686899999999999962e-05
-2.140120000000000103e-05 8.848349999999999401e-05
-3.347270000000000226e-05 8.965719999999999940e-05
-4.351240000000000034e-05 6.468929999999999743e-05
-4.486640000000000127e-05 1.166230000000000013e-05
-3.089409999999999953e-05 -5.704419999999999841e-05
9.208359999999999746e-07 -1.180110000000000057e-04
4.567900000000000091e-05 -1.581909999999999903e-04
9.188770000000000455e-05 -1.849900000000000025e-04
1.265489999999999974e-04 -2.130900000000000079e-04
1.412130000000000048e-04 -2.455380000000000063e-04
1.352609999999999913e-04 -2.692260000000000139e-04
1.145829999999999971e-04 -2.618200000000000106e-04
8.635789999999999526e-05 -2.010550000000000054e-04
5.349029999999999844e-05 -8.592279999999999666e-05
1.371900000000000028e-05 4.786239999999999765e-05
-3.548579999999999828e-05 1.586600000000000022e-04
-9.123219999999999702e-05 2.378419999999999905e-04
-1.439719999999999965e-04 2.981699999999999997e-04
-1.811709999999999905e-04 3.411789999999999940e-04
-1.932600000000000030e-04 3.577210000000000264e-04
-1.785959999999999956e-04 3.453299999999999751e-04
-1.442399999999999878e-04 3.132489999999999819e-04
-1.018790000000000049e-04 2.755049999999999990e-04
-6.200569999999999487e-05 2.329630000000000123e-04
-2.978439999999999896e-05 1.602479999999999877e-04
-4.067189999999999933e-06 3.933130000000000068e-05
2.053849999999999995e-05 -1.060659999999999972e-04
5.064139999999999934e-05 -2.442500000000000010e-04
9.169010000000000495e-05 -3.628889999999999742e-04
1.447110000000000041e-04 -4.545129999999999765e-04
2.024189999999999876e-04 -5.101969999999999943e-04
2.494470000000000259e-04 -5.255810000000000082e-04
2.691190000000000097e-04 -5.015500000000000210e-04
2.521919999999999869e-04 -4.432990000000000259e-04
2.006750000000000124e-04 -3.534589999999999781e-04
1.247830000000000011e-04 -2.307230000000000066e-04
3.733679999999999801e-05 -8.219909999999999706e-05
-4.990779999999999674e-05 8.160819999999999565e-05
-1.276729999999999955e-04 2.483159999999999990e-04
-1.893979999999999915e-04 3.924010000000000128e-04
-2.306710000000000010e-04 4.844140000000000143e-04
-2.486899999999999788e-04 5.165499999999999519e-04
-2.429859999999999941e-04 5.126529999999999586e-04
-2.168729999999999953e-04 4.974649999999999949e-04
-1.773029999999999929e-04 4.626119999999999950e-04
-1.320340000000000034e-04 3.779009999999999856e-04
-8.564789999999999697e-05 2.260220000000000122e-04
-3.738059999999999918e-05 3.586390000000000064e-05
1.696089999999999883e-05 -1.380590000000000007e-04
8.082439999999999818e-05 -2.889230000000000118e-04
1.536019999999999974e-04 -4.441410000000000019e-04
2.284049999999999926e-04 -5.920440000000000121e-04
2.922259999999999767e-04 -6.884309999999999822e-04
3.300929999999999988e-04 -6.888909999999999608e-04
3.299290000000000187e-04 -5.808070000000000246e-04
2.851719999999999863e-04 -4.130709999999999894e-04
1.965210000000000112e-04 -2.463589999999999769e-04
7.409749999999999995e-05 -9.268769999999999689e-05
-6.199280000000000047e-05 8.215040000000000547e-05
-1.863439999999999899e-04 3.027080000000000027e-04
-2.780020000000000126e-04 5.318750000000000127e-04
-3.290289999999999968e-04 6.975640000000000182e-04
-3.447489999999999886e-04 7.581600000000000188e-04
-3.348599999999999754e-04 7.256460000000000384e-04
-3.032140000000000009e-04 6.339209999999999637e-04
-2.460769999999999819e-04 4.981220000000000396e-04
-1.601019999999999928e-04 3.084550000000000139e-04
-5.041070000000000170e-05 5.120430000000000034e-05
7.063790000000000346e-05 -2.581689999999999875e-04
1.911019999999999874e-04 -5.538090000000000504e-04
3.027080000000000027e-04 -7.585429999999999777e-04
3.959219999999999949e-04 -8.460499999999999922e-04
4.540899999999999841e-04 -8.357110000000000493e-04
4.557159999999999987e-04 -7.513170000000000438e-04
3.863189999999999853e-04 -6.011630000000000446e-04
2.512519999999999858e-04 -3.908130000000000002e-04
7.674959999999999443e-05 -1.103729999999999951e-04
-1.038849999999999989e-04 2.345089999999999870e-04
-2.650449999999999941e-04 5.598099999999999951e-04
-3.918090000000000158e-04 7.868299999999999730e-04
-4.741340000000000246e-04 8.953500000000000521e-04
-5.016089999999999742e-04 8.998619999999999709e-04
-4.653559999999999945e-04 8.271119999999999644e-04
-3.660860000000000047e-04 6.813280000000000334e-04
-2.193049999999999882e-04 4.401639999999999958e-04
-5.033910000000000056e-05 9.666450000000000259e-05
1.183860000000000012e-04 -3.233210000000000034e-04
2.766010000000000170e-04 -7.441319999999999966e-04
4.203780000000000060e-04 -1.024029999999999992e-03
5.360750000000000064e-04 -1.082569999999999930e-03
5.936570000000000388e-04 -9.603219999999999985e-04
5.591640000000000152e-04 -7.440660000000000416e-04
4.175469999999999919e-04 -4.936370000000000037e-04
1.877779999999999901e-04 -1.882789999999999909e-04
-8.183070000000000242e-05 1.966150000000000005e-04
-3.333820000000000143e-04 5.937409999999999520e-04
-5.214749999999999767e-04 9.175789999999999641e-04
-6.260190000000000112e-04 1.123379999999999995e-03
-6.472230000000000474e-04 1.162760000000000096e-03
-5.891880000000000381e-04 1.010030000000000086e-03
-4.510100000000000068e-04 6.658649999999999682e-04
-2.341769999999999909e-04 1.747150000000000103e-04
4.248919999999999970e-05 -3.486520000000000222e-04
3.380130000000000179e-04 -8.235929999999999597e-04
6.002890000000000526e-04 -1.181500000000000042e-03
7.796119999999999483e-04 -1.334899999999999975e-03
8.364860000000000004e-04 -1.250529999999999914e-03
7.487629999999999460e-04 -9.704450000000000099e-04
5.216549999999999920e-04 -5.896919999999999506e-04
1.938639999999999992e-04 -1.677380000000000125e-04
-1.702519999999999956e-04 3.082380000000000124e-04
-5.007240000000000258e-04 8.217629999999999857e-04
-7.410780000000000492e-04 1.251780000000000080e-03
-8.583310000000000462e-04 1.464989999999999999e-03
-8.440400000000000029e-04 1.406389999999999984e-03
-7.073230000000000446e-04 1.089439999999999896e-03
-4.642809999999999819e-04 5.579720000000000036e-04
-1.344299999999999987e-04 -1.154150000000000054e-04
2.497530000000000193e-04 -7.899639999999999874e-04
6.305090000000000174e-04 -1.297610000000000039e-03
9.286999999999999682e-04 -1.538819999999999988e-03
1.068289999999999951e-03 -1.508220000000000003e-03
1.004810000000000078e-03 -1.241979999999999950e-03
7.404850000000000364e-04 -7.862089999999999530e-04
3.236690000000000075e-04 -2.075120000000000014e-04
-1.630659999999999868e-04 4.304679999999999856e-04
-6.238539999999999667e-04 1.060820000000000079e-03
-9.729610000000000515e-04 1.558130000000000018e-03
-1.151120000000000051e-03 1.781159999999999948e-03
-1.131319999999999895e-03 1.656289999999999932e-03
-9.160639999999999625e-04 1.180059999999999920e-03
-5.313199999999999477e-04 4.192609999999999826e-04
-2.525399999999999910e-05 -4.698039999999999898e-04
5.265919999999999889e-04 -1.257440000000000077e-03
1.020569999999999941e-03 -1.747529999999999960e-03
1.343189999999999966e-03 -1.891059999999999963e-03
1.406549999999999901e-03 -1.734869999999999902e-03
1.180059999999999920e-03 -1.299739999999999967e-03
7.008640000000000442e-04 -5.834479999999999745e-04
6.356159999999999805e-05 3.165050000000000198e-04
-6.021439999999999865e-04 1.189109999999999950e-03
-1.161109999999999920e-03 1.829810000000000074e-03
-1.502480000000000048e-03 2.114679999999999858e-03
-1.558640000000000025e-03 1.998390000000000062e-03
-1.310579999999999991e-03 1.463700000000000070e-03
-7.883169999999999674e-04 5.645799999999999647e-04
-7.470339999999999359e-05 -5.062110000000000090e-04
6.959450000000000055e-04 -1.476340000000000031e-03
1.358950000000000045e-03 -2.102820000000000036e-03
1.759039999999999909e-03 -2.264959999999999890e-03
1.792030000000000012e-03 -1.967659999999999982e-03
1.431790000000000059e-03 -1.271659999999999978e-03
7.391620000000000221e-04 -3.031649999999999883e-04
-1.440029999999999967e-04 7.276980000000000384e-04
-1.021210000000000043e-03 1.631539999999999900e-03
-1.691379999999999923e-03 2.265259999999999843e-03
-2.003510000000000013e-03 2.471500000000000172e-03
-1.888920000000000095e-03 2.098839999999999820e-03
-1.365609999999999958e-03 1.156930000000000024e-03
-5.303190000000000161e-04 -8.943450000000000575e-05
4.539160000000000091e-04 -1.285420000000000009e-03
1.380949999999999929e-03 -2.158189999999999935e-03
2.039950000000000010e-03 -2.571009999999999875e-03
2.263489999999999946e-03 -2.464009999999999985e-03
1.972849999999999951e-03 -1.793440000000000095e-03
1.208359999999999903e-03 -6.649120000000000334e-04
1.332890000000000040e-04 6.269070000000000068e-04
-1.001860000000000034e-03 1.768720000000000101e-03
-1.927600000000000017e-03 2.508629999999999974e-03
-2.423259999999999997e-03 2.649659999999999863e-03
-2.362239999999999826e-03 2.153529999999999854e-03
-1.739099999999999934e-03 1.172089999999999981e-03
-6.799930000000000471e-04 -7.735949999999999684e-05
5.748399999999999647e-04 -1.331609999999999999e-03
1.722989999999999982e-03 -2.304449999999999988e-03
2.477800000000000055e-03 -2.766189999999999968e-03
2.645810000000000176e-03 -2.548550000000000121e-03
2.174580000000000176e-03 -1.638829999999999974e-03
1.164209999999999941e-03 -3.149520000000000162e-04
-1.518760000000000075e-04 1.013769999999999992e-03
-1.456419999999999937e-03 2.022710000000000046e-03
-2.421829999999999816e-03 2.525850000000000057e-03
-2.791559999999999788e-03 2.427850000000000060e-03
-2.449840000000000004e-03 1.702119999999999892e-03
-1.464280000000000095e-03 5.399520000000000101e-04
-8.343989999999999372e-05 -7.175039999999999933e-04
1.326989999999999897e-03 -1.763580000000000052e-03
2.392860000000000126e-03 -2.369640000000000114e-03
2.838010000000000185e-03 -2.393660000000000145e-03
2.551920000000000056e-03 -1.820690000000000025e-03
1.611830000000000077e-03 -8.124760000000000185e-04
2.619079999999999867e-04 3.949910000000000270e-04
-1.147629999999999961e-03 1.493449999999999899e-03
-2.248040000000000194e-03 2.139610000000000123e-03
-2.748640000000000111e-03 2.185129999999999972e-03
-2.519879999999999950e-03 1.702909999999999971e-03
-1.632100000000000044e-03 8.617769999999999857e-04
-3.320889999999999845e-04 -1.832179999999999931e-04
1.029430000000000015e-03 -1.194160000000000100e-03
2.089970000000000022e-03 -1.835000000000000043e-03
2.570939999999999857e-03 -1.966579999999999891e-03
2.359459999999999856e-03 -1.649150000000000052e-03
1.539699999999999966e-03 -9.898190000000000720e-04
3.578950000000000013e-04 -1.391859999999999918e-04
-8.570739999999999869e-04 7.130119999999999557e-04
-1.785670000000000052e-03 1.365990000000000086e-03
-2.200989999999999891e-03 1.678660000000000005e-03
-2.026589999999999989e-03 1.598110000000000025e-03
-1.350220000000000066e-03 1.148759999999999972e-03
-3.868790000000000206e-04 4.520400000000000156e-04
5.933979999999999724e-04 -3.199960000000000174e-04
1.345550000000000045e-03 -1.012499999999999945e-03
1.709559999999999943e-03 -1.452369999999999920e-03
1.635310000000000062e-03 -1.490500000000000071e-03
1.178879999999999989e-03 -1.146179999999999899e-03
4.810139999999999859e-04 -5.727069999999999904e-04
-2.720670000000000228e-04 9.198119999999999951e-05
-8.996180000000000322e-04 7.248590000000000068e-04
-1.269380000000000074e-03 1.176540000000000008e-03
-1.320479999999999961e-03 1.324270000000000004e-03
-1.068160000000000073e-03 1.130860000000000025e-03
-5.935930000000000069e-04 6.598640000000000234e-04
-1.995279999999999978e-05 5.223269999999999882e-05
5.194999999999999965e-04 -5.264309999999999476e-04
9.108729999999999778e-04 -9.381469999999999610e-04
1.079150000000000074e-03 -1.101889999999999901e-03
9.982660000000000405e-04 -1.001939999999999992e-03
6.951499999999999563e-04 -6.812660000000000330e-04
2.463189999999999976e-04 -2.285260000000000004e-04
-2.377190000000000054e-04 2.443780000000000106e-04
-6.405430000000000368e-04 6.312639999999999788e-04
-8.713879999999999586e-04 8.536839999999999533e-04
-8.874389999999999579e-04 8.732259999999999502e-04
-6.997820000000000299e-04 6.969829999999999776e-04
-3.649090000000000124e-04 3.739850000000000184e-04
3.220560000000000214e-05 -1.791879999999999859e-05
3.985230000000000196e-04 -3.897050000000000102e-04
6.535440000000000433e-04 -6.584499999999999858e-04
7.464849999999999654e-04 -7.639240000000000266e-04
6.660239999999999780e-04 -6.845650000000000433e-04
4.403009999999999845e-04 -4.467610000000000006e-04
1.280099999999999890e-04 -1.196519999999999989e-04
-1.962560000000000129e-04 2.088220000000000007e-04
-4.589220000000000083e-04 4.633630000000000019e-04
-6.034799999999999887e-04 5.976170000000000484e-04
-6.025889999999999459e-04 5.939749999999999501e-04
-4.635749999999999788e-04 4.604769999999999892e-04
-2.257600000000000069e-04 2.297020000000000040e-04
5.015760000000000238e-05 -4.417589999999999831e-05
2.980729999999999903e-04 -2.957549999999999762e-04
4.630050000000000029e-04 -4.656409999999999824e-04
5.131569999999999795e-04 -5.174189999999999736e-04
4.447739999999999940e-04 -4.465539999999999939e-04
2.801960000000000258e-04 -2.783829999999999942e-04
6.125760000000000113e-05 -5.816140000000000188e-05
-1.602049999999999883e-04 1.615499999999999966e-04
-3.336670000000000022e-04 3.323719999999999951e-04
-4.214479999999999941e-04 4.191889999999999874e-04
-4.076099999999999819e-04 4.066300000000000014e-04
-3.011460000000000200e-04 3.020909999999999915e-04
-1.322809999999999893e-04 1.339129999999999899e-04
5.647780000000000329e-05 -5.578309999999999790e-05
2.212449999999999866e-04 -2.219330000000000044e-04
3.265319999999999833e-04 -3.276959999999999877e-04
3.521479999999999901e-04 -3.526350000000000144e-04
2.965840000000000186e-04 -2.960920000000000240e-04
1.765670000000000054e-04 -1.757440000000000033e-04
2.275259999999999964e-05 -2.240899999999999839e-05
-1.278100000000000113e-04 1.274650000000000002e-04
-2.406990000000000073e-04 2.401179999999999938e-04
-2.921789999999999956e-04 2.919320000000000096e-04
-2.741399999999999740e-04 2.743800000000000123e-04
-1.948700000000000096e-04 1.952819999999999914e-04
-7.597009999999999961e-05 7.615030000000000171e-05
5.339519999999999998e-05 -5.356220000000000024e-05
1.634100000000000092e-04 -1.637049999999999920e-04
2.302220000000000058e-04 -2.303539999999999971e-04
2.409810000000000023e-04 -2.408629999999999875e-04
1.962549999999999972e-04 -1.960440000000000088e-04
1.092960000000000052e-04 -1.091999999999999980e-04
2.333919999999999924e-06 -2.417300000000000132e-06
-9.907510000000000286e-05 9.892340000000000226e-05
-1.721500000000000103e-04 1.720810000000000080e-04
