-4.077320000000000143e-08 7.020939999999999605e-07
-2.302650000000000042e-07 2.330189999999999877e-06
-6.180739999999999797e-07 3.550749999999999843e-06
-1.239359999999999896e-06 6.081299999999999695e-06
-2.566209999999999948e-06 1.538769999999999838e-05
-5.701189999999999874e-06 3.538520000000000131e-05
-1.170229999999999975e-05 6.194859999999999841e-05
-2.035729999999999905e-05 8.058370000000000572e-05
-2.958509999999999902e-05 7.961879999999999739e-05
-3.577480000000000178e-05 5.442359999999999846e-05
-3.409340000000000124e-05 3.720590000000000151e-06
-1.982589999999999936e-05 -5.979429999999999771e-05
8.093610000000000593e-06 -1.133420000000000000e-04
4.458629999999999695e-05 -1.455039999999999947e-04
8.030240000000000555e-05 -1.648599999999999903e-04
1.060359999999999992e-04 -1.860320000000000105e-04
1.160750000000000025e-04 -2.120520000000000087e-04
1.096720000000000030e-04 -2.311670000000000044e-04
9.080570000000000373e-05 -2.232090000000000105e-04
6.516460000000000286e-05 -1.675969999999999880e-04
3.572389999999999859e-05 -6.386270000000000098e-05
1.894840000000000098e-06 5.364549999999999993e-05
-3.690439999999999855e-05 1.467259999999999908e-04
-7.831000000000000070e-05 2.100430000000000081e-04
-1.167490000000000032e-04 2.573399999999999993e-04
-1.440219999999999977e-04 2.902410000000000016e-04
-1.520410000000000034e-04 3.011719999999999957e-04
-1.386249999999999950e-04 2.896229999999999746e-04
-1.105639999999999938e-04 2.645260000000000081e-04
-7.910459999999999475e-05 2.374130000000000120e-04
-5.221830000000000113e-05 2.068740000000000119e-04
-3.075419999999999771e-05 1.471099999999999925e-04
-1.062589999999999935e-05 4.068510000000000117e-05
1.218569999999999922e-05 -8.948410000000000608e-05
4.010849999999999724e-05 -2.140680000000000111e-04
7.629830000000000097e-05 -3.217820000000000034e-04
1.227579999999999926e-04 -4.041830000000000162e-04
1.735639999999999937e-04 -4.521980000000000097e-04
2.138010000000000084e-04 -4.631799999999999936e-04
2.281899999999999955e-04 -4.392779999999999775e-04
2.103089999999999951e-04 -3.852470000000000200e-04
1.638660000000000062e-04 -3.032810000000000258e-04
9.786669999999999593e-05 -1.929959999999999933e-04
2.271549999999999961e-05 -6.219999999999999401e-05
-5.110509999999999966e-05 8.003899999999999719e-05
-1.147749999999999980e-04 2.240300000000000082e-04
-1.626499999999999962e-04 3.466839999999999896e-04
-1.915580000000000115e-04 4.210959999999999812e-04
-2.000960000000000032e-04 4.422510000000000048e-04
-1.900310000000000107e-04 4.351350000000000140e-04
-1.669390000000000088e-04 4.230850000000000192e-04
-1.371570000000000016e-04 3.962360000000000057e-04
-1.042570000000000015e-04 3.251129999999999754e-04
-6.884699999999999999e-05 1.936340000000000099e-04
-3.037060000000000023e-05 2.894310000000000077e-05
1.211600000000000055e-05 -1.195380000000000064e-04
6.126790000000000339e-05 -2.489659999999999877e-04
1.204659999999999949e-04 -3.860180000000000165e-04
1.863129999999999897e-04 -5.173050000000000218e-04
2.441180000000000097e-04 -6.012409999999999716e-04
2.759050000000000087e-04 -5.984160000000000521e-04
2.712869999999999930e-04 -4.983210000000000287e-04
2.295110000000000054e-04 -3.476279999999999995e-04
1.552769999999999975e-04 -2.029529999999999930e-04
5.635110000000000330e-05 -7.363260000000000378e-05
-5.449620000000000180e-05 7.476860000000000103e-05
-1.584020000000000057e-04 2.664930000000000250e-04
-2.356899999999999881e-04 4.665900000000000169e-04
-2.756069999999999787e-04 6.082260000000000140e-04
-2.818240000000000176e-04 6.549420000000000458e-04
-2.664499999999999985e-04 6.204280000000000168e-04
-2.370489999999999999e-04 5.372419999999999496e-04
-1.906540000000000079e-04 4.189439999999999787e-04
-1.214280000000000036e-04 2.551230000000000034e-04
-3.165399999999999882e-05 3.144280000000000328e-05
6.753450000000000197e-05 -2.384119999999999935e-04
1.640570000000000049e-04 -4.926260000000000231e-04
2.497530000000000193e-04 -6.608529999999999830e-04
3.179999999999999776e-04 -7.238420000000000401e-04
3.586519999999999942e-04 -7.044370000000000319e-04
3.567859999999999955e-04 -6.260989999999999698e-04
3.000139999999999773e-04 -4.958060000000000028e-04
1.908799999999999885e-04 -3.177279999999999775e-04
5.029529999999999938e-05 -7.977350000000000456e-05
-9.438310000000000102e-05 2.153450000000000058e-04
-2.215669999999999879e-04 4.892839999999999863e-04
-3.176690000000000243e-04 6.730669999999999579e-04
-3.753580000000000068e-04 7.550659999999999837e-04
-3.903849999999999833e-04 7.520849999999999931e-04
-3.589490000000000085e-04 6.886639999999999645e-04
-2.807859999999999913e-04 5.668049999999999781e-04
-1.650680000000000127e-04 3.633220000000000156e-04
-3.038259999999999943e-05 6.972410000000000554e-05
1.044649999999999968e-04 -2.922949999999999789e-04
2.298980000000000001e-04 -6.539539999999999936e-04
3.410719999999999898e-04 -8.839720000000000130e-04
4.252400000000000147e-04 -9.141390000000000106e-04
4.603639999999999989e-04 -7.910880000000000125e-04
4.254129999999999739e-04 -5.975730000000000061e-04
3.119800000000000047e-04 -3.858369999999999855e-04
1.319790000000000047e-04 -1.317570000000000058e-04
-8.121959999999999737e-05 1.897500000000000044e-04
-2.802519999999999859e-04 5.176350000000000135e-04
-4.230629999999999981e-04 7.801200000000000322e-04
-4.936370000000000037e-04 9.442149999999999849e-04
-4.990370000000000266e-04 9.665449999999999693e-04
-4.462439999999999918e-04 8.245130000000000254e-04
-3.315549999999999791e-04 5.214240000000000411e-04
-1.538479999999999947e-04 9.870470000000000383e-05
6.766860000000000464e-05 -3.408199999999999793e-04
2.950480000000000116e-04 -7.315779999999999809e-04
4.883170000000000479e-04 -1.015929999999999958e-03
6.129290000000000129e-04 -1.116229999999999957e-03
6.395590000000000476e-04 -1.011610000000000027e-03
5.525870000000000001e-04 -7.521059999999999985e-04
3.625239999999999734e-04 -4.281709999999999770e-04
1.059419999999999964e-04 -8.622010000000000481e-05
-1.689550000000000112e-04 2.971329999999999891e-04
-4.150809999999999786e-04 7.126189999999999478e-04
-5.899120000000000535e-04 1.052910000000000000e-03
-6.626610000000000443e-04 1.206119999999999979e-03
-6.274300000000000016e-04 1.132959999999999913e-03
-5.015030000000000399e-04 8.482239999999999615e-04
-3.051570000000000194e-04 3.892580000000000194e-04
-5.096889999999999917e-05 -1.789310000000000119e-04
2.403320000000000022e-04 -7.292000000000000521e-04
5.209499999999999504e-04 -1.117949999999999933e-03
7.253389999999999751e-04 -1.271900000000000070e-03
8.002350000000000522e-04 -1.200600000000000018e-03
7.235149999999999871e-04 -9.434759999999999501e-04
5.038850000000000317e-04 -5.461580000000000384e-04
1.783049999999999945e-04 -7.075039999999999942e-05
-1.902560000000000026e-04 4.337440000000000132e-04
-5.272750000000000093e-04 9.236649999999999461e-04
-7.681699999999999856e-04 1.298529999999999997e-03
-8.713629999999999987e-04 1.440239999999999966e-03
-8.216869999999999816e-04 1.293450000000000025e-03
-6.277579999999999619e-04 8.630709999999999771e-04
-3.154009999999999843e-04 2.114050000000000130e-04
7.473099999999999990e-05 -5.225149999999999803e-04
4.817290000000000222e-04 -1.138230000000000058e-03
8.244860000000000340e-04 -1.475589999999999931e-03
1.021509999999999996e-03 -1.516020000000000085e-03
1.019689999999999963e-03 -1.322309999999999935e-03
8.086890000000000224e-04 -9.205720000000000352e-04
4.201629999999999818e-04 -3.097059999999999787e-04
-7.354310000000000404e-05 4.224009999999999831e-04
-5.666140000000000065e-04 1.095360000000000084e-03
-9.492749999999999669e-04 1.549040000000000009e-03
-1.144730000000000053e-03 1.698209999999999911e-03
-1.121339999999999967e-03 1.521599999999999906e-03
-8.799699999999999927e-04 1.015950000000000056e-03
-4.479139999999999944e-04 2.391290000000000071e-04
1.072500000000000048e-04 -6.331429999999999654e-04
6.723140000000000279e-04 -1.370509999999999914e-03
1.116199999999999918e-03 -1.782069999999999965e-03
1.332709999999999971e-03 -1.790719999999999985e-03
1.267050000000000034e-03 -1.429979999999999966e-03
9.207580000000000365e-04 -7.763619999999999506e-04
3.522630000000000119e-04 4.433709999999999941e-05
-3.211530000000000201e-04 8.473870000000000100e-04
-9.428060000000000260e-04 1.491219999999999915e-03
-1.365139999999999930e-03 1.885699999999999920e-03
-1.493229999999999905e-03 1.919949999999999912e-03
-1.297140000000000012e-03 1.482940000000000083e-03
-8.090509999999999759e-04 6.113079999999999686e-04
-1.241650000000000013e-04 -4.367519999999999953e-04
6.106869999999999486e-04 -1.352890000000000039e-03
1.233490000000000064e-03 -1.929139999999999978e-03
1.605630000000000035e-03 -2.088099999999999852e-03
1.633310000000000014e-03 -1.818659999999999938e-03
1.282960000000000090e-03 -1.117560000000000081e-03
6.059890000000000285e-04 -1.102220000000000028e-04
-2.467489999999999918e-04 9.294490000000000520e-04
-1.061440000000000083e-03 1.746769999999999920e-03
-1.636850000000000024e-03 2.161460000000000031e-03
-1.837780000000000013e-03 2.044929999999999925e-03
-1.609500000000000037e-03 1.419099999999999962e-03
-9.868640000000000571e-04 4.726759999999999989e-04
-1.010810000000000034e-04 -5.805829999999999672e-04
8.406629999999999572e-04 -1.520290000000000096e-03
1.604699999999999920e-03 -2.128539999999999946e-03
1.993400000000000206e-03 -2.255060000000000137e-03
1.898500000000000014e-03 -1.809569999999999929e-03
1.328619999999999975e-03 -8.402309999999999857e-04
4.125180000000000101e-04 3.539200000000000267e-04
-6.257090000000000091e-04 1.395380000000000101e-03
-1.525759999999999920e-03 2.030189999999999859e-03
-2.060240000000000075e-03 2.155900000000000091e-03
-2.083890000000000135e-03 1.759469999999999958e-03
-1.564599999999999975e-03 8.875940000000000132e-04
-6.101569999999999520e-04 -2.253819999999999912e-04
5.330320000000000153e-04 -1.248999999999999893e-03
1.548859999999999994e-03 -1.936489999999999913e-03
2.160500000000000094e-03 -2.142470000000000051e-03
2.209430000000000074e-03 -1.814340000000000007e-03
1.682300000000000071e-03 -1.022359999999999935e-03
7.103590000000000338e-04 1.302230000000000066e-05
-4.555559999999999731e-04 1.046990000000000030e-03
-1.506699999999999923e-03 1.815100000000000047e-03
-2.158590000000000161e-03 2.056670000000000026e-03
-2.230980000000000029e-03 1.722259999999999980e-03
-1.704640000000000105e-03 9.732859999999999645e-04
-7.267789999999999884e-04 3.801510000000000132e-05
4.387009999999999998e-04 -9.048119999999999557e-04
1.483399999999999953e-03 -1.636389999999999937e-03
2.123439999999999876e-03 -1.890130000000000065e-03
2.177989999999999874e-03 -1.628749999999999989e-03
1.640619999999999969e-03 -1.006469999999999978e-03
6.811119999999999935e-04 -1.943179999999999918e-04
-4.253029999999999766e-04 6.231369999999999531e-04
-1.382189999999999938e-03 1.259039999999999899e-03
-1.940169999999999959e-03 1.563909999999999953e-03
-1.958899999999999964e-03 1.486069999999999926e-03
-1.453400000000000091e-03 1.068469999999999967e-03
-5.896389999999999834e-04 4.117999999999999807e-04
3.763400000000000187e-04 -3.172189999999999862e-04
1.181860000000000072e-03 -9.393220000000000302e-04
1.630390000000000008e-03 -1.334899999999999975e-03
1.634599999999999942e-03 -1.403500000000000017e-03
1.224089999999999944e-03 -1.089260000000000098e-03
5.297970000000000370e-04 -4.977799999999999673e-04
-2.501380000000000096e-04 1.642400000000000132e-04
-9.092980000000000073e-04 7.450970000000000119e-04
-1.295230000000000079e-03 1.142049999999999923e-03
-1.339279999999999984e-03 1.259240000000000012e-03
-1.055769999999999929e-03 1.056379999999999993e-03
-5.330450000000000032e-04 5.850319999999999783e-04
8.505969999999999471e-05 -2.558129999999999850e-05
6.386210000000000237e-04 -6.071849999999999947e-04
9.992770000000000211e-04 -1.005110000000000031e-03
1.100000000000000066e-03 -1.125860000000000012e-03
9.386550000000000449e-04 -9.589709999999999771e-04
5.679570000000000105e-04 -5.695620000000000197e-04
8.262400000000000039e-05 -6.963810000000000670e-05
-3.984209999999999857e-04 4.128679999999999915e-04
-7.590259999999999932e-04 7.635759999999999683e-04
-9.164149999999999597e-04 9.085210000000000247e-04
-8.429559999999999571e-04 8.284300000000000084e-04
-5.704259999999999626e-04 5.581190000000000413e-04
-1.773719999999999952e-04 1.742310000000000061e-04
2.339580000000000121e-04 -2.263300000000000099e-04
5.639739999999999641e-04 -5.510610000000000421e-04
7.392629999999999861e-04 -7.312590000000000539e-04
7.280770000000000427e-04 -7.327549999999999732e-04
5.447779999999999940e-04 -5.605719999999999583e-04
2.433330000000000096e-04 -2.595760000000000233e-04
-9.768189999999999729e-05 9.237059999999999954e-05
-3.948989999999999879e-04 4.022629999999999804e-04
-5.802739999999999808e-04 5.908620000000000495e-04
-6.166260000000000014e-04 6.202269999999999962e-04
-5.045120000000000377e-04 4.996109999999999570e-04
-2.791800000000000206e-04 2.719830000000000012e-04
4.203189999999999834e-09 -2.731640000000000074e-06
2.640130000000000081e-04 -2.607830000000000001e-04
4.501330000000000218e-04 -4.449449999999999759e-04
5.171349999999999471e-04 -5.150019999999999728e-04
4.554739999999999830e-04 -4.577820000000000023e-04
2.883489999999999730e-04 -2.921779999999999798e-04
6.312009999999999897e-05 -6.466230000000000599e-05
-1.628350000000000088e-04 1.645670000000000119e-04
-3.365069999999999954e-04 3.392720000000000002e-04
-4.204960000000000208e-04 4.215430000000000262e-04
-4.000240000000000176e-04 3.987530000000000089e-04
-2.852929999999999941e-04 2.833499999999999756e-04
-1.085230000000000043e-04 1.078079999999999951e-04
8.437110000000000269e-05 -8.347490000000000270e-05
2.457420000000000199e-04 -2.443780000000000106e-04
3.384150000000000049e-04 -3.379039999999999822e-04
3.444219999999999899e-04 -3.450470000000000186e-04
2.679569999999999825e-04 -2.689279999999999839e-04
1.324929999999999934e-04 -1.328670000000000003e-04
-2.629999999999999892e-05 2.674339999999999877e-05
-1.695819999999999901e-04 1.702800000000000028e-04
-2.643330000000000050e-04 2.646009999999999964e-04
-2.906559999999999764e-04 2.903359999999999795e-04
-2.459609999999999986e-04 2.454609999999999865e-04
-1.449160000000000064e-04 1.447270000000000121e-04
-1.507580000000000057e-05 1.530700000000000100e-05
1.106329999999999960e-04 -1.102770000000000014e-04
2.023449999999999880e-04 -2.022129999999999967e-04
2.402810000000000124e-04 -2.404460000000000082e-04
2.187269999999999948e-04 -2.189799999999999939e-04
1.463880000000000086e-04 -1.464810000000000092e-04
4.342209999999999885e-05 -4.330509999999999980e-05
-6.392340000000000533e-05 6.410289999999999912e-05
-1.498100000000000039e-04 1.498770000000000018e-04
-1.949309999999999943e-04 1.948469999999999998e-04
-1.908230000000000126e-04 1.906950000000000030e-04
-1.413409999999999873e-04 1.412929999999999904e-04
