-4.024359999999999780e-08 7.029259999999999510e-07
-2.284680000000000047e-07 2.334220000000000159e-06
-6.173540000000000103e-07 3.559520000000000099e-06
-1.243970000000000094e-06 6.096619999999999915e-06
-2.573500000000000009e-06 1.542219999999999949e-05
-5.704919999999999921e-06 3.546769999999999925e-05
-1.171960000000000041e-05 6.211009999999999340e-05
-2.044950000000000131e-05 8.083630000000000394e-05
-2.982629999999999936e-05 7.995199999999999616e-05
-3.617890000000000016e-05 5.480979999999999826e-05
-3.457719999999999820e-05 4.091939999999999992e-06
-2.023000000000000113e-05 -5.957090000000000253e-05
7.963889999999999403e-06 -1.134219999999999993e-04
4.489029999999999946e-05 -1.459870000000000102e-04
8.105750000000000108e-05 -1.657600000000000122e-04
1.070799999999999980e-04 -1.872789999999999937e-04
1.171709999999999934e-04 -2.134840000000000045e-04
1.106589999999999988e-04 -2.325550000000000121e-04
9.164039999999999762e-05 -2.243539999999999868e-04
6.585270000000000056e-05 -1.684040000000000092e-04
3.624100000000000081e-05 -6.430370000000000573e-05
2.135500000000000137e-06 5.359740000000000288e-05
-3.710980000000000170e-05 1.471140000000000013e-04
-7.906000000000000538e-05 2.109230000000000133e-04
-1.179410000000000012e-04 2.587430000000000264e-04
-1.454200000000000002e-04 2.920700000000000141e-04
-1.534530000000000095e-04 3.031390000000000126e-04
-1.399469999999999935e-04 2.913880000000000094e-04
-1.116779999999999970e-04 2.659070000000000140e-04
-7.985859999999999465e-05 2.384230000000000041e-04
-5.255079999999999837e-05 2.075760000000000062e-04
-3.078919999999999991e-05 1.475000000000000074e-04
-1.058680000000000001e-05 4.072349999999999728e-05
1.219710000000000050e-05 -8.978929999999999767e-05
4.022480000000000153e-05 -2.146750000000000004e-04
7.675280000000000145e-05 -3.227449999999999872e-04
1.236999999999999981e-04 -4.056689999999999949e-04
1.750199999999999879e-04 -4.542850000000000187e-04
2.156969999999999916e-04 -4.657120000000000161e-04
2.303159999999999951e-04 -4.419390000000000254e-04
2.123380000000000124e-04 -3.877139999999999948e-04
1.654799999999999945e-04 -3.052679999999999782e-04
9.887520000000000499e-05 -1.942509999999999940e-04
2.304220000000000107e-05 -6.256360000000000523e-05
-5.147960000000000090e-05 8.056279999999999377e-05
-1.157939999999999962e-04 2.253190000000000021e-04
-1.641550000000000030e-04 3.485790000000000112e-04
-1.933570000000000124e-04 4.234050000000000162e-04
-2.020229999999999867e-04 4.447300000000000060e-04
-1.919020000000000068e-04 4.375569999999999850e-04
-1.685210000000000082e-04 4.252959999999999748e-04
-1.383079999999999911e-04 3.981139999999999766e-04
-1.050469999999999990e-04 3.265049999999999918e-04
-6.945210000000000543e-05 1.944260000000000118e-04
-3.081289999999999767e-05 2.915729999999999949e-05
1.205219999999999957e-05 -1.198100000000000066e-04
6.181130000000000229e-05 -2.497549999999999965e-04
1.216049999999999987e-04 -3.875400000000000199e-04
1.878860000000000100e-04 -5.197039999999999559e-04
2.460839999999999837e-04 -6.043069999999999995e-04
2.783199999999999780e-04 -6.016879999999999624e-04
2.740159999999999731e-04 -5.013939999999999500e-04
2.320780000000000098e-04 -3.502429999999999736e-04
1.570449999999999982e-04 -2.048510000000000077e-04
5.688490000000000148e-05 -7.447209999999999464e-05
-5.518689999999999842e-05 7.528160000000000103e-05
-1.599460000000000031e-04 2.683709999999999958e-04
-2.376959999999999956e-04 4.694759999999999754e-04
-2.779160000000000137e-04 6.115660000000000193e-04
-2.844249999999999882e-04 6.583010000000000250e-04
-2.691889999999999734e-04 6.236399999999999583e-04
-2.395429999999999933e-04 5.402389999999999753e-04
-1.925119999999999891e-04 4.214849999999999803e-04
-1.224879999999999968e-04 2.567889999999999973e-04
-3.198270000000000128e-05 3.187460000000000141e-05
6.785559999999999454e-05 -2.393170000000000128e-04
1.651219999999999956e-04 -4.947390000000000078e-04
2.518059999999999808e-04 -6.639470000000000181e-04
3.211360000000000234e-04 -7.276900000000000208e-04
3.625139999999999786e-04 -7.087849999999999706e-04
3.606190000000000112e-04 -6.305129999999999719e-04
3.030710000000000261e-04 -4.996000000000000007e-04
1.927339999999999880e-04 -3.201720000000000239e-04
5.085280000000000209e-05 -8.042629999999999940e-05
-9.504200000000000246e-05 2.165310000000000043e-04
-2.233799999999999924e-04 4.920429999999999509e-04
-3.206370000000000270e-04 6.769420000000000385e-04
-3.792849999999999846e-04 7.595839999999999970e-04
-3.946450000000000001e-04 7.568409999999999591e-04
-3.627009999999999956e-04 6.931889999999999797e-04
-2.834380000000000059e-04 5.704700000000000049e-04
-1.665020000000000128e-04 3.655029999999999868e-04
-3.075729999999999773e-05 7.009149999999999799e-05
1.050519999999999964e-04 -2.936999999999999832e-04
2.315589999999999966e-04 -6.569069999999999770e-04
3.440469999999999943e-04 -8.881909999999999805e-04
4.296020000000000112e-04 -9.192379999999999562e-04
4.655880000000000153e-04 -7.965599999999999764e-04
4.303239999999999951e-04 -6.027740000000000398e-04
3.153510000000000102e-04 -3.898940000000000045e-04
1.332349999999999941e-04 -1.336660000000000040e-04
-8.192890000000000090e-05 1.906490000000000105e-04
-2.825999999999999845e-04 5.211630000000000516e-04
-4.268899999999999735e-04 7.853549999999999507e-04
-4.986479999999999732e-04 9.501839999999999679e-04
-5.045060000000000516e-04 9.726129999999999932e-04
-4.512520000000000225e-04 8.300900000000000162e-04
-3.353540000000000015e-04 5.256669999999999529e-04
-1.558949999999999973e-04 1.007389999999999989e-04
6.781060000000000429e-05 -3.414930000000000049e-04
2.975879999999999975e-04 -7.349859999999999727e-04
4.930130000000000449e-04 -1.021769999999999970e-03
6.191649999999999715e-04 -1.123770000000000064e-03
6.465250000000000077e-04 -1.019589999999999906e-03
5.591660000000000467e-04 -7.590210000000000229e-04
3.672570000000000110e-04 -4.328439999999999913e-04
1.075900000000000050e-04 -8.794009999999999512e-05
-1.706439999999999878e-04 2.987560000000000107e-04
-4.193399999999999797e-04 7.175439999999999726e-04
-5.957469999999999866e-04 1.060299999999999914e-03
-6.693989999999999923e-04 1.214479999999999987e-03
-6.344049999999999950e-04 1.140820000000000072e-03
-5.076549999999999769e-04 8.546149999999999754e-04
-3.093020000000000144e-04 3.934249999999999813e-04
-5.231190000000000308e-05 -1.778930000000000127e-04
2.421350000000000119e-04 -7.319549999999999538e-04
5.259530000000000108e-04 -1.124290000000000012e-03
7.330820000000000261e-04 -1.280759999999999928e-03
8.093980000000000185e-04 -1.210490000000000047e-03
7.321660000000000234e-04 -9.527410000000000045e-04
5.102289999999999560e-04 -5.529750000000000377e-04
1.811519999999999895e-04 -7.352350000000000172e-05
-1.914589999999999977e-04 4.357149999999999847e-04
-5.323770000000000021e-04 9.299679999999999839e-04
-7.762500000000000303e-04 1.307959999999999939e-03
-8.809809999999999733e-04 1.451129999999999911e-03
-8.312569999999999595e-04 1.303920000000000079e-03
-6.357080000000000196e-04 8.712859999999999789e-04
-3.202659999999999860e-04 2.158530000000000084e-04
7.408639999999999594e-05 -5.228680000000000090e-04
4.858530000000000119e-04 -1.143680000000000000e-03
8.330870000000000419e-04 -1.485409999999999942e-03
1.033190000000000020e-03 -1.528550000000000048e-03
1.031980000000000050e-03 -1.335280000000000104e-03
8.188339999999999464e-04 -9.313900000000000391e-04
4.261310000000000033e-04 -3.158680000000000190e-04
-7.274760000000000124e-05 4.225510000000000138e-04
-5.712710000000000400e-04 1.101839999999999981e-03
-9.589499999999999717e-04 1.560360000000000002e-03
-1.157830000000000100e-03 1.712159999999999897e-03
-1.135139999999999977e-03 1.535820000000000024e-03
-8.915099999999999804e-04 1.027780000000000056e-03
-4.548880000000000263e-04 2.458669999999999823e-04
1.062939999999999957e-04 -6.333779999999999792e-04
6.779919999999999827e-04 -1.377890000000000104e-03
1.127919999999999921e-03 -1.795149999999999914e-03
1.348290000000000035e-03 -1.806990000000000072e-03
1.283070000000000087e-03 -1.446269999999999934e-03
9.335699999999999945e-04 -7.891270000000000359e-04
3.589509999999999858e-04 3.828150000000000270e-05
-3.222680000000000119e-04 8.497440000000000418e-04
-9.517949999999999631e-04 1.501589999999999913e-03
-1.380149999999999910e-03 1.901899999999999988e-03
-1.510920000000000015e-03 1.938660000000000036e-03
-1.313759999999999971e-03 1.500150000000000008e-03
-8.213689999999999620e-04 6.230310000000000188e-04
-1.294839999999999956e-04 -4.332809999999999873e-04
6.142720000000000168e-04 -1.358419999999999940e-03
1.246010000000000086e-03 -1.942619999999999937e-03
1.624439999999999999e-03 -2.107169999999999790e-03
1.653849999999999895e-03 -1.839590000000000105e-03
1.300500000000000007e-03 -1.135450000000000088e-03
6.167500000000000022e-04 -1.202889999999999998e-04
-2.453140000000000030e-04 9.298829999999999466e-04
-1.070250000000000021e-03 1.757510000000000105e-03
-1.654419999999999979e-03 2.180050000000000217e-03
-1.860150000000000085e-03 2.067450000000000190e-03
-1.631400000000000081e-03 1.440490000000000000e-03
-1.003030000000000024e-03 4.876869999999999946e-04
-1.073209999999999979e-04 -5.758220000000000309e-04
8.462590000000000303e-04 -1.527190000000000101e-03
1.620970000000000006e-03 -2.145740000000000147e-03
2.016430000000000045e-03 -2.278710000000000197e-03
1.922880000000000075e-03 -1.834040000000000106e-03
1.348790000000000102e-03 -8.594079999999999818e-04
4.236019999999999738e-04 3.448960000000000263e-04
-6.270250000000000216e-04 1.398689999999999959e-03
-1.539910000000000020e-03 2.045060000000000020e-03
-2.083890000000000135e-03 2.179050000000000084e-03
-2.110780000000000035e-03 1.785520000000000076e-03
-1.587730000000000087e-03 9.098020000000000282e-04
-6.237509999999999713e-04 -2.132240000000000036e-04
5.325560000000000016e-04 -1.250229999999999961e-03
1.562000000000000020e-03 -1.950590000000000093e-03
2.184020000000000059e-03 -2.165799999999999843e-03
2.237110000000000053e-03 -1.841140000000000007e-03
1.706940000000000107e-03 -1.045810000000000099e-03
7.257080000000000388e-04 -8.477560000000000111e-07
-4.534550000000000147e-04 1.046339999999999987e-03
-1.518519999999999983e-03 1.827679999999999930e-03
-2.181320000000000047e-03 2.079020000000000000e-03
-2.258589999999999990e-03 1.748500000000000054e-03
-1.729690000000000090e-03 9.966309999999999926e-04
-7.424890000000000396e-04 5.251009999999999722e-05
4.363200000000000238e-04 -9.029450000000000497e-04
1.494509999999999892e-03 -1.647709999999999930e-03
2.144819999999999973e-03 -1.911429999999999987e-03
2.204090000000000129e-03 -1.653940000000000011e-03
1.664530000000000003e-03 -1.028789999999999913e-03
6.963030000000000044e-04 -2.083569999999999975e-04
-4.226720000000000216e-04 6.205899999999999654e-04
-1.392060000000000086e-03 1.268430000000000078e-03
-1.959189999999999977e-03 1.582419999999999964e-03
-1.981790000000000201e-03 1.508309999999999903e-03
-1.474159999999999967e-03 1.088420000000000099e-03
-6.030140000000000240e-04 4.246650000000000143e-04
3.733160000000000016e-04 -3.140719999999999840e-04
1.189130000000000048e-03 -9.460669999999999800e-04
1.645280000000000050e-03 -1.349310000000000049e-03
1.652910000000000056e-03 -1.421519999999999902e-03
1.241270000000000047e-03 -1.106180000000000010e-03
5.419049999999999692e-04 -5.095539999999999532e-04
-2.457529999999999762e-04 1.599410000000000057e-04
-9.132940000000000415e-04 7.486300000000000203e-04
-1.305970000000000047e-03 1.152159999999999946e-03
-1.353540000000000082e-03 1.273349999999999916e-03
-1.069990000000000047e-03 1.070910000000000004e-03
-5.441890000000000442e-04 5.963770000000000399e-04
7.921550000000000076e-05 -1.988279999999999876e-05
6.392019999999999560e-04 -6.079409999999999719e-04
1.005919999999999991e-03 -1.011699999999999926e-03
1.110880000000000071e-03 -1.136599999999999980e-03
9.510529999999999895e-04 -9.713130000000000158e-04
5.789690000000000331e-04 -5.805899999999999690e-04
8.976590000000000057e-05 -7.679519999999999955e-05
-3.966829999999999965e-04 4.110920000000000004e-04
-7.628749999999999898e-04 7.673489999999999608e-04
-9.246540000000000141e-04 9.167259999999999775e-04
-8.534200000000000249e-04 8.389590000000000155e-04
-5.806010000000000337e-04 5.683770000000000098e-04
-1.849479999999999917e-04 1.818020000000000053e-04
2.306270000000000130e-04 -2.230760000000000035e-04
5.655109999999999868e-04 -5.526399999999999672e-04
7.450970000000000119e-04 -7.370599999999999938e-04
7.366119999999999873e-04 -7.412519999999999699e-04
5.538729999999999739e-04 -5.696860000000000205e-04
2.508680000000000111e-04 -2.671579999999999788e-04
-9.333870000000000133e-05 8.801989999999999391e-05
-3.945950000000000260e-04 4.019949999999999891e-04
-5.839289999999999585e-04 5.945349999999999854e-04
-6.232460000000000430e-04 6.268130000000000446e-04
-5.124180000000000531e-04 5.074730000000000386e-04
-2.864340000000000159e-04 2.792420000000000210e-04
-4.909519999999999879e-06 2.231799999999999960e-06
2.624729999999999923e-04 -2.592079999999999753e-04
4.521500000000000128e-04 -4.469790000000000178e-04
5.220630000000000192e-04 -5.199749999999999945e-04
4.620340000000000016e-04 -4.643669999999999807e-04
2.949469999999999935e-04 -2.987630000000000125e-04
6.821990000000000053e-05 -6.972779999999999332e-05
-1.603649999999999867e-04 1.621209999999999882e-04
-3.371420000000000189e-04 3.399009999999999835e-04
-4.239569999999999797e-04 4.249740000000000006e-04
-4.053630000000000015e-04 4.040650000000000014e-04
-2.911529999999999956e-04 2.892120000000000086e-04
-1.134939999999999945e-04 1.128089999999999968e-04
8.140200000000000430e-05 -8.048129999999999802e-05
2.453630000000000155e-04 -2.440049999999999923e-04
3.405920000000000215e-04 -3.401079999999999902e-04
3.485380000000000162e-04 -3.491820000000000188e-04
2.729699999999999835e-04 -2.739339999999999831e-04
1.371830000000000044e-04 -1.375349999999999902e-04
-2.303069999999999957e-05 2.348809999999999963e-05
-1.684470000000000086e-04 1.691390000000000081e-04
-2.654989999999999867e-04 2.657509999999999972e-04
-2.937349999999999922e-04 2.934039999999999847e-04
-2.501329999999999851e-04 2.496360000000000202e-04
-1.491479999999999889e-04 1.489720000000000096e-04
-1.837639999999999909e-05 1.861650000000000040e-05
1.089920000000000027e-04 -1.086390000000000012e-04
2.026750000000000068e-04 -2.025530000000000104e-04
2.424179999999999955e-04 -2.425899999999999931e-04
2.220880000000000055e-04 -2.223380000000000115e-04
1.501220000000000104e-04 -1.502069999999999935e-04
4.662750000000000038e-05 -4.650490000000000260e-05
-6.198109999999999514e-05 6.215859999999999810e-05
-1.495280000000000090e-04 1.495889999999999937e-04
-1.962950000000000036e-04 1.962070000000000003e-04
-1.934320000000000006e-04 1.933059999999999954e-04
-1.445229999999999985e-04 1.444790000000000104e-04
