-2.821869999999999976e-08 7.253140000000000321e-07
-1.802529999999999929e-07 2.450130000000000037e-06
-5.617790000000000173e-07 3.830469999999999597e-06
-1.261009999999999934e-06 6.567929999999999812e-06
-2.611789999999999858e-06 1.639290000000000021e-05
-5.561159999999999963e-06 3.775649999999999672e-05
-1.153510000000000074e-05 6.677550000000000467e-05
-2.133239999999999925e-05 8.832750000000000432e-05
-3.356870000000000269e-05 8.951660000000000281e-05
-4.385350000000000288e-05 6.471880000000000113e-05
-4.534709999999999821e-05 1.196949999999999949e-05
-3.124289999999999863e-05 -5.654699999999999917e-05
1.004130000000000032e-06 -1.176299999999999969e-04
4.634690000000000175e-05 -1.582900000000000040e-04
9.298909999999999370e-05 -1.857170000000000110e-04
1.276170000000000082e-04 -2.141789999999999970e-04
1.417020000000000063e-04 -2.463550000000000223e-04
1.349049999999999967e-04 -2.691090000000000149e-04
1.135650000000000011e-04 -2.605430000000000159e-04
8.514250000000000008e-05 -1.990630000000000014e-04
5.248390000000000076e-05 -8.409620000000000300e-05
1.302099999999999951e-05 4.878460000000000045e-05
-3.604910000000000015e-05 1.585690000000000060e-04
-9.178170000000000252e-05 2.372460000000000118e-04
-1.442729999999999924e-04 2.976569999999999997e-04
-1.807760000000000053e-04 3.408250000000000038e-04
-1.920070000000000067e-04 3.570460000000000235e-04
-1.768659999999999970e-04 3.438620000000000088e-04
-1.426169999999999933e-04 3.111030000000000197e-04
-1.006620000000000062e-04 2.733650000000000229e-04
-6.116029999999999785e-05 2.315320000000000052e-04
-2.936490000000000069e-05 1.598079999999999987e-04
-4.467639999999999631e-06 3.985070000000000116e-05
1.898379999999999941e-05 -1.046230000000000044e-04
4.828430000000000119e-05 -2.419649999999999915e-04
8.954809999999999734e-05 -3.602489999999999859e-04
1.437309999999999966e-04 -4.524600000000000150e-04
2.028379999999999983e-04 -5.095749999999999585e-04
2.508209999999999758e-04 -5.264749999999999899e-04
2.707690000000000227e-04 -5.032160000000000149e-04
2.535470000000000172e-04 -4.447210000000000269e-04
2.013430000000000135e-04 -3.539530000000000042e-04
1.245469999999999986e-04 -2.301240000000000078e-04
3.619540000000000246e-05 -8.071999999999999965e-05
-5.169640000000000194e-05 8.353329999999999523e-05
-1.296140000000000096e-04 2.501100000000000025e-04
-1.908939999999999921e-04 3.934690000000000236e-04
-2.312559999999999963e-04 4.843599999999999772e-04
-2.482040000000000244e-04 5.153599999999999718e-04
-2.415170000000000121e-04 5.106279999999999500e-04
-2.146159999999999930e-04 4.949579999999999865e-04
-1.746119999999999877e-04 4.598630000000000252e-04
-1.295970000000000130e-04 3.751979999999999812e-04
-8.435449999999999340e-05 2.239909999999999905e-04
-3.773990000000000097e-05 3.536970000000000120e-05
1.532250000000000110e-05 -1.365600000000000071e-04
7.888310000000000374e-05 -2.859860000000000093e-04
1.520349999999999902e-04 -4.410990000000000267e-04
2.271840000000000122e-04 -5.899819999999999631e-04
2.911929999999999749e-04 -6.874420000000000227e-04
3.295999999999999885e-04 -6.884169999999999786e-04
3.305380000000000124e-04 -5.805699999999999793e-04
2.867190000000000038e-04 -4.133380000000000192e-04
1.977969999999999902e-04 -2.472090000000000246e-04
7.379249999999999525e-05 -9.334309999999999743e-05
-6.394930000000000113e-05 8.279949999999999897e-05
-1.885699999999999920e-04 3.047680000000000202e-04
-2.789409999999999980e-04 5.338990000000000055e-04
-3.283779999999999924e-04 6.976839999999999561e-04
-3.434639999999999764e-04 7.558359999999999645e-04
-3.338360000000000069e-04 7.221420000000000530e-04
-3.022669999999999979e-04 6.309910000000000171e-04
-2.444219999999999986e-04 4.963920000000000138e-04
-1.576500000000000102e-04 3.072619999999999865e-04
-4.825390000000000229e-05 4.989400000000000036e-05
7.116339999999999699e-05 -2.591550000000000082e-04
1.897719999999999984e-04 -5.533359999999999754e-04
3.007069999999999925e-04 -7.561749999999999895e-04
3.946929999999999970e-04 -8.427740000000000188e-04
4.538839999999999932e-04 -8.331070000000000315e-04
4.554200000000000002e-04 -7.500519999999999670e-04
3.847410000000000218e-04 -6.004359999999999819e-04
2.484319999999999823e-04 -3.893349999999999849e-04
7.395469999999999854e-05 -1.078300000000000027e-04
-1.052989999999999959e-04 2.369980000000000101e-04
-2.647689999999999853e-04 5.606240000000000182e-04
-3.906679999999999940e-04 7.852360000000000286e-04
-4.729970000000000116e-04 8.920319999999999595e-04
-5.003059999999999495e-04 8.961559999999999492e-04
-4.629130000000000180e-04 8.237770000000000379e-04
-3.620830000000000229e-04 6.781380000000000047e-04
-2.148340000000000102e-04 4.367110000000000002e-04
-4.742780000000000016e-05 9.344869999999999859e-05
1.183949999999999938e-04 -3.247920000000000169e-04
2.741089999999999738e-04 -7.424950000000000256e-04
4.171439999999999892e-04 -1.019429999999999989e-03
5.337919999999999471e-04 -1.076909999999999933e-03
5.925670000000000069e-04 -9.559949999999999568e-04
5.579409999999999491e-04 -7.421310000000000406e-04
4.147329999999999745e-04 -4.930260000000000328e-04
1.835200000000000047e-04 -1.869150000000000087e-04
-8.557460000000000565e-05 1.996129999999999877e-04
-3.346019999999999789e-04 5.968819999999999681e-04
-5.199570000000000363e-04 9.181760000000000399e-04
-6.231109999999999774e-04 1.119970000000000080e-03
-6.440260000000000169e-04 1.156349999999999999e-03
-5.855670000000000536e-04 1.003030000000000024e-03
-4.464359999999999791e-04 6.601499999999999729e-04
-2.290570000000000128e-04 1.708280000000000117e-04
4.674240000000000160e-05 -3.508669999999999866e-04
3.400710000000000039e-04 -8.241420000000000386e-04
5.997280000000000015e-04 -1.180140000000000095e-03
7.768710000000000502e-04 -1.331549999999999921e-03
8.322890000000000539e-04 -1.245479999999999981e-03
7.434969999999999730e-04 -9.642160000000000531e-04
5.151980000000000231e-04 -5.828059999999999491e-04
1.862509999999999893e-04 -1.607219999999999970e-04
-1.777249999999999967e-04 3.145439999999999890e-04
-5.053600000000000540e-04 8.258099999999999555e-04
-7.404420000000000099e-04 1.251490000000000068e-03
-8.522630000000000223e-04 1.458969999999999972e-03
-8.347050000000000389e-04 1.395380000000000101e-03
-6.972859999999999779e-04 1.076460000000000004e-03
-4.549760000000000024e-04 5.466730000000000157e-04
-1.265249999999999990e-04 -1.227160000000000089e-04
2.552829999999999748e-04 -7.928289999999999947e-04
6.323560000000000422e-04 -1.296540000000000106e-03
9.260909999999999802e-04 -1.534290000000000003e-03
1.061400000000000104e-03 -1.500589999999999997e-03
9.944660000000000565e-04 -1.231810000000000066e-03
7.279160000000000014e-04 -7.743999999999999582e-04
3.106839999999999819e-04 -1.953280000000000109e-04
-1.740260000000000038e-04 4.411320000000000041e-04
-6.301699999999999923e-04 1.067309999999999917e-03
-9.727009999999999693e-04 1.557739999999999949e-03
-1.143869999999999956e-03 1.772630000000000082e-03
-1.118389999999999922e-03 1.640949999999999961e-03
-8.998720000000000200e-04 1.161560000000000066e-03
-5.147349999999999972e-04 4.019420000000000219e-04
-1.109019999999999929e-05 -4.825729999999999755e-04
5.359530000000000370e-04 -1.263919999999999974e-03
1.023500000000000104e-03 -1.747319999999999906e-03
1.338790000000000075e-03 -1.884430000000000089e-03
1.394449999999999986e-03 -1.722339999999999939e-03
1.161020000000000021e-03 -1.282039999999999916e-03
6.778420000000000062e-04 -5.621860000000000008e-04
4.168060000000000206e-05 3.378519999999999766e-04
-6.176480000000000468e-04 1.205289999999999920e-03
-1.167059999999999929e-03 1.835749999999999925e-03
-1.498009999999999923e-03 2.108029999999999887e-03
-1.544089999999999916e-03 1.980550000000000192e-03
-1.287230000000000102e-03 1.438540000000000088e-03
-7.594880000000000034e-04 5.366490000000000453e-04
-4.612490000000000286e-05 -5.322869999999999945e-04
7.177789999999999865e-04 -1.495709999999999922e-03
1.369100000000000048e-03 -2.111019999999999910e-03
1.755169999999999907e-03 -2.259409999999999891e-03
1.774020000000000067e-03 -1.948649999999999905e-03
1.401619999999999906e-03 -1.242040000000000028e-03
7.014729999999999837e-04 -2.675069999999999987e-04
-1.818679999999999874e-04 7.632920000000000503e-04
-1.050640000000000037e-03 1.659590000000000067e-03
-1.704750000000000102e-03 2.278179999999999875e-03
-1.996369999999999915e-03 2.464120000000000199e-03
-1.861599999999999930e-03 2.070880000000000203e-03
-1.323519999999999905e-03 1.113789999999999919e-03
-4.821539999999999919e-04 -1.380270000000000119e-04
4.987499999999999529e-04 -1.328579999999999995e-03
1.413779999999999898e-03 -2.186950000000000005e-03
2.053060000000000215e-03 -2.579820000000000030e-03
2.251299999999999916e-03 -2.450429999999999969e-03
1.934930000000000070e-03 -1.757920000000000055e-03
1.151710000000000017e-03 -6.120089999999999471e-04
7.076090000000000212e-05 6.872519999999999584e-04
-1.056010000000000022e-03 1.822489999999999961e-03
-1.961440000000000058e-03 2.542029999999999811e-03
-2.428860000000000133e-03 2.653759999999999800e-03
-2.336490000000000095e-03 2.126410000000000019e-03
-1.684809999999999910e-03 1.118480000000000038e-03
-6.067969999999999571e-04 -1.474969999999999873e-04
6.511999999999999993e-04 -1.404190000000000039e-03
1.783969999999999957e-03 -2.363070000000000101e-03
2.507269999999999811e-03 -2.795549999999999945e-03
2.635000000000000189e-03 -2.539039999999999787e-03
2.124669999999999944e-03 -1.590269999999999965e-03
1.085550000000000013e-03 -2.373189999999999957e-04
-2.428800000000000056e-04 1.103089999999999930e-03
-1.540329999999999911e-03 2.103629999999999996e-03
-2.478789999999999813e-03 2.579919999999999870e-03
-2.805209999999999822e-03 2.441350000000000117e-03
-2.412969999999999959e-03 1.668709999999999898e-03
-1.382999999999999898e-03 4.635609999999999752e-04
2.368699999999999869e-05 -8.212830000000000174e-04
1.434280000000000017e-03 -1.870109999999999915e-03
2.474119999999999792e-03 -2.451829999999999895e-03
2.872420000000000095e-03 -2.429670000000000094e-03
2.528970000000000176e-03 -1.799730000000000036e-03
1.534540000000000036e-03 -7.374509999999999703e-04
1.471029999999999907e-04 5.077400000000000142e-04
-1.272649999999999953e-03 1.617280000000000020e-03
-2.352200000000000037e-03 2.243699999999999948e-03
-2.805100000000000041e-03 2.242520000000000017e-03
-2.512819999999999811e-03 1.697850000000000097e-03
-1.560970000000000066e-03 7.938080000000000136e-04
-2.129189999999999989e-04 -2.990949999999999815e-04
1.167089999999999968e-03 -1.330449999999999949e-03
2.210960000000000095e-03 -1.957599999999999878e-03
2.644459999999999953e-03 -2.043329999999999886e-03
2.366679999999999912e-03 -1.659080000000000060e-03
1.477809999999999974e-03 -9.294099999999999801e-04
2.412109999999999916e-04 -2.321820000000000074e-05
-9.995589999999999076e-04 8.555089999999999570e-04
-1.917309999999999978e-03 1.498970000000000077e-03
-2.287659999999999954e-03 1.767909999999999924e-03
-2.046280000000000147e-03 1.620289999999999925e-03
-1.298670000000000033e-03 1.098149999999999994e-03
-2.780139999999999847e-04 3.423109999999999825e-04
7.315029999999999926e-04 -4.598639999999999868e-04
1.477910000000000031e-03 -1.146490000000000009e-03
1.803120000000000070e-03 -1.546969999999999942e-03
1.667499999999999928e-03 -1.522960000000000069e-03
1.143200000000000032e-03 -1.109940000000000015e-03
3.878730000000000047e-04 -4.785829999999999815e-04
-3.986680000000000258e-04 2.191770000000000057e-04
-1.027939999999999974e-03 8.531559999999999882e-04
-1.367630000000000104e-03 1.274780000000000097e-03
-1.365120000000000049e-03 1.369339999999999924e-03
-1.050060000000000012e-03 1.113089999999999956e-03
-5.195869999999999569e-04 5.853349999999999786e-04
9.014530000000000578e-05 -5.897549999999999803e-05
6.385229999999999986e-04 -6.460069999999999832e-04
1.010609999999999894e-03 -1.037240000000000037e-03
1.136450000000000004e-03 -1.158020000000000056e-03
1.000320000000000072e-03 -1.003470000000000013e-03
6.426819999999999972e-04 -6.293450000000000129e-04
1.534159999999999962e-04 -1.365539999999999940e-04
-3.474449999999999913e-04 3.536920000000000146e-04
-7.402350000000000032e-04 7.312930000000000472e-04
-9.376599999999999909e-04 9.205770000000000055e-04
-9.057390000000000232e-04 8.918749999999999812e-04
-6.673529999999999783e-04 6.644549999999999935e-04
-2.909589999999999768e-04 2.996900000000000258e-04
1.290049999999999888e-04 -1.150039999999999987e-04
4.946090000000000209e-04 -4.858460000000000101e-04
7.261260000000000067e-04 -7.308870000000000514e-04
7.790019999999999931e-04 -7.962480000000000512e-04
6.520290000000000417e-04 -6.704519999999999837e-04
3.847079999999999901e-04 -3.911520000000000253e-04
4.543150000000000031e-05 -3.712089999999999894e-05
-2.854630000000000145e-04 2.979389999999999946e-04
-5.336650000000000074e-04 5.379850000000000474e-04
-6.467540000000000355e-04 6.408110000000000282e-04
-6.052050000000000441e-04 5.966520000000000330e-04
-4.261320000000000190e-04 4.232279999999999940e-04
-1.583590000000000063e-04 1.624560000000000045e-04
1.305579999999999924e-04 -1.246329999999999975e-04
3.720199999999999787e-04 -3.699350000000000012e-04
5.133680000000000491e-04 -5.161779999999999494e-04
5.290660000000000198e-04 -5.332619999999999505e-04
4.237980000000000241e-04 -4.253449999999999874e-04
2.285110000000000082e-04 -2.265380000000000052e-04
-8.065509999999999965e-06 1.109300000000000035e-05
-2.303770000000000069e-04 2.315119999999999884e-04
-3.881840000000000225e-04 3.867559999999999813e-04
-4.480159999999999742e-04 4.458199999999999837e-04
-4.009850000000000241e-04 4.001799999999999802e-04
-2.641400000000000020e-04 2.651940000000000091e-04
-7.473869999999999646e-05 7.632069999999999588e-05
1.203379999999999988e-04 -1.197850000000000059e-04
2.763420000000000047e-04 -2.771189999999999873e-04
3.604099999999999730e-04 -3.615359999999999754e-04
3.577109999999999773e-04 -3.580839999999999956e-04
2.735389999999999979e-04 -2.729729999999999765e-04
1.312990000000000045e-04 -1.305040000000000095e-04
-3.335689999999999906e-05 3.360900000000000297e-05
-1.812299999999999979e-04 1.808240000000000021e-04
-2.790429999999999777e-04 2.784840000000000123e-04
-3.070980000000000064e-04 3.069249999999999930e-04
-2.631050000000000229e-04 2.633940000000000196e-04
-1.614870000000000075e-04 1.618819999999999927e-04
-2.886440000000000099e-05 2.898630000000000062e-05
1.027740000000000023e-04 -1.029790000000000046e-04
2.035220000000000074e-04 -2.038019999999999979e-04
2.520989999999999863e-04 -2.521860000000000009e-04
2.402279999999999910e-04 -2.400810000000000075e-04
1.739219999999999926e-04 -1.737219999999999878e-04
7.143189999999999620e-05 -7.137080000000000453e-05
-4.163009999999999974e-05 4.152449999999999859e-05
-1.386779999999999892e-04 1.385349999999999874e-04
-1.983850000000000056e-04 1.983420000000000061e-04
