-3.720359999999999838e-08 7.066830000000000024e-07
-2.175260000000000117e-07 2.352260000000000074e-06
-6.099379999999999656e-07 3.598389999999999864e-06
-1.262980000000000103e-06 6.165120000000000191e-06
-2.603160000000000077e-06 1.558020000000000035e-05
-5.701040000000000392e-06 3.584660000000000336e-05
-1.175580000000000017e-05 6.284709999999999667e-05
-2.084980000000000153e-05 8.198719999999999999e-05
-3.101139999999999924e-05 8.149699999999999577e-05
-3.825680000000000275e-05 5.668110000000000184e-05
-3.710779999999999732e-05 6.012160000000000388e-06
-2.233979999999999912e-05 -5.827320000000000308e-05
7.326239999999999672e-06 -1.136220000000000041e-04
4.655239999999999834e-05 -1.483190000000000008e-04
8.506160000000000565e-05 -1.703490000000000050e-04
1.124790000000000051e-04 -1.936820000000000067e-04
1.226189999999999995e-04 -2.206820000000000125e-04
1.152809999999999962e-04 -2.392100000000000086e-04
9.530849999999999728e-05 -2.294320000000000083e-04
6.878490000000000613e-05 -1.716160000000000049e-04
3.846809999999999851e-05 -6.586070000000000455e-05
3.165200000000000205e-06 5.355610000000000042e-05
-3.817970000000000310e-05 1.488039999999999936e-04
-8.277280000000000141e-05 2.148539999999999998e-04
-1.237440000000000133e-04 2.653089999999999767e-04
-1.520229999999999910e-04 3.008190000000000213e-04
-1.598849999999999913e-04 3.124840000000000256e-04
-1.458499999999999944e-04 2.994979999999999843e-04
-1.166750000000000035e-04 2.719490000000000080e-04
-8.326180000000000300e-05 2.427130000000000053e-04
-5.397789999999999695e-05 2.106440000000000114e-04
-3.084789999999999988e-05 1.493610000000000087e-04
-1.054610000000000055e-05 4.109849999999999962e-05
1.170110000000000051e-05 -9.085249999999999793e-05
4.000170000000000022e-05 -2.169189999999999877e-04
7.833790000000000089e-05 -3.265650000000000150e-04
1.281099999999999915e-04 -4.122339999999999837e-04
1.823709999999999925e-04 -4.643159999999999909e-04
2.254099999999999984e-04 -4.784270000000000189e-04
2.411670000000000035e-04 -4.554399999999999898e-04
2.225739999999999869e-04 -4.000440000000000072e-04
1.734150000000000058e-04 -3.148830000000000140e-04
1.035090000000000012e-04 -1.999589999999999874e-04
2.406739999999999932e-05 -6.369340000000000244e-05
-5.399190000000000055e-05 8.384659999999999780e-05
-1.213749999999999958e-04 2.321830000000000096e-04
-1.718459999999999942e-04 3.580039999999999828e-04
-2.020830000000000098e-04 4.343519999999999911e-04
-2.109640000000000083e-04 4.561079999999999909e-04
-2.002700000000000053e-04 4.484299999999999875e-04
-1.753389999999999962e-04 4.350739999999999751e-04
-1.430050000000000039e-04 4.062879999999999834e-04
-1.081729999999999958e-04 3.324460000000000219e-04
-7.215750000000000159e-05 1.977899999999999884e-04
-3.337779999999999746e-05 3.029980000000000084e-05
1.088389999999999925e-05 -1.203340000000000036e-04
6.361360000000000365e-05 -2.523550000000000055e-04
1.266050000000000118e-04 -3.938139999999999805e-04
1.952230000000000111e-04 -5.307730000000000087e-04
2.554319999999999898e-04 -6.191190000000000061e-04
2.900989999999999884e-04 -6.176649999999999892e-04
2.877830000000000058e-04 -5.164009999999999911e-04
2.453569999999999753e-04 -3.631689999999999918e-04
1.661649999999999922e-04 -2.145140000000000133e-04
5.924260000000000095e-05 -7.883700000000000430e-05
-5.944769999999999666e-05 7.815769999999999879e-05
-1.684070000000000022e-04 2.785390000000000110e-04
-2.478679999999999924e-04 4.844679999999999972e-04
-2.889669999999999999e-04 6.278640000000000046e-04
-2.966479999999999963e-04 6.736550000000000003e-04
-2.821219999999999934e-04 6.378690000000000011e-04
-2.512260000000000101e-04 5.537219999999999816e-04
-2.007900000000000071e-04 4.332259999999999887e-04
-1.266519999999999929e-04 2.644130000000000178e-04
-3.283799999999999968e-05 3.342630000000000216e-05
6.942510000000000044e-05 -2.440459999999999873e-04
1.695819999999999901e-04 -5.046249999999999738e-04
2.608689999999999989e-04 -6.778090000000000287e-04
3.358379999999999786e-04 -7.449699999999999638e-04
3.811919999999999783e-04 -7.289459999999999560e-04
3.791849999999999821e-04 -6.516700000000000270e-04
3.174699999999999809e-04 -5.180160000000000493e-04
2.009579999999999960e-04 -3.317500000000000136e-04
5.291249999999999865e-05 -8.290329999999999618e-05
-9.835790000000000234e-05 2.229250000000000112e-04
-2.318049999999999939e-04 5.054350000000000422e-04
-3.345649999999999926e-04 6.949670000000000023e-04
-3.980710000000000043e-04 7.803349999999999479e-04
-4.151250000000000209e-04 7.788720000000000062e-04
-3.803580000000000199e-04 7.144150000000000370e-04
-2.952210000000000251e-04 5.875980000000000482e-04
-1.722559999999999987e-04 3.752329999999999902e-04
-3.196299999999999874e-05 7.097819999999999748e-05
1.075640000000000022e-04 -3.008560000000000075e-04
2.386239999999999976e-04 -6.704950000000000103e-04
3.575000000000000161e-04 -9.069879999999999566e-04
4.503139999999999986e-04 -9.421940000000000393e-04
4.910070000000000103e-04 -8.220929999999999774e-04
4.542109999999999919e-04 -6.279840000000000508e-04
3.311680000000000114e-04 -4.099460000000000083e-04
1.381970000000000052e-04 -1.428120000000000008e-04
-8.641570000000000002e-05 1.959540000000000012e-04
-2.942689999999999976e-04 5.394370000000000328e-04
-4.449950000000000043e-04 8.110629999999999966e-04
-5.223139999999999597e-04 9.780609999999999044e-04
-5.304700000000000084e-04 1.000070000000000039e-03
-4.747640000000000237e-04 8.552269999999999621e-04
-3.525159999999999839e-04 5.449440000000000056e-04
-1.643849999999999923e-04 1.097970000000000060e-04
6.952220000000000329e-05 -3.452659999999999974e-04
3.102299999999999893e-04 -7.516019999999999776e-04
5.155109999999999641e-04 -1.049550000000000005e-03
6.487259999999999685e-04 -1.159260000000000065e-03
6.793390000000000496e-04 -1.056890000000000000e-03
5.898669999999999955e-04 -7.910589999999999896e-04
3.886890000000000050e-04 -4.538750000000000141e-04
1.136220000000000041e-04 -9.454829999999999734e-05
-1.809339999999999993e-04 3.082280000000000176e-04
-4.412889999999999825e-04 7.424530000000000149e-04
-6.236180000000000456e-04 1.096009999999999910e-03
-6.999919999999999753e-04 1.253140000000000026e-03
-6.655059999999999535e-04 1.175499999999999896e-03
-5.350179999999999519e-04 8.817799999999999770e-04
-3.273279999999999940e-04 4.107620000000000086e-04
-5.707390000000000255e-05 -1.740959999999999947e-04
2.519760000000000012e-04 -7.452059999999999934e-04
5.501860000000000344e-04 -1.154150000000000054e-03
7.694779999999999806e-04 -1.322169999999999899e-03
8.519330000000000305e-04 -1.256270000000000086e-03
7.717110000000000115e-04 -9.950709999999999330e-04
5.381350000000000239e-04 -5.833770000000000492e-04
1.919730000000000134e-04 -8.443319999999999656e-05
-1.996880000000000031e-04 4.475120000000000074e-04
-5.582329999999999931e-04 9.618460000000000334e-04
-8.149099999999999617e-04 1.353159999999999953e-03
-9.254750000000000389e-04 1.501189999999999903e-03
-8.742510000000000428e-04 1.350300000000000025e-03
-6.702630000000000437e-04 9.064150000000000418e-04
-3.401179999999999850e-04 2.335609999999999954e-04
7.375060000000000502e-05 -5.268939999999999735e-04
5.073290000000000481e-04 -1.170660000000000017e-03
8.748700000000000313e-04 -1.532050000000000078e-03
1.088409999999999942e-03 -1.587080000000000045e-03
1.088559999999999918e-03 -1.394939999999999895e-03
8.634310000000000075e-04 -9.797740000000000962e-04
4.495939999999999919e-04 -3.409800000000000049e-04
-7.380930000000000498e-05 4.280330000000000267e-04
-5.968380000000000343e-04 1.136669999999999998e-03
-1.006399999999999960e-03 1.615810000000000076e-03
-1.219599999999999938e-03 1.777120000000000088e-03
-1.198209999999999900e-03 1.599549999999999930e-03
-9.416550000000000094e-04 1.078849999999999905e-03
-4.817220000000000204e-04 2.722059999999999888e-04
1.081299999999999964e-04 -6.400410000000000474e-04
7.097989999999999985e-04 -1.417429999999999905e-03
1.185980000000000107e-03 -1.859360000000000006e-03
1.421930000000000069e-03 -1.883190000000000081e-03
1.355789999999999947e-03 -1.519670000000000092e-03
9.880329999999999235e-04 -8.436230000000000508e-04
3.821850000000000008e-04 1.711930000000000057e-05
-3.363919999999999736e-04 8.690469999999999619e-04
-1.001460000000000024e-03 1.557650000000000050e-03
-1.454769999999999978e-03 1.982119999999999976e-03
-1.593320000000000066e-03 2.025750000000000207e-03
-1.386180000000000094e-03 1.575079999999999970e-03
-8.698370000000000407e-04 6.683779999999999626e-04
-1.436160000000000019e-04 -4.281700000000000154e-04
6.413359999999999461e-04 -1.394400000000000066e-03
1.312790000000000094e-03 -2.012659999999999883e-03
1.716730000000000079e-03 -2.199019999999999881e-03
1.748280000000000060e-03 -1.935349999999999961e-03
1.374110000000000002e-03 -1.211859999999999934e-03
6.537080000000000234e-04 -1.554469999999999908e-04
-2.534009999999999952e-04 9.465090000000000005e-04
-1.124309999999999893e-03 1.821139999999999955e-03
-1.744909999999999907e-03 2.275290000000000125e-03
-1.966669999999999790e-03 2.173689999999999824e-03
-1.728050000000000072e-03 1.533999999999999990e-03
-1.065449999999999904e-03 5.451429999999999948e-04
-1.183899999999999964e-04 -5.705250000000000035e-04
8.913519999999999863e-04 -1.577360000000000090e-03
1.711999999999999980e-03 -2.240670000000000162e-03
2.130899999999999808e-03 -2.396150000000000103e-03
2.033220000000000079e-03 -1.945139999999999933e-03
1.429520000000000096e-03 -9.357639999999999535e-04
4.550369999999999871e-04 3.230759999999999947e-04
-6.560560000000000220e-04 1.436830000000000052e-03
-1.626719999999999902e-03 2.134259999999999803e-03
-2.207869999999999798e-03 2.299369999999999799e-03
-2.238089999999999871e-03 1.908629999999999919e-03
-1.683730000000000036e-03 1.002800000000000089e-03
-6.636860000000000285e-04 -1.782370000000000081e-04
5.595139999999999966e-04 -1.284399999999999995e-03
1.650870000000000028e-03 -2.044250000000000060e-03
2.312890000000000171e-03 -2.294060000000000109e-03
2.371630000000000005e-03 -1.971619999999999883e-03
1.811099999999999949e-03 -1.144789999999999914e-03
7.721520000000000163e-04 -4.116190000000000311e-05
-4.773189999999999746e-04 1.076359999999999947e-03
-1.607359999999999952e-03 1.919920000000000090e-03
-2.312300000000000206e-03 2.208320000000000161e-03
-2.396759999999999950e-03 1.880219999999999938e-03
-1.836970000000000052e-03 1.096259999999999943e-03
-7.887560000000000491e-04 9.409919999999999515e-05
4.632649999999999767e-04 -9.310339999999999632e-04
1.585349999999999910e-03 -1.739139999999999913e-03
2.273949999999999843e-03 -2.041049999999999982e-03
2.337749999999999984e-03 -1.784449999999999925e-03
1.767160000000000042e-03 -1.124420000000000107e-03
7.390469999999999462e-04 -2.457630000000000253e-04
-4.511229999999999971e-04 6.490839999999999674e-04
-1.480779999999999900e-03 1.354439999999999941e-03
-2.080699999999999997e-03 1.701840000000000037e-03
-2.102230000000000071e-03 1.626849999999999997e-03
-1.561930000000000002e-03 1.173320000000000049e-03
-6.361420000000000225e-04 4.554110000000000211e-04
4.009600000000000100e-04 -3.416539999999999920e-04
1.266250000000000014e-03 -1.021140000000000025e-03
1.747850000000000011e-03 -1.449860000000000081e-03
1.752480000000000053e-03 -1.520099999999999923e-03
1.313179999999999946e-03 -1.177110000000000092e-03
5.704399999999999662e-04 -5.362669999999999937e-04
-2.653050000000000221e-04 1.804390000000000117e-04
-9.736540000000000125e-04 8.069859999999999881e-04
-1.388750000000000010e-03 1.231670000000000030e-03
-1.435080000000000036e-03 1.354039999999999931e-03
-1.129989999999999988e-03 1.132769999999999957e-03
-5.708970000000000060e-04 6.243579999999999876e-04
8.884690000000000480e-05 -3.054890000000000155e-05
6.806919999999999941e-04 -6.509369999999999783e-04
1.068020000000000037e-03 -1.073729999999999954e-03
1.177660000000000078e-03 -1.202170000000000018e-03
1.006100000000000006e-03 -1.025579999999999894e-03
6.097890000000000124e-04 -6.115190000000000382e-04
9.040120000000000447e-05 -7.787729999999999382e-05
-4.247899999999999766e-04 4.387789999999999811e-04
-8.113929999999999884e-04 8.155330000000000131e-04
-9.805320000000001049e-04 9.725699999999999667e-04
-9.025720000000000314e-04 8.885310000000000213e-04
-6.117059999999999468e-04 5.999729999999999560e-04
-1.918629999999999891e-04 1.887050000000000034e-04
2.481240000000000116e-04 -2.410559999999999905e-04
6.020370000000000365e-04 -5.895079999999999808e-04
7.908859999999999762e-04 -7.827039999999999519e-04
7.799140000000000413e-04 -7.842609999999999642e-04
5.841950000000000268e-04 -6.000229999999999843e-04
2.617890000000000104e-04 -2.783290000000000113e-04
-1.029509999999999974e-04 9.755530000000000430e-05
-4.210400000000000210e-04 4.286350000000000186e-04
-6.200490000000000125e-04 6.307770000000000087e-04
-6.601009999999999604e-04 6.634609999999999553e-04
-5.411749999999999677e-04 5.359320000000000316e-04
-3.004600000000000066e-04 2.932880000000000014e-04
-1.517319999999999984e-06 -8.160409999999999683e-07
2.814059999999999956e-04 -2.778810000000000047e-04
4.809939999999999962e-04 -4.759359999999999914e-04
5.532119999999999746e-04 -5.514559999999999731e-04
4.879349999999999963e-04 -4.904549999999999925e-04
3.098199999999999847e-04 -3.135230000000000135e-04
6.922110000000000036e-05 -7.046689999999999443e-05
-1.727040000000000053e-04 1.746189999999999895e-04
-3.591970000000000102e-04 3.618860000000000111e-04
-4.499400000000000188e-04 4.507399999999999840e-04
-4.287580000000000037e-04 4.273009999999999938e-04
-3.063709999999999979e-04 3.044769999999999920e-04
-1.173040000000000004e-04 1.168189999999999940e-04
8.917359999999999610e-05 -8.810240000000000541e-05
2.620519999999999772e-04 -2.607409999999999893e-04
3.616390000000000251e-04 -3.613369999999999863e-04
3.687179999999999755e-04 -3.694840000000000017e-04
2.875880000000000255e-04 -2.884979999999999880e-04
1.430640000000000113e-04 -1.432630000000000004e-04
-2.686180000000000089e-05 2.740829999999999981e-05
-1.805699999999999872e-04 1.812120000000000126e-04
-2.825120000000000083e-04 2.826449999999999883e-04
-3.112060000000000152e-04 3.108100000000000142e-04
-2.637919999999999978e-04 2.633350000000000122e-04
-1.559520000000000003e-04 1.558660000000000015e-04
-1.714529999999999998e-05 1.743549999999999934e-05
1.174550000000000062e-04 -1.171320000000000027e-04
2.159250000000000036e-04 -2.158739999999999867e-04
2.570369999999999990e-04 -2.572489999999999759e-04
2.345150000000000002e-04 -2.347410000000000078e-04
1.574900000000000117e-04 -1.575199999999999962e-04
4.743269999999999735e-05 -4.727899999999999914e-05
-6.756659999999999782e-05 6.772489999999999934e-05
-1.597769999999999985e-04 1.597939999999999951e-04
-2.084470000000000051e-04 2.083370000000000079e-04
-2.044489999999999936e-04 2.043380000000000077e-04
-1.518380000000000055e-04 1.518280000000000107e-04
