-3.000130000000000144e-08 7.173139999999999604e-07
-1.882649999999999987e-07 2.406779999999999850e-06
-5.745109999999999489e-07 3.724649999999999990e-06
-1.267369999999999946e-06 6.385699999999999695e-06
-2.613189999999999963e-06 1.604309999999999891e-05
-5.583969999999999834e-06 3.694220000000000012e-05
-1.157270000000000018e-05 6.506430000000000655e-05
-2.123120000000000096e-05 8.553459999999999926e-05
-3.299129999999999701e-05 8.607679999999999553e-05
-4.242520000000000167e-05 6.159749999999999427e-05
-4.290539999999999751e-05 1.020249999999999930e-05
-2.806279999999999837e-05 -5.630279999999999904e-05
4.084010000000000053e-06 -1.153729999999999947e-04
4.805669999999999679e-05 -1.545770000000000076e-04
9.213419999999999618e-05 -1.810140000000000121e-04
1.236970000000000051e-04 -2.080949999999999922e-04
1.351550000000000028e-04 -2.376989999999999886e-04
1.267879999999999929e-04 -2.570289999999999814e-04
1.050089999999999970e-04 -2.458429999999999838e-04
7.699779999999999656e-05 -1.845589999999999926e-04
4.535929999999999785e-05 -7.363630000000000511e-05
7.668939999999999796e-06 5.220950000000000216e-05
-3.840200000000000265e-05 1.544229999999999952e-04
-8.969830000000000142e-05 2.272730000000000041e-04
-1.369680000000000073e-04 2.839760000000000201e-04
-1.688390000000000008e-04 3.244090000000000038e-04
-1.773719999999999952e-04 3.381729999999999892e-04
-1.621240000000000083e-04 3.235979999999999738e-04
-1.301949999999999961e-04 2.918069999999999930e-04
-9.219340000000000401e-05 2.576589999999999805e-04
-5.723889999999999843e-05 2.210310000000000052e-04
-2.966180000000000119e-05 1.550599999999999960e-04
-8.072710000000000505e-06 4.125160000000000328e-05
1.317600000000000056e-05 -9.662589999999999927e-05
4.133980000000000017e-05 -2.278889999999999996e-04
8.243249999999999384e-05 -3.421639999999999990e-04
1.370959999999999898e-04 -4.331159999999999915e-04
1.965989999999999925e-04 -4.910329999999999860e-04
2.441389999999999880e-04 -5.094719999999999631e-04
2.628099999999999859e-04 -4.874470000000000105e-04
2.443400000000000086e-04 -4.295850000000000146e-04
1.918310000000000002e-04 -3.393439999999999955e-04
1.158790000000000064e-04 -2.169940000000000031e-04
2.923830000000000092e-05 -7.103419999999999830e-05
-5.612599999999999761e-05 8.747820000000000552e-05
-1.303719999999999911e-04 2.464599999999999951e-04
-1.867039999999999932e-04 3.813490000000000109e-04
-2.213919999999999972e-04 4.643359999999999805e-04
-2.331099999999999958e-04 4.895980000000000514e-04
-2.229900000000000046e-04 4.821900000000000166e-04
-1.954670000000000040e-04 4.665819999999999993e-04
-1.578630000000000029e-04 4.336049999999999930e-04
-1.175559999999999973e-04 3.534119999999999970e-04
-7.808519999999999567e-05 2.101290000000000070e-04
-3.720399999999999819e-05 3.285529999999999695e-05
1.072070000000000054e-05 -1.269060000000000077e-04
6.995469999999999618e-05 -2.669750000000000248e-04
1.398659999999999921e-04 -4.168989999999999805e-04
2.130810000000000017e-04 -5.631949999999999500e-04
2.763180000000000063e-04 -6.590009999999999878e-04
3.147760000000000098e-04 -6.597789999999999861e-04
3.164229999999999756e-04 -5.550219999999999590e-04
2.740460000000000118e-04 -3.945280000000000011e-04
1.874920000000000135e-04 -2.364260000000000027e-04
6.701590000000000324e-05 -8.894979999999999326e-05
-6.589819999999999868e-05 8.260879999999999417e-05
-1.846399999999999940e-04 2.988159999999999796e-04
-2.689079999999999943e-04 5.183990000000000082e-04
-3.131310000000000213e-04 6.702859999999999721e-04
-3.246449999999999792e-04 7.191120000000000498e-04
-3.131170000000000177e-04 6.827419999999999626e-04
-2.810199999999999894e-04 5.955090000000000340e-04
-2.242289999999999973e-04 4.683409999999999939e-04
-1.410489999999999975e-04 2.877800000000000128e-04
-3.853249999999999742e-05 4.054839999999999958e-05
7.145919999999999508e-05 -2.550869999999999787e-04
1.802680000000000027e-04 -5.329720000000000464e-04
2.830350000000000032e-04 -7.206180000000000181e-04
3.710159999999999999e-04 -7.981460000000000117e-04
4.259399999999999775e-04 -7.874419999999999597e-04
4.251120000000000051e-04 -7.091200000000000411e-04
3.554019999999999966e-04 -5.666059999999999890e-04
2.250139999999999974e-04 -3.638150000000000260e-04
6.134480000000000260e-05 -9.336600000000000021e-05
-1.046879999999999979e-04 2.357260000000000128e-04
-2.517999999999999947e-04 5.399289999999999732e-04
-3.679619999999999983e-04 7.463889999999999718e-04
-4.430939999999999965e-04 8.418600000000000475e-04
-4.654959999999999762e-04 8.433940000000000230e-04
-4.264699999999999741e-04 7.749830000000000304e-04
-3.290750000000000164e-04 6.369420000000000420e-04
-1.911299999999999946e-04 4.063180000000000220e-04
-3.738009999999999808e-05 7.888480000000000069e-05
1.137559999999999998e-04 -3.176589999999999752e-04
2.568429999999999802e-04 -7.106410000000000287e-04
3.902560000000000122e-04 -9.664689999999999653e-04
4.992939999999999531e-04 -1.013690000000000034e-03
5.520559999999999877e-04 -8.959299999999999686e-04
5.150629999999999575e-04 -6.943770000000000367e-04
3.764630000000000038e-04 -4.597569999999999825e-04
1.582510000000000134e-04 -1.672239999999999968e-04
-9.182019999999999885e-05 2.037610000000000029e-04
-3.206320000000000025e-04 5.799709999999999805e-04
-4.889960000000000053e-04 8.767109999999999617e-04
-5.806960000000000116e-04 1.057570000000000081e-03
-5.958940000000000244e-04 1.083460000000000065e-03
-5.366690000000000349e-04 9.329580000000000078e-04
-4.016189999999999777e-04 6.051070000000000190e-04
-1.944570000000000120e-04 1.398869999999999975e-04
6.365800000000000614e-05 -3.527410000000000029e-04
3.330520000000000225e-04 -7.963879999999999787e-04
5.672760000000000215e-04 -1.125949999999999911e-03
7.233969999999999723e-04 -1.257609999999999935e-03
7.661499999999999474e-04 -1.162320000000000107e-03
6.745569999999999995e-04 -8.850289999999999590e-04
4.539899999999999817e-04 -5.198860000000000026e-04
1.435909999999999877e-04 -1.224619999999999940e-04
-1.927309999999999950e-04 3.229439999999999763e-04
-4.884000000000000537e-04 8.000499999999999582e-04
-6.935679999999999840e-04 1.189649999999999996e-03
-7.829609999999999868e-04 1.366730000000000028e-03
-7.538990000000000405e-04 1.288499999999999932e-03
-6.174789999999999879e-04 9.764889999999999811e-04
-3.885480000000000075e-04 4.736580000000000109e-04
-8.428869999999999820e-05 -1.550459999999999924e-04
2.649300000000000266e-04 -7.785550000000000023e-04
6.043690000000000000e-04 -1.238060000000000029e-03
8.609890000000000468e-04 -1.441970000000000101e-03
9.678140000000000007e-04 -1.390119999999999897e-03
8.889920000000000157e-04 -1.120469999999999930e-03
6.310219999999999631e-04 -6.788090000000000530e-04
2.410900000000000109e-04 -1.307380000000000076e-04
-2.032039999999999877e-04 4.619560000000000203e-04
-6.129860000000000430e-04 1.036430000000000077e-03
-9.108189999999999949e-04 1.475229999999999901e-03
-1.046389999999999907e-03 1.649410000000000025e-03
-1.000809999999999981e-03 1.498790000000000061e-03
-7.818939999999999918e-04 1.028650000000000094e-03
-4.171150000000000205e-04 3.058889999999999981e-04
4.760309999999999829e-05 -5.214139999999999921e-04
5.421510000000000478e-04 -1.237220000000000030e-03
9.713900000000000355e-04 -1.660559999999999944e-03
1.233249999999999971e-03 -1.754219999999999911e-03
1.252620000000000079e-03 -1.570599999999999904e-03
1.009810000000000091e-03 -1.131889999999999979e-03
5.474790000000000212e-04 -4.381729999999999805e-04
-4.151320000000000091e-05 4.100609999999999759e-04
-6.361270000000000032e-04 1.205139999999999944e-03
-1.114680000000000054e-03 1.757139999999999917e-03
-1.381440000000000055e-03 1.963579999999999926e-03
-1.382549999999999968e-03 1.797809999999999946e-03
-1.109469999999999987e-03 1.252620000000000079e-03
-5.988319999999999884e-04 3.840149999999999749e-04
6.481439999999999391e-05 -6.194969999999999947e-04
7.527509999999999627e-04 -1.496860000000000031e-03
1.314770000000000045e-03 -2.023120000000000213e-03
1.616739999999999974e-03 -2.098220000000000033e-03
1.576240000000000020e-03 -1.744300000000000061e-03
1.183680000000000105e-03 -1.032600000000000054e-03
5.081369999999999767e-04 -9.328930000000000143e-05
-3.091370000000000185e-04 8.660270000000000077e-04
-1.081600000000000053e-03 1.665870000000000068e-03
-1.627669999999999898e-03 2.180130000000000175e-03
-1.822559999999999979e-03 2.274190000000000152e-03
-1.623909999999999893e-03 1.823229999999999903e-03
-1.069129999999999950e-03 8.610430000000000297e-04
-2.633259999999999789e-04 -3.371459999999999735e-04
6.338620000000000105e-04 -1.427389999999999952e-03
1.430709999999999968e-03 -2.163870000000000030e-03
1.940389999999999953e-03 -2.439629999999999924e-03
2.026249999999999839e-03 -2.218630000000000081e-03
1.641679999999999962e-03 -1.476579999999999906e-03
8.525590000000000208e-04 -3.370329999999999832e-04
-1.671459999999999884e-04 8.947879999999999853e-04
-1.175999999999999962e-03 1.912029999999999893e-03
-1.931610000000000054e-03 2.488230000000000129e-03
-2.250429999999999878e-03 2.463710000000000032e-03
-2.043650000000000154e-03 1.838570000000000091e-03
-1.337899999999999940e-03 7.938319999999999578e-04
-2.812240000000000031e-04 -4.389910000000000123e-04
8.798869999999999868e-04 -1.597619999999999900e-03
1.857750000000000026e-03 -2.411229999999999884e-03
2.401809999999999883e-03 -2.679940000000000013e-03
2.367989999999999939e-03 -2.277540000000000207e-03
1.752670000000000009e-03 -1.237849999999999975e-03
6.911950000000000255e-04 1.252720000000000027e-04
-5.688940000000000186e-04 1.391440000000000081e-03
-1.719229999999999977e-03 2.251930000000000077e-03
-2.462699999999999959e-03 2.553779999999999852e-03
-2.590550000000000058e-03 2.242050000000000206e-03
-2.043839999999999893e-03 1.334389999999999969e-03
-9.430130000000000326e-04 6.585539999999999970e-05
4.297899999999999898e-04 -1.190950000000000081e-03
1.706379999999999963e-03 -2.122730000000000190e-03
2.543109999999999902e-03 -2.523130000000000164e-03
2.718280000000000002e-03 -2.296380000000000209e-03
2.185069999999999894e-03 -1.487119999999999978e-03
1.079410000000000048e-03 -3.155209999999999764e-04
-3.127129999999999992e-04 9.398679999999999535e-04
-1.626099999999999898e-03 1.954959999999999944e-03
-2.510189999999999817e-03 2.403170000000000046e-03
-2.724170000000000150e-03 2.182640000000000014e-03
-2.208789999999999972e-03 1.429780000000000070e-03
-1.106610000000000059e-03 3.774939999999999741e-04
2.807400000000000260e-04 -7.671590000000000050e-04
1.579150000000000085e-03 -1.736719999999999974e-03
2.439960000000000132e-03 -2.199379999999999911e-03
2.632680000000000090e-03 -2.057709999999999921e-03
2.115520000000000074e-03 -1.439710000000000078e-03
1.048759999999999927e-03 -5.269129999999999474e-04
-2.599039999999999836e-04 4.666019999999999890e-04
-1.449879999999999962e-03 1.312940000000000071e-03
-2.207119999999999915e-03 1.809309999999999955e-03
-2.346560000000000139e-03 1.851690000000000020e-03
-1.860550000000000094e-03 1.454900000000000073e-03
-9.151720000000000124e-04 7.240839999999999473e-04
2.076679999999999911e-04 -1.471060000000000108e-04
1.199860000000000076e-03 -9.423090000000000068e-04
1.815610000000000054e-03 -1.501560000000000091e-03
1.930129999999999953e-03 -1.686730000000000000e-03
1.555189999999999914e-03 -1.415009999999999966e-03
8.207470000000000347e-04 -7.854879999999999848e-04
-6.419670000000000151e-05 -2.180280000000000071e-05
-8.681249999999999731e-04 6.947480000000000235e-04
-1.399719999999999914e-03 1.231990000000000082e-03
-1.553029999999999949e-03 1.465720000000000000e-03
-1.322730000000000043e-03 1.327959999999999991e-03
-7.942609999999999905e-04 8.535959999999999772e-04
-1.160359999999999983e-04 1.765969999999999899e-04
5.410459999999999966e-04 -5.128980000000000214e-04
1.026690000000000024e-03 -1.033660000000000048e-03
1.243460000000000051e-03 -1.267249999999999930e-03
1.160929999999999905e-03 -1.179700000000000106e-03
8.147259999999999919e-04 -8.170630000000000340e-04
2.961260000000000172e-04 -2.843219999999999927e-04
-2.667030000000000247e-04 2.810779999999999811e-04
-7.374700000000000526e-04 7.423930000000000459e-04
-1.006460000000000037e-03 9.984180000000000485e-04
-1.019420000000000048e-03 1.004539999999999947e-03
-7.889940000000000018e-04 7.766840000000000332e-04
-3.859220000000000228e-04 3.828309999999999808e-04
8.347869999999999748e-05 -7.612460000000000635e-05
5.048649999999999579e-04 -4.920890000000000247e-04
7.822719999999999804e-04 -7.737879999999999715e-04
8.591410000000000062e-04 -8.633379999999999527e-04
7.296680000000000483e-04 -7.459889999999999620e-04
4.372690000000000040e-04 -4.548329999999999734e-04
6.072690000000000298e-05 -6.673609999999999959e-05
-3.071300000000000223e-04 3.151860000000000143e-04
-5.816929999999999887e-04 5.933660000000000106e-04
-7.047740000000000254e-04 7.083869999999999924e-04
-6.559229999999999878e-04 6.499999999999999702e-04
-4.553439999999999961e-04 4.475060000000000214e-04
-1.579440000000000043e-04 1.557600000000000130e-04
1.605699999999999890e-04 -1.563969999999999868e-04
4.227610000000000135e-04 -4.174089999999999875e-04
5.689910000000000280e-04 -5.675489999999999832e-04
5.716119999999999882e-04 -5.745620000000000328e-04
4.395490000000000161e-04 -4.433129999999999753e-04
2.127879999999999962e-04 -2.137700000000000082e-04
-4.995109999999999682e-05 5.210509999999999686e-05
-2.858539999999999909e-04 2.885499999999999936e-04
-4.417679999999999893e-04 4.424039999999999744e-04
-4.853160000000000134e-04 4.836970000000000007e-04
-4.117670000000000032e-04 4.098419999999999971e-04
-2.446689999999999846e-04 2.442979999999999978e-04
-2.918750000000000134e-05 3.040999999999999853e-05
1.803189999999999925e-04 -1.789679999999999982e-04
3.345189999999999731e-04 -3.343290000000000172e-04
4.007020000000000135e-04 -4.016119999999999760e-04
3.690060000000000106e-04 -3.699379999999999943e-04
2.527639999999999943e-04 -2.528459999999999844e-04
8.391510000000000570e-05 -8.325130000000000030e-05
-9.516319999999999716e-05 9.579930000000000281e-05
-2.417920000000000052e-04 2.418180000000000080e-04
-3.230439999999999787e-04 3.225670000000000035e-04
-3.232810000000000241e-04 3.228460000000000054e-04
-2.471279999999999961e-04 2.471260000000000188e-04
-1.171779999999999952e-04 1.175210000000000019e-04
3.263389999999999938e-05 -3.233429999999999974e-05
1.658840000000000130e-04 -1.658940000000000078e-04
2.523320000000000229e-04 -2.525790000000000088e-04
2.744809999999999763e-04 -2.746889999999999987e-04
2.308289999999999951e-04 -2.308140000000000029e-04
1.353450000000000128e-04 -1.351670000000000020e-04
1.343269999999999931e-05 -1.328899999999999931e-05
-1.046379999999999966e-04 1.046210000000000000e-04
-1.911910000000000063e-04 1.910609999999999923e-04
-2.276179999999999881e-04 2.275190000000000014e-04
-2.082820000000000092e-04 2.082999999999999945e-04
