-3.530860000000000027e-08 7.081600000000000096e-07
-2.102440000000000131e-07 2.359150000000000105e-06
-6.028389999999999892e-07 3.612799999999999952e-06
-1.268970000000000066e-06 6.191289999999999637e-06
-2.611720000000000043e-06 1.564479999999999970e-05
-5.678219999999999821e-06 3.600270000000000006e-05
-1.172859999999999982e-05 6.314429999999999783e-05
-2.099640000000000111e-05 8.244890000000000270e-05
-3.158660000000000010e-05 8.214759999999999933e-05
-3.934480000000000318e-05 5.755359999999999730e-05
-3.846159999999999781e-05 7.023180000000000239e-06
-2.344899999999999860e-05 -5.747069999999999848e-05
7.056500000000000116e-06 -1.135590000000000015e-04
4.755460000000000036e-05 -1.494300000000000110e-04
8.729680000000000079e-05 -1.727370000000000099e-04
1.153359999999999948e-04 -1.970209999999999963e-04
1.252690000000000097e-04 -2.242550000000000001e-04
1.172250000000000034e-04 -2.421649999999999964e-04
9.657640000000000593e-05 -2.312349999999999909e-04
6.967370000000000345e-05 -1.723349999999999958e-04
3.915139999999999923e-05 -6.594530000000000032e-05
3.447879999999999928e-06 5.377260000000000080e-05
-3.878599999999999762e-05 1.494239999999999978e-04
-8.457380000000000670e-05 2.163459999999999917e-04
-1.264170000000000061e-04 2.680879999999999852e-04
-1.548350000000000041e-04 3.046869999999999917e-04
-1.623650000000000082e-04 3.165210000000000007e-04
-1.479990000000000038e-04 3.027010000000000009e-04
-1.185220000000000013e-04 2.740150000000000116e-04
-8.453699999999999377e-05 2.440560000000000093e-04
-5.443259999999999787e-05 2.117239999999999942e-04
-3.078259999999999899e-05 1.502040000000000005e-04
-1.073470000000000075e-05 4.150539999999999736e-05
1.083820000000000069e-05 -9.085269999999999837e-05
3.903589999999999670e-05 -2.171800000000000043e-04
7.841569999999999530e-05 -3.274339999999999824e-04
1.300119999999999878e-04 -4.146369999999999808e-04
1.861189999999999980e-04 -4.689119999999999855e-04
2.304890000000000085e-04 -4.848079999999999837e-04
2.467680000000000199e-04 -4.623359999999999861e-04
2.277140000000000089e-04 -4.061369999999999911e-04
1.771759999999999991e-04 -3.192790000000000038e-04
1.053470000000000063e-04 -2.021450000000000102e-04
2.388639999999999885e-05 -6.348039999999999618e-05
-5.597869999999999989e-05 8.620730000000000385e-05
-1.247010000000000111e-04 2.360510000000000071e-04
-1.758290000000000135e-04 3.626400000000000109e-04
-2.060780000000000012e-04 4.391420000000000046e-04
-2.145980000000000077e-04 4.606240000000000269e-04
-2.033109999999999919e-04 4.524430000000000183e-04
-1.774900000000000100e-04 4.384960000000000246e-04
-1.441629999999999951e-04 4.090049999999999914e-04
-1.088380000000000039e-04 3.342980000000000170e-04
-7.318060000000000201e-05 1.988489999999999930e-04
-3.504329999999999701e-05 3.100010000000000157e-05
9.393330000000000746e-06 -1.196610000000000051e-04
6.351309999999999335e-05 -2.522199999999999941e-04
1.283049999999999989e-04 -3.955410000000000132e-04
1.982730000000000039e-04 -5.352939999999999608e-04
2.595739999999999918e-04 -6.258919999999999631e-04
2.956559999999999896e-04 -6.251689999999999635e-04
2.947359999999999780e-04 -5.234900000000000447e-04
2.523660000000000161e-04 -3.694470000000000154e-04
1.709220000000000010e-04 -2.194440000000000084e-04
6.002879999999999691e-05 -8.107619999999999465e-05
-6.244680000000000662e-05 7.999749999999999429e-05
-1.733890000000000030e-04 2.844109999999999846e-04
-2.530559999999999841e-04 4.924449999999999921e-04
-2.939150000000000074e-04 6.354769999999999603e-04
-3.018750000000000057e-04 6.797380000000000436e-04
-2.876840000000000191e-04 6.429930000000000151e-04
-2.560800000000000012e-04 5.587870000000000423e-04
-2.036940000000000050e-04 4.379240000000000172e-04
-1.274190000000000077e-04 2.673229999999999747e-04
-3.240980000000000266e-05 3.347810000000000054e-05
7.013719999999999655e-05 -2.465979999999999995e-04
1.708559999999999918e-04 -5.087549999999999495e-04
2.640949999999999982e-04 -6.829400000000000444e-04
3.420669999999999896e-04 -7.514489999999999538e-04
3.896829999999999890e-04 -7.372439999999999636e-04
3.875850000000000237e-04 -6.610999999999999689e-04
3.235210000000000082e-04 -5.264090000000000349e-04
2.038649999999999870e-04 -3.366730000000000070e-04
5.318449999999999876e-05 -8.325850000000000254e-05
-9.998259999999999374e-05 2.265310000000000034e-04
-2.352900000000000054e-04 5.115669999999999896e-04
-3.405060000000000226e-04 7.024229999999999797e-04
-4.064380000000000141e-04 7.886549999999999767e-04
-4.242620000000000115e-04 7.879049999999999856e-04
-3.877539999999999741e-04 7.233510000000000070e-04
-2.993720000000000062e-04 5.946750000000000213e-04
-1.735910000000000122e-04 3.787039999999999981e-04
-3.189479999999999827e-05 7.040839999999999490e-05
1.083380000000000053e-04 -3.044669999999999972e-04
2.408400000000000048e-04 -6.759259999999999791e-04
3.626920000000000165e-04 -9.138800000000000525e-04
4.593719999999999921e-04 -9.509160000000000008e-04
5.026899999999999728e-04 -8.327809999999999943e-04
4.650909999999999962e-04 -6.394820000000000278e-04
3.377160000000000036e-04 -4.193959999999999941e-04
1.392110000000000060e-04 -1.466999999999999880e-04
-8.958690000000000110e-05 1.995110000000000080e-04
-2.999429999999999978e-04 5.490589999999999620e-04
-4.528840000000000231e-04 8.231329999999999810e-04
-5.325279999999999944e-04 9.896869999999999452e-04
-5.417150000000000134e-04 1.010580000000000072e-03
-4.845539999999999960e-04 8.646910000000000056e-04
-3.588469999999999746e-04 5.522520000000000380e-04
-1.665650000000000019e-04 1.128870000000000052e-04
7.152589999999999903e-05 -3.477199999999999844e-04
3.164169999999999895e-04 -7.594400000000000065e-04
5.255120000000000060e-04 -1.061759999999999917e-03
6.615049999999999489e-04 -1.174319999999999965e-03
6.932750000000000327e-04 -1.072379999999999948e-03
6.024799999999999644e-04 -8.039399999999999498e-04
3.965859999999999871e-04 -4.615579999999999878e-04
1.139839999999999983e-04 -9.550899999999999646e-05
-1.880460000000000085e-04 3.144870000000000131e-04
-4.527040000000000079e-04 7.550750000000000170e-04
-6.358289999999999732e-04 1.112120000000000079e-03
-7.116730000000000148e-04 1.268660000000000013e-03
-6.766709999999999999e-04 1.187569999999999988e-03
-5.446340000000000035e-04 8.899710000000000346e-04
-3.330610000000000016e-04 4.154289999999999827e-04
-5.714200000000000279e-05 -1.739560000000000130e-04
2.577950000000000077e-04 -7.514000000000000496e-04
5.612829999999999859e-04 -1.166939999999999991e-03
7.847870000000000063e-04 -1.339420000000000020e-03
8.690959999999999745e-04 -1.274710000000000079e-03
7.868940000000000049e-04 -1.011390000000000032e-03
5.475470000000000077e-04 -5.940640000000000503e-04
1.934729999999999957e-04 -8.632609999999999329e-05
-2.062669999999999955e-04 4.555420000000000237e-04
-5.714150000000000305e-04 9.778890000000000152e-04
-8.319780000000000361e-04 1.373220000000000083e-03
-9.432550000000000483e-04 1.520990000000000059e-03
-8.898919999999999834e-04 1.366580000000000052e-03
-6.814100000000000235e-04 9.170730000000000201e-04
-3.448120000000000048e-04 2.371250000000000040e-04
7.694009999999999879e-05 -5.315790000000000142e-04
5.189650000000000296e-04 -1.183889999999999942e-03
8.940699999999999559e-04 -1.552420000000000102e-03
1.111959999999999945e-03 -1.611309999999999912e-03
1.110789999999999954e-03 -1.418379999999999901e-03
8.783629999999999520e-04 -9.969469999999999808e-04
4.539200000000000179e-04 -3.467400000000000039e-04
-8.000830000000000441e-05 4.361270000000000207e-04
-6.120249999999999822e-04 1.156480000000000095e-03
-1.028749999999999934e-03 1.641840000000000096e-03
-1.245769999999999994e-03 1.803759999999999955e-03
-1.222420000000000104e-03 1.622710000000000081e-03
-9.576520000000000258e-04 1.094780000000000059e-03
-4.857749999999999764e-04 2.766700000000000192e-04
1.165489999999999983e-04 -6.497360000000000418e-04
7.293479999999999972e-04 -1.439949999999999954e-03
1.213920000000000060e-03 -1.889650000000000097e-03
1.453209999999999918e-03 -1.914890000000000038e-03
1.383029999999999936e-03 -1.546590000000000031e-03
1.003830000000000043e-03 -8.596329999999999466e-04
3.819970000000000223e-04 1.731049999999999969e-05
-3.530429999999999875e-04 8.871870000000000017e-04
-1.031180000000000031e-03 1.589979999999999952e-03
-1.490739999999999947e-03 2.020629999999999822e-03
-1.626789999999999920e-03 2.061190000000000071e-03
-1.409529999999999984e-03 1.599240000000000037e-03
-8.787899999999999531e-04 6.755459999999999590e-04
-1.364020000000000130e-04 -4.396189999999999798e-04
6.650960000000000032e-04 -1.421649999999999997e-03
1.350340000000000004e-03 -2.050230000000000108e-03
1.759829999999999988e-03 -2.240279999999999876e-03
1.784940000000000051e-03 -1.972150000000000205e-03
1.394150000000000033e-03 -1.234290000000000083e-03
6.527669999999999523e-04 -1.551400000000000088e-04
-2.746259999999999825e-04 9.711540000000000060e-04
-1.162080000000000014e-03 1.863539999999999901e-03
-1.792160000000000107e-03 2.324469999999999922e-03
-2.012620000000000121e-03 2.218519999999999867e-03
-1.760630000000000007e-03 1.564459999999999939e-03
-1.075070000000000019e-03 5.530300000000000363e-04
-1.009119999999999988e-04 -5.891969999999999629e-04
9.328080000000000312e-04 -1.619839999999999995e-03
1.767300000000000077e-03 -2.297239999999999872e-03
2.185780000000000015e-03 -2.452520000000000134e-03
2.073830000000000031e-03 -1.986459999999999788e-03
1.446140000000000056e-03 -9.506809999999999870e-04
4.432060000000000253e-04 3.390569999999999760e-04
-6.957590000000000042e-04 1.480100000000000035e-03
-1.687300000000000084e-03 2.194719999999999831e-03
-2.274640000000000082e-03 2.363239999999999959e-03
-2.291759999999999891e-03 1.960330000000000145e-03
-1.708000000000000100e-03 1.027190000000000091e-03
-6.512999999999999476e-04 -1.909470000000000134e-04
6.058759999999999840e-04 -1.333070000000000001e-03
1.720350000000000048e-03 -2.116010000000000200e-03
2.388200000000000045e-03 -2.369459999999999882e-03
2.432450000000000064e-03 -2.030829999999999962e-03
1.840030000000000094e-03 -1.171850000000000105e-03
7.602769999999999580e-04 -2.742939999999999864e-05
-5.279800000000000508e-04 1.128899999999999956e-03
-1.684280000000000022e-03 1.997979999999999895e-03
-2.395459999999999864e-03 2.290790000000000014e-03
-2.463640000000000014e-03 1.944490000000000107e-03
-1.868359999999999899e-03 1.124790000000000078e-03
-7.743879999999999861e-04 7.875379999999999805e-05
5.204499999999999925e-04 -9.874739999999999039e-04
1.669399999999999920e-03 -1.823030000000000006e-03
2.361690000000000057e-03 -2.129779999999999954e-03
2.405940000000000075e-03 -1.852420000000000021e-03
1.797369999999999957e-03 -1.152170000000000104e-03
7.217190000000000064e-04 -2.262820000000000131e-04
-5.122930000000000365e-04 7.099139999999999661e-04
-1.568329999999999941e-03 1.440450000000000020e-03
-2.169209999999999975e-03 1.789809999999999969e-03
-2.166990000000000149e-03 1.691940000000000067e-03
-1.585830000000000095e-03 1.196959999999999951e-03
-6.134789999999999991e-04 4.318249999999999931e-04
4.630780000000000139e-04 -4.042739999999999854e-04
1.349759999999999979e-03 -1.104289999999999959e-03
1.829059999999999974e-03 -1.530529999999999998e-03
1.809309999999999955e-03 -1.576810000000000104e-03
1.331570000000000019e-03 -1.195270000000000013e-03
5.474320000000000401e-04 -5.122660000000000451e-04
-3.221769999999999886e-04 2.381840000000000086e-04
-1.048670000000000027e-03 8.813230000000000456e-04
-1.461360000000000089e-03 1.302659999999999972e-03
-1.485530000000000097e-03 1.404059999999999944e-03
-1.145820000000000085e-03 1.149749999999999947e-03
-5.503840000000000078e-04 6.046709999999999845e-04
1.379309999999999911e-04 -8.041610000000000414e-05
7.446030000000000400e-04 -7.161440000000000470e-04
1.130520000000000093e-03 -1.136370000000000045e-03
1.223370000000000100e-03 -1.246850000000000085e-03
1.024109999999999951e-03 -1.042699999999999920e-03
5.965360000000000497e-04 -5.983019999999999918e-04
5.048069999999999934e-05 -3.855540000000000020e-05
-4.802179999999999752e-04 4.937200000000000095e-04
-8.677290000000000263e-04 8.717520000000000520e-04
-1.023510000000000045e-03 1.015730000000000062e-03
-9.219099999999999604e-04 9.081970000000000190e-04
-6.036039999999999895e-04 5.921210000000000319e-04
-1.596149999999999956e-04 1.564100000000000017e-04
2.954529999999999917e-04 -2.886909999999999910e-04
6.521510000000000111e-04 -6.398559999999999534e-04
8.312330000000000153e-04 -8.229879999999999748e-04
8.006880000000000290e-04 -8.048299999999999768e-04
5.808309999999999688e-04 -5.966110000000000380e-04
2.361569999999999956e-04 -2.528230000000000017e-04
-1.433019999999999910e-04 1.378460000000000080e-04
-4.652890000000000238e-04 4.729959999999999959e-04
-6.571339999999999733e-04 6.679480000000000226e-04
-6.813350000000000352e-04 6.845589999999999488e-04
-5.420060000000000416e-04 5.365409999999999711e-04
-2.813639999999999848e-04 2.741889999999999866e-04
3.210789999999999798e-05 -3.418600000000000100e-05
3.205940000000000005e-04 -3.168530000000000240e-04
5.156400000000000436e-04 -5.106579999999999887e-04
5.748220000000000066e-04 -5.733350000000000122e-04
4.917530000000000468e-04 -4.944329999999999602e-04
2.957680000000000183e-04 -2.993699999999999747e-04
4.158069999999999984e-05 -4.260049999999999980e-05
-2.065830000000000108e-04 2.086149999999999940e-04
-3.907809999999999843e-04 3.933860000000000178e-04
-4.715680000000000089e-04 4.721869999999999973e-04
-4.354520000000000179e-04 4.338929999999999740e-04
-2.970140000000000128e-04 2.951809999999999916e-04
-9.484580000000000593e-05 9.451459999999999799e-05
1.185790000000000043e-04 -1.174149999999999998e-04
2.907750000000000070e-04 -2.895169999999999862e-04
3.826149999999999950e-04 -3.824489999999999834e-04
3.771790000000000017e-04 -3.780230000000000092e-04
2.820550000000000227e-04 -2.829129999999999796e-04
1.254940000000000016e-04 -1.255759999999999917e-04
-5.169950000000000196e-05 5.230349999999999821e-05
-2.063099999999999949e-04 2.069030000000000077e-04
-3.027759999999999892e-04 3.028169999999999842e-04
-3.211959999999999924e-04 3.207609999999999737e-04
-2.614609999999999959e-04 2.610469999999999826e-04
-1.424220000000000130e-04 1.424060000000000050e-04
3.738009999999999893e-06 -3.420599999999999911e-06
1.402279999999999998e-04 -1.399379999999999873e-04
2.349390000000000083e-04 -2.349399999999999969e-04
2.678280000000000114e-04 -2.680599999999999780e-04
2.348100000000000100e-04 -2.350110000000000035e-04
1.476600000000000059e-04 -1.476489999999999953e-04
3.029980000000000084e-05 -3.013110000000000023e-05
-8.749810000000000172e-05 8.763519999999999741e-05
-1.774919999999999872e-04 1.774780000000000107e-04
-2.196900000000000057e-04 2.195689999999999979e-04
-2.067480000000000066e-04 2.066550000000000060e-04
-1.450380000000000029e-04 1.450529999999999951e-04
