-2.884040000000000062e-08 7.168039999999999645e-07
-1.832260000000000023e-07 2.403729999999999939e-06
-5.669350000000000404e-07 3.716809999999999994e-06
-1.262940000000000058e-06 6.373849999999999969e-06
-2.603859999999999918e-06 1.602649999999999978e-05
-5.540159999999999655e-06 3.690419999999999812e-05
-1.148480000000000056e-05 6.497220000000000111e-05
-2.117189999999999968e-05 8.538399999999999430e-05
-3.309659999999999751e-05 8.594940000000000078e-05
-4.275910000000000198e-05 6.164229999999999764e-05
-4.334890000000000097e-05 1.050760000000000084e-05
-2.835189999999999870e-05 -5.584559999999999942e-05
4.219070000000000417e-06 -1.150670000000000013e-04
4.873220000000000074e-05 -1.547460000000000122e-04
9.317959999999999806e-05 -1.817490000000000110e-04
1.246560000000000073e-04 -2.090949999999999894e-04
1.355209999999999922e-04 -2.383490000000000044e-04
1.263410000000000021e-04 -2.567410000000000005e-04
1.039579999999999964e-04 -2.444859999999999763e-04
7.579930000000000456e-05 -1.826270000000000118e-04
4.440119999999999766e-05 -7.198140000000000170e-05
7.052089999999999933e-06 5.293620000000000318e-05
-3.882579999999999679e-05 1.541910000000000015e-04
-9.003210000000000152e-05 2.265970000000000126e-04
-1.370110000000000067e-04 2.833849999999999846e-04
-1.682449999999999994e-04 3.239310000000000128e-04
-1.760950000000000004e-04 3.373739999999999855e-04
-1.605839999999999926e-04 3.221370000000000093e-04
-1.288990000000000003e-04 2.899059999999999853e-04
-9.131279999999999757e-05 2.559670000000000109e-04
-5.666810000000000044e-05 2.200770000000000005e-04
-2.946850000000000085e-05 1.549450000000000013e-04
-8.664020000000000101e-06 4.188070000000000036e-05
1.154299999999999943e-05 -9.524560000000000166e-05
3.914419999999999700e-05 -2.258019999999999906e-04
8.072350000000000055e-05 -3.398769999999999851e-04
1.366770000000000062e-04 -4.315689999999999739e-04
1.974789999999999976e-04 -4.909450000000000099e-04
2.457259999999999848e-04 -5.107189999999999733e-04
2.644239999999999742e-04 -4.891439999999999504e-04
2.454879999999999779e-04 -4.307429999999999788e-04
1.921810000000000087e-04 -3.394189999999999837e-04
1.152410000000000034e-04 -2.159580000000000082e-04
2.766360000000000056e-05 -6.918200000000000272e-05
-5.825780000000000319e-05 8.965209999999999499e-05
-1.324139999999999963e-04 2.483089999999999972e-04
-1.879729999999999975e-04 3.822270000000000116e-04
-2.214790000000000118e-04 4.638779999999999792e-04
-2.320280000000000085e-04 4.878999999999999873e-04
-2.210240000000000034e-04 4.797000000000000049e-04
-1.929450000000000034e-04 4.637840000000000170e-04
-1.551989999999999891e-04 4.308340000000000021e-04
-1.154450000000000035e-04 3.510109999999999771e-04
-7.736179999999999511e-05 2.087040000000000130e-04
-3.823510000000000260e-05 3.313240000000000147e-05
8.503269999999999988e-06 -1.247230000000000051e-04
6.767750000000000382e-05 -2.637000000000000129e-04
1.382549999999999968e-04 -4.139629999999999937e-04
2.120950000000000081e-04 -5.615690000000000438e-04
2.757899999999999870e-04 -6.585799999999999727e-04
3.150040000000000218e-04 -6.598980000000000167e-04
3.177850000000000076e-04 -5.553879999999999754e-04
2.760929999999999873e-04 -3.953389999999999769e-04
1.888229999999999911e-04 -2.375479999999999964e-04
6.638220000000000286e-05 -8.941060000000000077e-05
-6.831539999999999987e-05 8.385400000000000048e-05
-1.872540000000000066e-04 3.015359999999999807e-04
-2.701569999999999818e-04 5.208219999999999950e-04
-3.128000000000000138e-04 6.705090000000000139e-04
-3.236560000000000196e-04 7.168079999999999851e-04
-3.121520000000000024e-04 6.793259999999999533e-04
-2.797410000000000174e-04 5.926189999999999583e-04
-2.219950000000000048e-04 4.663889999999999963e-04
-1.381560000000000101e-04 2.861229999999999980e-04
-3.636170000000000119e-05 3.885830000000000029e-05
7.163930000000000374e-05 -2.560339999999999817e-04
1.785590000000000094e-04 -5.320470000000000104e-04
2.808570000000000250e-04 -7.177320000000000054e-04
3.697349999999999964e-04 -7.946290000000000384e-04
4.255749999999999767e-04 -7.849050000000000211e-04
4.245140000000000220e-04 -7.079999999999999705e-04
3.536650000000000232e-04 -5.659350000000000491e-04
2.225100000000000092e-04 -3.624179999999999850e-04
5.934180000000000162e-05 -9.118029999999999842e-05
-1.052259999999999985e-04 2.375140000000000031e-04
-2.510149999999999946e-04 5.399670000000000294e-04
-3.668030000000000184e-04 7.443589999999999929e-04
-4.421809999999999868e-04 8.386659999999999558e-04
-4.643739999999999825e-04 8.402410000000000347e-04
-4.241879999999999848e-04 7.723139999999999649e-04
-3.255040000000000060e-04 6.343300000000000067e-04
-1.875450000000000077e-04 4.034050000000000179e-04
-3.556349999999999925e-05 7.631170000000000325e-05
1.130040000000000043e-04 -3.184290000000000102e-04
2.543040000000000101e-04 -7.085560000000000512e-04
3.875910000000000097e-04 -9.620190000000000468e-04
4.977529999999999758e-04 -1.008839999999999997e-03
5.515220000000000365e-04 -8.927390000000000325e-04
5.142220000000000514e-04 -6.934190000000000232e-04
3.741419999999999967e-04 -4.596730000000000152e-04
1.547680000000000063e-04 -1.660339999999999895e-04
-9.472709999999999637e-05 2.066070000000000092e-04
-3.214429999999999783e-04 5.827970000000000242e-04
-4.878099999999999797e-04 8.770310000000000128e-04
-5.786590000000000310e-04 1.054339999999999965e-03
-5.935590000000000137e-04 1.077880000000000027e-03
-5.335379999999999593e-04 9.271550000000000364e-04
-3.973000000000000078e-04 6.004170000000000080e-04
-1.897540000000000132e-04 1.365290000000000069e-04
6.718500000000000134e-05 -3.548110000000000153e-04
3.343770000000000141e-04 -7.968689999999999628e-04
5.664249999999999580e-04 -1.124479999999999967e-03
7.209719999999999540e-04 -1.254249999999999940e-03
7.626500000000000249e-04 -1.157580000000000067e-03
6.700229999999999511e-04 -8.794859999999999614e-04
4.481649999999999892e-04 -5.139370000000000093e-04
1.366779999999999948e-04 -1.164569999999999999e-04
-1.992150000000000095e-04 3.282790000000000057e-04
-4.918330000000000054e-04 8.032199999999999973e-04
-6.919819999999999487e-04 1.188679999999999902e-03
-7.767320000000000300e-04 1.360459999999999968e-03
-7.453390000000000275e-04 1.277979999999999958e-03
-6.088139999999999481e-04 9.648280000000000398e-04
-3.807719999999999790e-04 4.642469999999999887e-04
-7.791210000000000236e-05 -1.604029999999999887e-04
2.688669999999999992e-04 -7.798360000000000057e-04
6.046660000000000142e-04 -1.235919999999999944e-03
8.573260000000000516e-04 -1.436900000000000070e-03
9.609080000000000095e-04 -1.382610000000000046e-03
8.798739999999999990e-04 -1.111290000000000021e-03
6.206820000000000045e-04 -6.688900000000000011e-04
2.308429999999999987e-04 -1.211200000000000059e-04
-2.114239999999999869e-04 4.698120000000000074e-04
-6.169819999999999688e-04 1.040399999999999919e-03
-9.090290000000000002e-04 1.473139999999999953e-03
-1.038759999999999900e-03 1.640509999999999972e-03
-9.888690000000000761e-04 1.484700000000000039e-03
-7.680729999999999762e-04 1.012859999999999976e-03
-4.039329999999999830e-04 2.921690000000000008e-04
5.794220000000000235e-05 -5.304450000000000484e-04
5.479820000000000264e-04 -1.240489999999999909e-03
9.717509999999999733e-04 -1.658119999999999906e-03
1.227739999999999951e-03 -1.746689999999999961e-03
1.241179999999999931e-03 -1.558759999999999963e-03
9.932910000000000957e-04 -1.116559999999999948e-03
5.286229999999999835e-04 -4.208179999999999950e-04
-5.825599999999999924e-05 4.264660000000000195e-04
-6.465779999999999748e-04 1.216220000000000061e-03
-1.116779999999999943e-03 1.758940000000000069e-03
-1.375080000000000096e-03 1.954870000000000045e-03
-1.368370000000000046e-03 1.780590000000000081e-03
-1.088779999999999913e-03 1.230629999999999918e-03
-5.747900000000000448e-04 3.611579999999999869e-04
8.700350000000000141e-05 -6.394359999999999541e-04
7.677079999999999755e-04 -1.509900000000000001e-03
1.319089999999999976e-03 -2.025830000000000165e-03
1.609460000000000057e-03 -2.089249999999999961e-03
1.558080000000000099e-03 -1.724980000000000090e-03
1.156750000000000009e-03 -1.006130000000000045e-03
4.766869999999999983e-04 -6.383959999999999776e-05
-3.386609999999999751e-04 8.933699999999999931e-04
-1.101989999999999957e-03 1.685010000000000023e-03
-1.633099999999999960e-03 2.185170000000000168e-03
-1.810420000000000085e-03 2.261780000000000127e-03
-1.595929999999999961e-03 1.794559999999999949e-03
-1.031240000000000108e-03 8.221390000000000512e-04
-2.236340000000000073e-04 -3.771490000000000172e-04
6.674930000000000143e-04 -1.459240000000000103e-03
1.451679999999999898e-03 -2.180880000000000058e-03
1.943209999999999903e-03 -2.438580000000000088e-03
2.007580000000000128e-03 -2.199070000000000018e-03
1.603019999999999922e-03 -1.440410000000000041e-03
8.018549999999999723e-04 -2.895850000000000268e-04
-2.177380000000000081e-04 9.438750000000000525e-04
-1.214639999999999904e-03 1.950539999999999956e-03
-1.949750000000000094e-03 2.505589999999999814e-03
-2.243450000000000132e-03 2.454819999999999919e-03
-2.011139999999999803e-03 1.804730000000000049e-03
-1.284479999999999953e-03 7.414770000000000432e-04
-2.171490000000000041e-04 -4.997899999999999565e-04
9.399210000000000290e-04 -1.654169999999999946e-03
1.898200000000000061e-03 -2.449900000000000081e-03
2.411069999999999967e-03 -2.689439999999999973e-03
2.342219999999999892e-03 -2.252909999999999895e-03
1.696929999999999923e-03 -1.182969999999999985e-03
6.175790000000000446e-04 1.981940000000000069e-04
-6.446099999999999964e-04 1.465429999999999988e-03
-1.780349999999999988e-03 2.309859999999999951e-03
-2.493729999999999992e-03 2.581969999999999838e-03
-2.580639999999999930e-03 2.232329999999999818e-03
-1.991559999999999858e-03 1.285789999999999980e-03
-8.590790000000000058e-04 -1.350859999999999972e-05
5.251220000000000453e-04 -1.283620000000000073e-03
1.789460000000000096e-03 -2.205499999999999995e-03
2.592969999999999997e-03 -2.573779999999999905e-03
2.721139999999999930e-03 -2.300319999999999795e-03
2.137659999999999994e-03 -1.441290000000000019e-03
9.907740000000000383e-04 -2.290899999999999903e-04
-4.221800000000000270e-04 1.047160000000000105e-03
-1.729159999999999985e-03 2.056759999999999925e-03
-2.579899999999999988e-03 2.472859999999999902e-03
-2.741320000000000215e-03 2.200829999999999974e-03
-2.166949999999999953e-03 1.389969999999999921e-03
-1.014050000000000064e-03 2.879180000000000172e-04
4.020590000000000210e-04 -8.855620000000000028e-04
1.698269999999999988e-03 -1.854839999999999961e-03
2.525359999999999931e-03 -2.286429999999999886e-03
2.661499999999999803e-03 -2.089360000000000175e-03
2.079350000000000209e-03 -1.405720000000000060e-03
9.553409999999999593e-04 -4.347479999999999921e-04
-3.880089999999999776e-04 5.938239999999999578e-04
-1.579890000000000027e-03 1.442710000000000043e-03
-2.304409999999999792e-03 1.907859999999999938e-03
-2.384729999999999836e-03 1.892460000000000106e-03
-1.829239999999999989e-03 1.425969999999999929e-03
-8.226849999999999745e-04 6.323319999999999896e-04
3.370669999999999764e-04 -2.774569999999999966e-04
1.332529999999999956e-03 -1.076590000000000099e-03
1.917209999999999921e-03 -1.604530000000000062e-03
1.974479999999999812e-03 -1.731930000000000015e-03
1.531379999999999937e-03 -1.391450000000000022e-03
7.359390000000000159e-04 -7.002259999999999734e-04
-1.872959999999999903e-04 1.021130000000000030e-04
-9.977049999999999894e-04 8.247960000000000361e-04
-1.502770000000000061e-03 1.335019999999999913e-03
-1.603529999999999929e-03 1.516350000000000076e-03
-1.308649999999999961e-03 1.314410000000000014e-03
-7.208759999999999604e-04 7.804669999999999663e-04
-3.820490000000000245e-06 6.369880000000000073e-05
6.628219999999999772e-04 -6.357949999999999800e-04
1.127820000000000081e-03 -1.135149999999999918e-03
1.299800000000000044e-03 -1.322779999999999963e-03
1.159670000000000015e-03 -1.177349999999999968e-03
7.572829999999999796e-04 -7.593600000000000480e-04
1.979050000000000102e-04 -1.867980000000000096e-04
-3.802279999999999788e-04 3.937920000000000136e-04
-8.375519999999999797e-04 8.423140000000000401e-04
-1.068640000000000041e-03 1.061059999999999955e-03
-1.029549999999999953e-03 1.015190000000000016e-03
-7.462389999999999952e-04 7.340680000000000469e-04
-3.023449999999999792e-04 2.990429999999999759e-04
1.862939999999999887e-04 -1.792169999999999885e-04
6.012640000000000085e-04 -5.886119999999999677e-04
8.488099999999999725e-04 -8.402760000000000437e-04
8.802670000000000069e-04 -8.843510000000000173e-04
7.014490000000000395e-04 -7.177000000000000436e-04
3.681460000000000223e-04 -3.856900000000000020e-04
-3.096880000000000070e-05 2.498630000000000165e-05
-3.981729999999999840e-04 4.062730000000000182e-04
-6.499599999999999909e-04 6.616149999999999462e-04
-7.345360000000000431e-04 7.380209999999999462e-04
-6.412539999999999560e-04 6.351939999999999496e-04
-4.011449999999999955e-04 3.933300000000000034e-04
-7.853099999999999740e-05 7.654960000000000312e-05
2.450609999999999768e-04 -2.407110000000000066e-04
4.914750000000000065e-04 -4.861760000000000018e-04
6.056450000000000332e-04 -6.044419999999999567e-04
5.684460000000000120e-04 -5.715619999999999598e-04
3.988470000000000253e-04 -4.025289999999999944e-04
1.457929999999999914e-04 -1.465419999999999939e-04
-1.261599999999999983e-04 1.284459999999999964e-04
-3.526220000000000266e-04 3.552219999999999813e-04
-4.832969999999999909e-04 4.837299999999999781e-04
-4.923679999999999723e-04 4.906549999999999974e-04
-3.837700000000000204e-04 3.819369999999999992e-04
-1.896479999999999976e-04 1.894409999999999909e-04
3.849380000000000065e-05 -3.720270000000000212e-05
2.437650000000000081e-04 -2.424930000000000108e-04
3.785670000000000094e-04 -3.785090000000000177e-04
4.155130000000000043e-04 -4.164729999999999951e-04
3.521530000000000146e-04 -3.530170000000000118e-04
2.094829999999999999e-04 -2.094599999999999902e-04
2.557290000000000041e-05 -2.487150000000000065e-05
-1.539730000000000113e-04 1.545530000000000092e-04
-2.868559999999999925e-04 2.867990000000000166e-04
-3.439760000000000148e-04 3.434719999999999939e-04
-3.159389999999999985e-04 3.155519999999999766e-04
-2.143980000000000029e-04 2.144629999999999963e-04
-6.797080000000000320e-05 6.833110000000000041e-05
8.581859999999999857e-05 -8.555890000000000511e-05
2.101209999999999894e-04 -2.101810000000000126e-04
2.773680000000000047e-04 -2.776260000000000012e-04
2.750650000000000100e-04 -2.752400000000000007e-04
2.077709999999999865e-04 -2.077170000000000036e-04
9.510449999999999720e-05 -9.491969999999999856e-05
-3.363580000000000075e-05 3.375310000000000045e-05
-1.469350000000000018e-04 1.468890000000000094e-04
-2.187350000000000123e-04 2.186020000000000053e-04
-2.343950000000000081e-04 2.343169999999999997e-04
-1.935279999999999943e-04 1.935659999999999963e-04
