-6.902370000000000019e-09 1.013520000000000039e-06
-5.149399999999999775e-08 4.304639999999999667e-06
-1.965269999999999968e-07 9.652030000000000489e-06
-5.470789999999999717e-07 1.973429999999999840e-05
-1.325779999999999951e-06 4.396329999999999970e-05
-3.041399999999999798e-06 9.731990000000000313e-05
-6.669620000000000188e-06 1.920749999999999931e-04
-1.364810000000000067e-05 3.234040000000000092e-04
-2.553740000000000049e-05 4.676640000000000137e-04
-4.336420000000000064e-05 5.813949999999999587e-04
-6.676540000000000285e-05 6.042649999999999888e-04
-9.327199999999999738e-05 4.881609999999999769e-04
-1.182359999999999976e-04 2.226119999999999889e-04
-1.356259999999999920e-04 -1.644200000000000013e-04
-1.394020000000000046e-04 -6.214779999999999610e-04
-1.249210000000000056e-04 -1.091060000000000033e-03
-8.981710000000000442e-05 -1.522600000000000038e-03
-3.412440000000000145e-05 -1.878050000000000032e-03
4.025900000000000198e-05 -2.123970000000000198e-03
1.302560000000000078e-04 -2.213950000000000119e-03
2.319599999999999950e-04 -2.093670000000000166e-03
3.406099999999999796e-04 -1.734169999999999939e-03
4.505029999999999929e-04 -1.146220000000000095e-03
5.549310000000000440e-04 -3.716030000000000266e-04
6.461830000000000438e-04 5.160609999999999503e-04
7.157440000000000373e-04 1.410159999999999929e-03
7.547639999999999991e-04 2.195050000000000039e-03
7.546439999999999529e-04 2.777050000000000091e-03
7.075220000000000337e-04 3.103059999999999933e-03
6.066809999999999738e-04 3.166669999999999902e-03
4.471119999999999977e-04 2.990580000000000061e-03
2.267100000000000029e-04 2.588870000000000060e-03
-5.168410000000000208e-05 1.965140000000000203e-03
-3.780179999999999847e-04 1.140900000000000030e-03
-7.334509999999999814e-04 1.527649999999999917e-04
-1.090150000000000017e-03 -9.444810000000000531e-04
-1.413009999999999917e-03 -2.056670000000000026e-03
-1.663549999999999968e-03 -3.054719999999999918e-03
-1.805380000000000092e-03 -3.802369999999999795e-03
-1.810039999999999956e-03 -4.186510000000000058e-03
-1.662030000000000104e-03 -4.145710000000000367e-03
-1.361769999999999994e-03 -3.680150000000000088e-03
-9.262149999999999810e-04 -2.845349999999999963e-03
-3.870179999999999866e-04 -1.744609999999999954e-03
2.130260000000000031e-04 -5.010060000000000208e-04
8.245340000000000308e-04 7.645310000000000430e-04
1.396359999999999919e-03 1.931430000000000039e-03
1.880280000000000016e-03 2.882730000000000015e-03
2.235270000000000139e-03 3.525410000000000089e-03
2.430780000000000007e-03 3.816770000000000145e-03
2.448810000000000049e-03 3.763910000000000085e-03
2.284950000000000002e-03 3.397680000000000144e-03
1.948780000000000000e-03 2.752730000000000107e-03
1.463960000000000044e-03 1.858889999999999978e-03
8.675039999999999531e-04 7.645119999999999607e-04
2.078179999999999947e-04 -4.477810000000000145e-04
-4.587759999999999863e-04 -1.701529999999999926e-03
-1.072599999999999942e-03 -2.929580000000000205e-03
-1.576160000000000061e-03 -4.032749999999999876e-03
-1.920580000000000074e-03 -4.886109999999999932e-03
-2.072029999999999879e-03 -5.348789999999999968e-03
-2.017140000000000166e-03 -5.289570000000000383e-03
-1.765840000000000075e-03 -4.656979999999999800e-03
-1.350410000000000022e-03 -3.500780000000000211e-03
-8.208679999999999883e-04 -1.946559999999999957e-03
-2.378530000000000011e-04 -1.549490000000000101e-04
3.352569999999999921e-04 1.709220000000000010e-03
8.395880000000000530e-04 3.477309999999999950e-03
1.226599999999999999e-03 4.985859999999999945e-03
1.462009999999999916e-03 6.097149999999999966e-03
1.527539999999999974e-03 6.711329999999999726e-03
1.420910000000000055e-03 6.766570000000000397e-03
1.154569999999999945e-03 6.234049999999999661e-03
7.539489999999999604e-04 5.116909999999999688e-03
2.555740000000000030e-04 3.448969999999999987e-03
-2.948599999999999789e-04 1.309309999999999944e-03
-8.450079999999999571e-04 -1.139459999999999909e-03
-1.339670000000000053e-03 -3.644870000000000141e-03
-1.725879999999999949e-03 -5.909130000000000285e-03
-1.958580000000000130e-03 -7.632749999999999778e-03
-2.005990000000000030e-03 -8.560009999999999841e-03
-1.853810000000000006e-03 -8.529020000000000004e-03
-1.507249999999999909e-03 -7.512030000000000270e-03
-9.909289999999999852e-04 -5.585530000000000009e-03
-3.469580000000000212e-04 -2.916250000000000005e-03
3.685909999999999816e-04 1.940090000000000054e-04
1.090889999999999959e-03 3.372459999999999868e-03
1.752319999999999919e-03 6.235519999999999605e-03
2.288510000000000110e-03 8.425999999999999462e-03
2.643879999999999928e-03 9.672760000000000732e-03
2.776439999999999811e-03 9.811500000000000776e-03
2.662020000000000185e-03 8.780559999999999754e-03
2.297819999999999897e-03 6.626400000000000172e-03
1.705350000000000008e-03 3.491859999999999842e-03
9.316889999999999764e-04 -3.587439999999999791e-04
4.762159999999999820e-05 -4.465349999999999875e-03
-8.586940000000000154e-04 -8.249609999999999235e-03
-1.691519999999999959e-03 -1.113639999999999942e-02
-2.358990000000000045e-03 -1.265160000000000069e-02
-2.784239999999999892e-03 -1.252149999999999964e-02
-2.914719999999999984e-03 -1.068329999999999974e-02
-2.728990000000000148e-03 -7.307000000000000127e-03
-2.239999999999999804e-03 -2.818090000000000091e-03
-1.494679999999999967e-03 2.211600000000000198e-03
-5.705200000000000332e-04 7.163789999999999741e-03
4.307129999999999943e-04 1.138899999999999982e-02
1.392540000000000054e-03 1.428959999999999952e-02
2.196270000000000167e-03 1.538040000000000067e-02
2.735580000000000043e-03 1.437330000000000031e-02
2.930939999999999934e-03 1.129360000000000086e-02
2.741720000000000008e-03 6.447360000000000070e-03
2.174240000000000027e-03 4.392849999999999793e-04
1.283639999999999955e-03 -5.855220000000000390e-03
1.689399999999999919e-04 -1.146559999999999940e-02
-1.037479999999999913e-03 -1.551199999999999975e-02
-2.184290000000000190e-03 -1.738469999999999946e-02
-3.117650000000000022e-03 -1.680749999999999952e-02
-3.699290000000000044e-03 -1.381519999999999970e-02
-3.824989999999999900e-03 -8.764090000000000422e-03
-3.441360000000000079e-03 -2.333200000000000118e-03
-2.557859999999999908e-03 4.583389999999999687e-03
-1.251860000000000039e-03 1.100240000000000072e-02
3.351459999999999791e-04 1.595190000000000149e-02
2.011479999999999952e-03 1.858910000000000076e-02
3.558710000000000085e-03 1.834929999999999894e-02
4.761119999999999762e-03 1.512589999999999942e-02
5.436339999999999575e-03 9.346520000000000522e-03
5.462340000000000424e-03 1.899759999999999904e-03
4.797339999999999764e-03 -6.024589999999999806e-03
3.490000000000000047e-03 -1.313289999999999944e-02
1.678440000000000010e-03 -1.825919999999999974e-02
-4.223219999999999860e-04 -2.058039999999999869e-02
-2.543940000000000177e-03 -1.971010000000000123e-02
-4.397909999999999667e-03 -1.572729999999999961e-02
-5.715020000000000343e-03 -9.205309999999999535e-03
-6.285609999999999635e-03 -1.136070000000000092e-03
-5.994529999999999650e-03 7.226240000000000094e-03
-4.844720000000000276e-03 1.451460000000000077e-02
-2.964210000000000109e-03 1.945739999999999970e-02
-5.942360000000000480e-04 2.114320000000000088e-02
1.940019999999999982e-03 1.925949999999999884e-02
4.272009999999999696e-03 1.416590000000000037e-02
6.044840000000000109e-03 6.767650000000000055e-03
6.964709999999999825e-03 -1.661839999999999932e-03
6.849290000000000066e-03 -9.663019999999999596e-03
5.662539999999999761e-03 -1.583009999999999973e-02
3.529759999999999842e-03 -1.910970000000000030e-02
7.290969999999999483e-04 -1.899850000000000150e-02
-2.341179999999999997e-03 -1.558439999999999999e-02
-5.217300000000000236e-03 -9.512929999999999303e-03
-7.439489999999999992e-03 -1.882809999999999952e-03
-8.625680000000000153e-03 5.894100000000000207e-03
-8.536890000000000103e-03 1.235540000000000076e-02
-7.123270000000000123e-03 1.632000000000000117e-02
-4.542710000000000151e-03 1.712829999999999908e-02
-1.147320000000000067e-03 1.476910000000000028e-02
2.562449999999999971e-03 9.842560000000000198e-03
6.011120000000000005e-03 3.405379999999999952e-03
8.638840000000000061e-03 -3.233209999999999817e-03
9.995060000000000056e-03 -8.810020000000000004e-03
9.819819999999999938e-03 -1.239110000000000038e-02
8.097170000000000756e-03 -1.345979999999999920e-02
5.068480000000000207e-03 -1.195829999999999983e-02
1.200740000000000054e-03 -8.330670000000000089e-03
-2.885770000000000175e-03 -3.476330000000000132e-03
-6.518669999999999846e-03 1.478530000000000035e-03
-9.087470000000000270e-03 5.506379999999999955e-03
-1.015100000000000030e-02 7.873480000000000409e-03
-9.518610000000000265e-03 8.262870000000000284e-03
-7.288539999999999602e-03 6.805280000000000357e-03
-3.835789999999999946e-03 4.039690000000000294e-03
2.500390000000000230e-04 8.210099999999999473e-04
4.266179999999999625e-03 -1.977480000000000210e-03
7.520930000000000323e-03 -3.733150000000000183e-03
9.458060000000000772e-03 -4.147310000000000406e-03
9.757460000000000785e-03 -3.298999999999999849e-03
8.392689999999999526e-03 -1.654300000000000041e-03
5.634069999999999703e-03 1.407419999999999884e-04
1.995690000000000051e-03 1.497730000000000068e-03
-1.863740000000000015e-03 1.991000000000000148e-03
-5.266070000000000299e-03 1.490510000000000012e-03
-7.639960000000000327e-03 1.994669999999999928e-04
-8.623270000000000587e-03 -1.440440000000000080e-03
-8.121750000000000497e-03 -2.814619999999999882e-03
-6.314349999999999824e-03 -3.317150000000000046e-03
-3.604879999999999977e-03 -2.659560000000000049e-03
-5.310059999999999910e-04 -9.599069999999999695e-04
2.348760000000000084e-03 1.324050000000000010e-03
4.564450000000000278e-03 3.518600000000000200e-03
5.817410000000000289e-03 4.902319999999999942e-03
6.020959999999999680e-03 4.890910000000000049e-03
5.292559999999999973e-03 3.343420000000000159e-03
3.902379999999999998e-03 6.248329999999999856e-04
2.194349999999999860e-03 -2.553090000000000047e-03
5.019669999999999731e-04 -5.314010000000000088e-03
-9.200459999999999932e-04 -6.851760000000000142e-03
-1.933189999999999995e-03 -6.675880000000000355e-03
-2.515739999999999817e-03 -4.800190000000000186e-03
-2.731710000000000041e-03 -1.679329999999999929e-03
-2.682130000000000018e-03 1.865920000000000079e-03
-2.455750000000000034e-03 4.806709999999999629e-03
-2.095559999999999784e-03 6.302649999999999919e-03
-1.592450000000000029e-03 5.965230000000000185e-03
-9.071609999999999700e-04 3.930280000000000405e-03
-1.025139999999999980e-05 7.498980000000000359e-04
1.075669999999999925e-03 -2.689400000000000211e-03
2.247340000000000015e-03 -5.339729999999999997e-03
3.319330000000000110e-03 -6.456970000000000244e-03
4.055800000000000030e-03 -5.809680000000000226e-03
4.229349999999999776e-03 -3.656340000000000111e-03
3.690230000000000073e-03 -6.775820000000000324e-04
2.425319999999999906e-03 2.243300000000000155e-03
5.869519999999999599e-04 4.296089999999999805e-03
-1.520609999999999930e-03 5.003760000000000326e-03
-3.497969999999999986e-03 4.336340000000000160e-03
-4.938109999999999895e-03 2.655820000000000142e-03
-5.522970000000000310e-03 5.859619999999999846e-04
-5.103530000000000219e-03 -1.222580000000000021e-03
-3.741459999999999838e-03 -2.332330000000000080e-03
-1.700550000000000108e-03 -2.566789999999999784e-03
6.098689999999999710e-04 -1.990689999999999821e-03
2.725659999999999975e-03 -9.217949999999999929e-04
4.231089999999999851e-03 1.983630000000000115e-04
4.848950000000000309e-03 1.026079999999999961e-03
4.496019999999999878e-03 1.396040000000000085e-03
3.292259999999999978e-03 1.305629999999999898e-03
1.524500000000000030e-03 8.924459999999999728e-04
-4.245779999999999997e-04 3.662070000000000125e-04
-2.163410000000000159e-03 -7.749910000000000479e-05
-3.373820000000000031e-03 -3.150960000000000067e-04
-3.870399999999999969e-03 -3.191140000000000079e-04
-3.625919999999999924e-03 -1.489100000000000092e-04
-2.760480000000000052e-03 8.451709999999999757e-05
-1.500489999999999940e-03 2.610220000000000227e-04
-1.198780000000000066e-04 2.887209999999999755e-04
1.121500000000000101e-03 1.253779999999999912e-04
2.028349999999999945e-03 -2.128169999999999921e-04
2.499540000000000182e-03 -6.521230000000000039e-04
2.532860000000000059e-03 -1.077660000000000033e-03
2.207590000000000160e-03 -1.363070000000000080e-03
1.651979999999999942e-03 -1.404880000000000061e-03
1.005929999999999932e-03 -1.154379999999999989e-03
3.886229999999999958e-04 -6.387800000000000335e-04
-1.217610000000000019e-04 3.844720000000000011e-05
-4.931939999999999675e-04 7.222539999999999733e-04
-7.315149999999999647e-04 1.249019999999999991e-03
-8.637760000000000186e-04 1.491799999999999940e-03
-9.198980000000000481e-04 1.392159999999999925e-03
-9.187509999999999861e-04 9.697850000000000264e-04
-8.625459999999999508e-04 3.147879999999999819e-04
-7.403379999999999987e-04 -4.302950000000000264e-04
-5.384860000000000211e-04 -1.101119999999999920e-03
-2.537290000000000097e-04 -1.549330000000000021e-03
9.621700000000000391e-05 -1.675669999999999981e-03
4.686949999999999840e-04 -1.451110000000000030e-03
8.008380000000000056e-04 -9.215789999999999529e-04
1.022260000000000096e-03 -1.958329999999999934e-04
1.072489999999999945e-03 5.799989999999999877e-04
9.183519999999999921e-04 1.254860000000000003e-03
5.662139999999999968e-04 1.704510000000000009e-03
6.537070000000000077e-05 1.855590000000000061e-03
-4.990170000000000369e-04 1.697219999999999935e-03
-1.022219999999999900e-03 1.278559999999999983e-03
-1.401820000000000019e-03 6.939109999999999636e-04
-1.560060000000000049e-03 5.990080000000000084e-05
-1.461239999999999935e-03 -5.097669999999999459e-04
-1.120129999999999997e-03 -9.261169999999999559e-04
-5.991660000000000432e-04 -1.139049999999999958e-03
4.665120000000000153e-06 -1.141719999999999931e-03
5.803959999999999501e-04 -9.654439999999999810e-04
1.026170000000000077e-03 -6.677379999999999687e-04
1.269710000000000066e-03 -3.169830000000000108e-04
1.281749999999999903e-03 2.222760000000000043e-05
1.079630000000000043e-03 3.000149999999999931e-04
7.209379999999999608e-04 4.866960000000000036e-04
2.889549999999999736e-04 5.727500000000000169e-04
-1.262559999999999919e-04 5.646069999999999561e-04
-4.467779999999999972e-04 4.783990000000000117e-04
-6.216089999999999637e-04 3.339279999999999918e-04
-6.344179999999999828e-04 1.505260000000000018e-04
-5.032009999999999955e-04 -5.446099999999999916e-05
-2.726949999999999904e-04 -2.649090000000000212e-04
-1.944960000000000179e-06 -4.640080000000000203e-04
2.497169999999999945e-04 -6.326969999999999903e-04
4.349879999999999762e-04 -7.497069999999999559e-04
5.266850000000000438e-04 -7.938420000000000068e-04
5.203259999999999916e-04 -7.482399999999999511e-04
4.313669999999999918e-04 -6.055319999999999887e-04
2.884830000000000228e-04 -3.723199999999999860e-04
1.250230000000000124e-04 -7.136699999999999620e-05
