-4.502930000000000207e-08 6.788619999999999811e-07
-2.423069999999999740e-07 2.210650000000000171e-06
-6.124180000000000249e-07 3.275209999999999852e-06
-1.178649999999999930e-06 5.616920000000000086e-06
-2.465449999999999832e-06 1.445869999999999931e-05
-5.557669999999999764e-06 3.319490000000000298e-05
-1.126629999999999918e-05 5.746250000000000083e-05
-1.903420000000000150e-05 7.347289999999999919e-05
-2.673080000000000164e-05 7.101309999999999947e-05
-3.115390000000000000e-05 4.662830000000000213e-05
-2.805989999999999879e-05 -6.660600000000000231e-07
-1.344059999999999969e-05 -5.883889999999999666e-05
1.279290000000000079e-05 -1.067480000000000018e-04
4.494799999999999723e-05 -1.346019999999999964e-04
7.438350000000000365e-05 -1.508889999999999982e-04
9.364319999999999816e-05 -1.683859999999999968e-04
9.857470000000000338e-05 -1.887889999999999978e-04
8.929770000000000394e-05 -2.015119999999999910e-04
7.024580000000000429e-05 -1.897830000000000090e-04
4.708939999999999675e-05 -1.368169999999999879e-04
2.224960000000000124e-05 -4.403260000000000258e-05
-5.220720000000000390e-06 5.643360000000000124e-05
-3.575119999999999747e-05 1.322639999999999927e-04
-6.740909999999999806e-05 1.831880000000000086e-04
-9.628739999999999565e-05 2.232930000000000049e-04
-1.161360000000000007e-04 2.515770000000000072e-04
-1.204119999999999984e-04 2.592650000000000054e-04
-1.082520000000000064e-04 2.472139999999999949e-04
-8.669880000000000414e-05 2.260639999999999959e-04
-6.488100000000000442e-05 2.072309999999999951e-04
-4.723479999999999709e-05 1.872049999999999940e-04
-3.235090000000000226e-05 1.381699999999999866e-04
-1.636410000000000143e-05 4.276119999999999981e-05
3.368739999999999869e-06 -7.533229999999999701e-05
2.882740000000000118e-05 -1.879320000000000025e-04
6.383350000000000471e-05 -2.863089999999999993e-04
1.099820000000000051e-04 -3.636080000000000193e-04
1.589809999999999878e-04 -4.102600000000000192e-04
1.943419999999999902e-04 -4.214210000000000026e-04
2.025320000000000050e-04 -3.970730000000000114e-04
1.806189999999999998e-04 -3.421000000000000213e-04
1.342880000000000126e-04 -2.614019999999999885e-04
7.237479999999999695e-05 -1.575810000000000080e-04
4.692060000000000101e-06 -3.932840000000000110e-05
-5.846060000000000064e-05 8.545210000000000132e-05
-1.088839999999999963e-04 2.087439999999999923e-04
-1.424530000000000132e-04 3.097369999999999789e-04
-1.580569999999999946e-04 3.655999999999999962e-04
-1.568700000000000075e-04 3.758429999999999996e-04
-1.434399999999999955e-04 3.669570000000000037e-04
-1.245770000000000102e-04 3.599529999999999874e-04
-1.049260000000000047e-04 3.422990000000000104e-04
-8.479790000000000342e-05 2.846050000000000034e-04
-6.243530000000000173e-05 1.723430000000000133e-04
-3.613680000000000272e-05 3.168709999999999686e-05
-3.701090000000000169e-06 -9.348070000000000099e-05
3.918010000000000118e-05 -2.066729999999999913e-04
9.615469999999999606e-05 -3.356489999999999843e-04
1.612630000000000042e-04 -4.629680000000000167e-04
2.168259999999999871e-04 -5.436479999999999828e-04
2.452630000000000131e-04 -5.391470000000000203e-04
2.391249999999999984e-04 -4.428260000000000052e-04
1.991550000000000134e-04 -3.034299999999999866e-04
1.292780000000000047e-04 -1.740479999999999978e-04
3.680169999999999698e-05 -5.813100000000000298e-05
-6.422319999999999863e-05 7.925729999999999754e-05
-1.536270000000000116e-04 2.556799999999999915e-04
-2.129459999999999903e-04 4.306310000000000042e-04
-2.355950000000000101e-04 5.417759999999999980e-04
-2.299939999999999938e-04 5.652720000000000184e-04
-2.103080000000000064e-04 5.246310000000000123e-04
-1.827429999999999951e-04 4.519789999999999767e-04
-1.426459999999999892e-04 3.533079999999999858e-04
-8.515260000000000190e-05 2.123319999999999993e-04
-1.450219999999999983e-05 1.535940000000000070e-05
5.968790000000000158e-05 -2.204979999999999885e-04
1.311659999999999974e-04 -4.355170000000000113e-04
1.977550000000000065e-04 -5.700710000000000109e-04
2.551659999999999757e-04 -6.166400000000000050e-04
2.921520000000000041e-04 -6.005799999999999724e-04
2.921399999999999778e-04 -5.380969999999999677e-04
2.431930000000000008e-04 -4.278080000000000077e-04
1.501790000000000134e-04 -2.713689999999999831e-04
3.428480000000000080e-05 -5.988890000000000186e-05
-8.201969999999999671e-05 2.001190000000000130e-04
-1.840760000000000042e-04 4.333739999999999880e-04
-2.620629999999999878e-04 5.824520000000000131e-04
-3.088449999999999746e-04 6.464360000000000158e-04
-3.193019999999999864e-04 6.433250000000000383e-04
-2.894640000000000190e-04 5.913760000000000110e-04
-2.204030000000000106e-04 4.868229999999999975e-04
-1.230030000000000012e-04 3.064580000000000125e-04
-1.481349999999999971e-05 4.592950000000000130e-05
9.069379999999999554e-05 -2.711289999999999989e-04
1.904010000000000088e-04 -5.817059999999999766e-04
2.818690000000000214e-04 -7.690229999999999722e-04
3.508790000000000129e-04 -7.806430000000000270e-04
3.757750000000000131e-04 -6.672240000000000072e-04
3.398410000000000146e-04 -5.006869999999999854e-04
2.389679999999999929e-04 -3.192450000000000105e-04
8.576549999999999734e-05 -9.462320000000000572e-05
-8.962300000000000572e-05 1.916660000000000043e-04
-2.462690000000000235e-04 4.732520000000000151e-04
-3.513330000000000055e-04 6.844309999999999934e-04
-3.976909999999999842e-04 8.064800000000000441e-04
-3.948089999999999803e-04 8.096499999999999747e-04
-3.453689999999999928e-04 6.781629999999999646e-04
-2.431819999999999902e-04 4.127229999999999853e-04
-9.106769999999999546e-05 4.577599999999999676e-05
8.808400000000000572e-05 -3.298940000000000097e-04
2.617669999999999893e-04 -6.568639999999999505e-04
4.033279999999999981e-04 -8.848190000000000135e-04
4.897909999999999460e-04 -9.463409999999999574e-04
4.973449999999999486e-04 -8.313440000000000283e-04
4.134300000000000041e-04 -5.927050000000000114e-04
2.504529999999999821e-04 -3.133500000000000001e-04
4.210750000000000300e-05 -2.934810000000000112e-05
-1.720889999999999985e-04 2.878579999999999941e-04
-3.553529999999999840e-04 6.309650000000000414e-04
-4.742950000000000117e-04 9.008139999999999984e-04
-5.080730000000000532e-04 1.002669999999999994e-03
-4.609850000000000189e-04 9.144570000000000302e-04
-3.536659999999999847e-04 6.586180000000000289e-04
-1.996040000000000086e-04 2.680539999999999919e-04
-2.023880000000000094e-06 -2.065559999999999922e-04
2.228090000000000008e-04 -6.582200000000000507e-04
4.312620000000000190e-04 -9.634150000000000179e-04
5.705309999999999895e-04 -1.062760000000000050e-03
6.060419999999999956e-04 -9.718479999999999827e-04
5.278280000000000428e-04 -7.314039999999999517e-04
3.441009999999999772e-04 -3.850820000000000241e-04
8.379380000000000400e-05 1.217129999999999983e-05
-2.007629999999999886e-04 4.227810000000000032e-04
-4.491119999999999921e-04 8.144390000000000266e-04
-6.131350000000000038e-04 1.099450000000000080e-03
-6.651019999999999892e-04 1.179010000000000084e-03
-5.987339999999999633e-04 1.018430000000000073e-03
-4.268690000000000223e-04 6.319659999999999731e-04
-1.735750000000000042e-04 7.480020000000000256e-05
1.289200000000000057e-04 -5.337060000000000025e-04
4.326900000000000060e-04 -1.020150000000000050e-03
6.730430000000000136e-04 -1.252709999999999978e-03
7.889130000000000274e-04 -1.232419999999999913e-03
7.475599999999999780e-04 -1.027099999999999975e-03
5.500169999999999755e-04 -6.599620000000000486e-04
2.263260000000000011e-04 -1.284830000000000097e-04
-1.617029999999999932e-04 4.829309999999999744e-04
-5.251739999999999967e-04 1.010519999999999995e-03
-7.794349999999999803e-04 1.324759999999999913e-03
-8.767129999999999932e-04 1.373749999999999971e-03
-8.062539999999999551e-04 1.160669999999999931e-03
-5.757740000000000340e-04 6.923399999999999476e-04
-2.112249999999999978e-04 2.138530000000000004e-05
2.247929999999999872e-04 -6.962960000000000026e-04
6.342080000000000373e-04 -1.260910000000000069e-03
9.174670000000000438e-04 -1.516669999999999911e-03
1.007920000000000040e-03 -1.419679999999999987e-03
8.817410000000000135e-04 -1.027420000000000026e-03
5.539979999999999905e-04 -4.243259999999999892e-04
8.137479999999999887e-05 2.732559999999999872e-04
-4.330119999999999802e-04 9.040689999999999664e-04
-8.612360000000000328e-04 1.357310000000000027e-03
-1.097960000000000038e-03 1.575309999999999905e-03
-1.091549999999999942e-03 1.482339999999999960e-03
-8.422139999999999835e-04 1.004829999999999959e-03
-3.954990000000000025e-04 2.044249999999999952e-04
1.556270000000000060e-04 -6.691419999999999573e-04
6.862380000000000389e-04 -1.351800000000000007e-03
1.077489999999999958e-03 -1.694289999999999989e-03
1.243069999999999982e-03 -1.669759999999999951e-03
1.134259999999999999e-03 -1.301290000000000086e-03
7.489159999999999697e-04 -6.056399999999999544e-04
1.552880000000000081e-04 2.862289999999999865e-04
-5.016009999999999566e-04 1.116430000000000070e-03
-1.047540000000000016e-03 1.670440000000000032e-03
-1.348110000000000020e-03 1.825350000000000106e-03
-1.335140000000000068e-03 1.516430000000000035e-03
-1.000529999999999909e-03 8.182419999999999494e-04
-4.040639999999999857e-04 -6.125940000000000508e-05
3.200790000000000232e-04 -9.266660000000000348e-04
9.919270000000000864e-04 -1.597799999999999915e-03
1.436009999999999934e-03 -1.908299999999999927e-03
1.530120000000000048e-03 -1.770180000000000104e-03
1.238879999999999929e-03 -1.159759999999999914e-03
6.232260000000000534e-04 -1.772079999999999879e-04
-1.694839999999999921e-04 8.654659999999999567e-04
-9.378150000000000461e-04 1.627930000000000089e-03
-1.483420000000000051e-03 1.927639999999999996e-03
-1.663409999999999932e-03 1.740479999999999978e-03
-1.416020000000000039e-03 1.121739999999999977e-03
-7.754329999999999600e-04 1.699609999999999945e-04
1.110060000000000007e-04 -8.550930000000000206e-04
9.987100000000000925e-04 -1.636349999999999957e-03
1.628569999999999974e-03 -1.978450000000000087e-03
1.824630000000000045e-03 -1.814169999999999932e-03
1.536000000000000039e-03 -1.181940000000000031e-03
8.315080000000000084e-04 -2.340950000000000008e-04
-1.128039999999999994e-04 7.642169999999999779e-04
-1.045080000000000097e-03 1.574340000000000028e-03
-1.706440000000000040e-03 1.982010000000000195e-03
-1.906319999999999976e-03 1.811330000000000101e-03
-1.579160000000000025e-03 1.117270000000000069e-03
-8.114049999999999605e-04 1.545700000000000058e-04
1.826770000000000130e-04 -7.945870000000000277e-04
1.131559999999999988e-03 -1.545170000000000007e-03
1.779509999999999989e-03 -1.917920000000000041e-03
1.939540000000000014e-03 -1.731069999999999918e-03
1.552180000000000009e-03 -1.060320000000000012e-03
7.298229999999999952e-04 -1.648820000000000114e-04
-2.799100000000000221e-04 7.140340000000000012e-04
-1.190929999999999983e-03 1.369189999999999947e-03
-1.758419999999999905e-03 1.648280000000000014e-03
-1.828589999999999946e-03 1.490659999999999989e-03
-1.383349999999999988e-03 9.626809999999999534e-04
-5.604880000000000452e-04 2.215949999999999951e-04
3.886730000000000241e-04 -5.465690000000000045e-04
1.188079999999999995e-03 -1.139629999999999983e-03
1.621779999999999966e-03 -1.409069999999999897e-03
1.589729999999999919e-03 -1.327449999999999984e-03
1.126629999999999993e-03 -9.201110000000000408e-04
3.805239999999999773e-04 -2.567730000000000164e-04
-4.320239999999999823e-04 4.648030000000000152e-04
-1.082599999999999969e-03 1.006329999999999942e-03
-1.400240000000000078e-03 1.251769999999999923e-03
-1.324139999999999909e-03 1.186779999999999910e-03
-9.053769999999999613e-04 8.342500000000000306e-04
-2.745180000000000168e-04 2.754480000000000231e-04
3.926949999999999798e-04 -3.461149999999999752e-04
9.157590000000000391e-04 -8.643779999999999563e-04
1.162320000000000107e-03 -1.137980000000000025e-03
1.088599999999999898e-03 -1.095599999999999959e-03
7.420010000000000537e-04 -7.619179999999999920e-04
2.327639999999999961e-04 -2.458259999999999872e-04
-3.015110000000000207e-04 3.014539999999999906e-04
-7.271789999999999981e-04 7.355629999999999504e-04
-9.431220000000000141e-04 9.523519999999999512e-04
-9.047099999999999760e-04 9.080569999999999831e-04
-6.350229999999999677e-04 6.297950000000000510e-04
-2.170809999999999905e-04 2.061239999999999936e-04
2.314170000000000105e-04 -2.417219999999999872e-04
5.921299999999999567e-04 -5.955749999999999890e-04
7.776019999999999590e-04 -7.719180000000000182e-04
7.515889999999999897e-04 -7.407979999999999773e-04
5.344079999999999967e-04 -5.272659999999999760e-04
1.938479999999999912e-04 -1.976210000000000108e-04
-1.749390000000000135e-04 1.611340000000000060e-04
-4.752460000000000235e-04 4.608340000000000266e-04
-6.338770000000000298e-04 6.292760000000000107e-04
-6.189659999999999824e-04 6.256900000000000352e-04
-4.458339999999999873e-04 4.550119999999999729e-04
-1.697860000000000038e-04 1.722869999999999990e-04
1.313789999999999901e-04 -1.362439999999999918e-04
3.794579999999999980e-04 -3.855589999999999994e-04
5.154800000000000181e-04 -5.169769999999999531e-04
5.120800000000000438e-04 -5.085390000000000179e-04
3.778060000000000077e-04 -3.735119999999999977e-04
1.538979999999999960e-04 -1.530430000000000050e-04
-9.665130000000000075e-05 9.391089999999999562e-05
-3.066279999999999787e-04 3.036170000000000036e-04
-4.236660000000000057e-04 4.233269999999999806e-04
-4.238649999999999948e-04 4.259690000000000004e-04
-3.156119999999999997e-04 3.176319999999999838e-04
-1.340959999999999982e-04 1.341340000000000002e-04
6.995770000000000276e-05 -7.150310000000000324e-05
2.436569999999999882e-04 -2.449870000000000042e-04
3.446899999999999812e-04 -3.446069999999999754e-04
3.512480000000000224e-04 -3.501339999999999921e-04
2.669060000000000226e-04 -2.660210000000000200e-04
1.188169999999999976e-04 -1.189430000000000028e-04
-5.062189999999999724e-05 4.981229999999999740e-05
-1.961160000000000041e-04 1.955270000000000001e-04
-2.817849999999999999e-04 2.819270000000000131e-04
-2.897570000000000245e-04 2.903450000000000128e-04
-2.231850000000000121e-04 2.235700000000000025e-04
-1.037899999999999939e-04 1.036489999999999965e-04
3.478409999999999787e-05 -3.520650000000000250e-05
1.559929999999999954e-04 -1.562380000000000040e-04
2.297579999999999913e-04 -2.296320000000000132e-04
2.399000000000000036e-04 -2.396010000000000121e-04
1.876790000000000034e-04 -1.875249999999999910e-04
9.047549999999999798e-05 -9.058060000000000482e-05
-2.379180000000000148e-05 2.358079999999999961e-05
-1.246689999999999951e-04 1.245730000000000014e-04
-1.871879999999999974e-04 1.872730000000000076e-04
-1.978229999999999930e-04 1.979720000000000080e-04
-1.571289999999999926e-04 1.571880000000000000e-04
-7.869650000000000115e-05 7.862850000000000113e-05
1.506519999999999935e-05 -1.516879999999999951e-05
9.915079999999999944e-05 -9.918469999999999923e-05
1.525409999999999885e-04 -1.524879999999999942e-04
