-4.394160000000000220e-08 6.813549999999999757e-07
-2.393769999999999868e-07 2.222570000000000135e-06
-6.146280000000000427e-07 3.300780000000000100e-06
-1.195440000000000069e-06 5.661150000000000000e-06
-2.490399999999999907e-06 1.455740000000000059e-05
-5.586569999999999606e-06 3.342839999999999999e-05
-1.135880000000000041e-05 5.791730000000000196e-05
-1.933609999999999940e-05 7.417990000000000445e-05
-2.737699999999999894e-05 7.192459999999999912e-05
-3.212170000000000113e-05 4.762419999999999712e-05
-2.913190000000000140e-05 1.795230000000000121e-07
-1.426390000000000077e-05 -5.849709999999999936e-05
1.264259999999999988e-05 -1.072269999999999951e-04
4.580650000000000265e-05 -1.360269999999999904e-04
7.625110000000000590e-05 -1.532100000000000053e-04
9.614039999999999858e-05 -1.714270000000000106e-04
1.012110000000000039e-04 -1.922140000000000133e-04
9.173979999999999873e-05 -2.048619999999999912e-04
7.232949999999999926e-05 -1.926490000000000049e-04
4.871929999999999956e-05 -1.389209999999999935e-04
2.332450000000000005e-05 -4.514019999999999854e-05
-4.904380000000000298e-06 5.652199999999999857e-05
-3.649540000000000298e-05 1.335990000000000062e-04
-6.933569999999999415e-05 1.857019999999999916e-04
-9.911190000000000223e-05 2.268820000000000006e-04
-1.193859999999999984e-04 2.559509999999999758e-04
-1.237490000000000107e-04 2.638229999999999980e-04
-1.114020000000000017e-04 2.513230000000000195e-04
-8.926519999999999366e-05 2.294089999999999986e-04
-6.651490000000000245e-05 2.097909999999999977e-04
-4.795310000000000002e-05 1.890170000000000099e-04
-3.255279999999999773e-05 1.392200000000000121e-04
-1.648610000000000128e-05 4.299919999999999990e-05
3.269699999999999798e-06 -7.593459999999999631e-05
2.914049999999999993e-05 -1.894210000000000013e-04
6.503170000000000283e-05 -2.888939999999999889e-04
1.123269999999999971e-04 -3.675770000000000079e-04
1.625460000000000121e-04 -4.156140000000000225e-04
1.989890000000000018e-04 -4.277269999999999792e-04
2.077650000000000005e-04 -4.036709999999999778e-04
1.856430000000000113e-04 -3.482779999999999882e-04
1.383350000000000096e-04 -2.664070000000000262e-04
7.492389999999999597e-05 -1.607240000000000014e-04
5.453110000000000209e-06 -4.022389999999999955e-05
-5.955419999999999979e-05 8.679459999999999736e-05
-1.115899999999999938e-04 2.120860000000000019e-04
-1.462989999999999896e-04 3.147119999999999779e-04
-1.625829999999999984e-04 3.716200000000000232e-04
-1.616690000000000000e-04 3.821550000000000164e-04
-1.479700000000000080e-04 3.729429999999999833e-04
-1.282450000000000029e-04 3.652829999999999923e-04
-1.075009999999999996e-04 3.467389999999999882e-04
-8.656189999999999534e-05 2.878649999999999959e-04
-6.375110000000000022e-05 1.742179999999999911e-04
-3.695709999999999891e-05 3.218159999999999695e-05
-3.597749999999999986e-06 -9.427199999999999458e-05
4.052120000000000092e-05 -2.088469999999999877e-04
9.863599999999999549e-05 -3.395539999999999952e-04
1.647340000000000121e-04 -4.687690000000000108e-04
2.214480000000000116e-04 -5.509059999999999869e-04
2.511379999999999797e-04 -5.470299999999999989e-04
2.456940000000000231e-04 -4.504740000000000241e-04
2.051920000000000100e-04 -3.099870000000000121e-04
1.334220000000000111e-04 -1.786470000000000126e-04
3.820519999999999803e-05 -6.004000000000000114e-05
-6.554030000000000673e-05 8.045919999999999700e-05
-1.570180000000000067e-04 2.599740000000000015e-04
-2.177779999999999874e-04 4.374520000000000123e-04
-2.415689999999999905e-04 5.501220000000000025e-04
-2.367950000000000122e-04 5.741049999999999929e-04
-2.171700000000000095e-04 5.331929999999999482e-04
-1.886430000000000030e-04 4.596609999999999889e-04
-1.468870000000000050e-04 3.593739999999999782e-04
-8.757910000000000315e-05 2.159800000000000023e-04
-1.519780000000000042e-05 1.601809999999999831e-05
6.077600000000000222e-05 -2.230359999999999971e-04
1.343410000000000068e-04 -4.411120000000000145e-04
2.033349999999999904e-04 -5.782110000000000244e-04
2.629360000000000182e-04 -6.265150000000000146e-04
3.010199999999999877e-04 -6.112269999999999943e-04
3.005379999999999879e-04 -5.483379999999999938e-04
2.498250000000000145e-04 -4.361960000000000229e-04
1.542939999999999969e-04 -2.765690000000000010e-04
3.551619999999999718e-05 -6.113699999999999419e-05
-8.374730000000000368e-05 2.029990000000000125e-04
-1.886740000000000032e-04 4.400170000000000123e-04
-2.693060000000000267e-04 5.918819999999999550e-04
-3.179529999999999965e-04 6.574070000000000434e-04
-3.287510000000000107e-04 6.546780000000000091e-04
-2.976519999999999752e-04 6.019169999999999902e-04
-2.264049999999999982e-04 4.952010000000000179e-04
-1.265890000000000038e-04 3.114840000000000013e-04
-1.595880000000000042e-05 4.694789999999999819e-05
9.213519999999999837e-05 -2.742749999999999854e-04
1.946870000000000013e-04 -5.888929999999999469e-04
2.892570000000000124e-04 -7.796689999999999784e-04
3.611910000000000186e-04 -7.934520000000000461e-04
3.876269999999999803e-04 -6.805119999999999789e-04
3.507100000000000083e-04 -5.127239999999999923e-04
2.464939999999999883e-04 -3.281380000000000082e-04
8.885669999999999918e-05 -9.844900000000000558e-05
-9.100009999999999631e-05 1.940509999999999891e-04
-2.519379999999999992e-04 4.814330000000000237e-04
-3.609349999999999993e-04 6.967190000000000492e-04
-4.099299999999999732e-04 8.210169999999999491e-04
-4.075390000000000024e-04 8.247449999999999920e-04
-3.566129999999999821e-04 6.917530000000000293e-04
-2.515519999999999931e-04 4.224389999999999851e-04
-9.536790000000000555e-05 4.975019999999999676e-05
8.896950000000000257e-05 -3.324910000000000257e-04
2.682900000000000215e-04 -6.659559999999999915e-04
4.147999999999999994e-04 -8.995579999999999549e-04
5.047030000000000093e-04 -9.646700000000000457e-04
5.136220000000000369e-04 -8.499889999999999963e-04
4.281520000000000031e-04 -6.082760000000000424e-04
2.602400000000000156e-04 -3.233849999999999811e-04
4.468460000000000243e-05 -3.233599999999999669e-05
-1.767010000000000011e-04 2.927219999999999800e-04
-3.654770000000000111e-04 6.433180000000000365e-04
-4.881390000000000100e-04 9.185040000000000001e-04
-5.240810000000000260e-04 1.022310000000000016e-03
-4.769980000000000162e-04 9.328589999999999669e-04
-3.668620000000000258e-04 6.733190000000000225e-04
-2.076360000000000022e-04 2.767520000000000093e-04
-3.669250000000000063e-06 -2.059850000000000006e-04
2.281220000000000090e-04 -6.666009999999999557e-04
4.435999999999999947e-04 -9.795270000000000019e-04
5.885610000000000321e-04 -1.083870000000000016e-03
6.264929999999999935e-04 -9.945570000000000799e-04
5.464779999999999811e-04 -7.517650000000000504e-04
3.572380000000000108e-04 -3.989570000000000225e-04
8.884019999999999688e-05 7.843289999999999236e-06
-2.050110000000000062e-04 4.288849999999999976e-04
-4.619579999999999975e-04 8.298830000000000096e-04
-6.320479999999999631e-04 1.121749999999999917e-03
-6.867460000000000144e-04 1.204350000000000082e-03
-6.196720000000000396e-04 1.042149999999999934e-03
-4.435539999999999752e-04 6.496499999999999888e-04
-1.827080000000000132e-04 8.304299999999999757e-05
1.295699999999999944e-04 -5.370180000000000006e-04
4.438220000000000207e-04 -1.035169999999999970e-03
6.935570000000000276e-04 -1.277020000000000021e-03
8.153529999999999979e-04 -1.261549999999999954e-03
7.743029999999999488e-04 -1.055699999999999911e-03
5.711520000000000095e-04 -6.824939999999999609e-04
2.377249999999999914e-04 -1.397939999999999968e-04
-1.621039999999999916e-04 4.859959999999999866e-04
-5.379570000000000402e-04 1.027549999999999904e-03
-8.031110000000000158e-04 1.352200000000000017e-03
-9.068190000000000061e-04 1.406480000000000100e-03
-8.362870000000000113e-04 1.192780000000000055e-03
-5.995100000000000385e-04 7.172829999999999831e-04
-2.240710000000000032e-04 3.318609999999999724e-05
2.258109999999999967e-04 -7.009059999999999466e-04
6.500969999999999796e-04 -1.281339999999999953e-03
9.460729999999999661e-04 -1.549000000000000030e-03
1.043539999999999919e-03 -1.457659999999999945e-03
9.164610000000000334e-04 -1.063200000000000039e-03
5.799289999999999697e-04 -4.497589999999999878e-04
9.241420000000000027e-05 2.645060000000000184e-04
-4.400009999999999772e-04 9.144720000000000496e-04
-8.854000000000000542e-04 1.384880000000000009e-03
-1.134089999999999925e-03 1.614549999999999970e-03
-1.131580000000000086e-03 1.525309999999999990e-03
-8.778040000000000408e-04 1.041969999999999919e-03
-4.194439999999999909e-04 2.266779999999999869e-04
1.492329999999999991e-04 -6.672940000000000252e-04
7.006399999999999868e-04 -1.370869999999999944e-03
1.110749999999999975e-03 -1.730600000000000107e-03
1.287589999999999915e-03 -1.716340000000000010e-03
1.179539999999999972e-03 -1.348259999999999997e-03
7.848630000000000103e-04 -6.416279999999999900e-04
1.738699999999999870e-04 2.706799999999999766e-04
-5.056179999999999963e-04 1.125469999999999943e-03
-1.074810000000000045e-03 1.702139999999999990e-03
-1.393069999999999942e-03 1.872980000000000001e-03
-1.387259999999999969e-03 1.569580000000000107e-03
-1.047469999999999998e-03 8.641019999999999474e-04
-4.342819999999999732e-04 -3.438100000000000167e-05
3.149180000000000230e-04 -9.256950000000000334e-04
1.014060000000000005e-03 -1.623569999999999961e-03
1.480420000000000087e-03 -1.955619999999999928e-03
1.586280000000000025e-03 -1.828379999999999892e-03
1.293770000000000076e-03 -1.214599999999999924e-03
6.638599999999999493e-04 -2.145869999999999971e-04
-1.538180000000000103e-04 8.553509999999999629e-04
-9.527960000000000032e-04 1.647809999999999987e-03
-1.526709999999999916e-03 1.972999999999999927e-03
-1.724169999999999913e-03 1.800869999999999988e-03
-1.478359999999999961e-03 1.182429999999999939e-03
-8.234349999999999656e-04 2.147960000000000082e-04
8.971349999999999410e-05 -8.387829999999999548e-04
1.010700000000000010e-03 -1.653219999999999950e-03
1.672080000000000051e-03 -2.024240000000000067e-03
1.888700000000000101e-03 -1.877680000000000061e-03
1.603639999999999927e-03 -1.247360000000000092e-03
8.851020000000000242e-04 -2.841200000000000106e-04
-8.726519999999999926e-05 7.432699999999999767e-04
-1.054899999999999892e-03 1.588079999999999960e-03
-1.749679999999999985e-03 2.026909999999999823e-03
-1.971829999999999937e-03 1.875890000000000066e-03
-1.649669999999999999e-03 1.184560000000000083e-03
-8.680159999999999916e-04 2.067150000000000020e-04
1.555109999999999956e-04 -7.713029999999999843e-04
1.141190000000000043e-03 -1.557020000000000105e-03
1.822920000000000009e-03 -1.962240000000000078e-03
2.005149999999999814e-03 -1.796010000000000011e-03
1.623010000000000034e-03 -1.127949999999999960e-03
7.867489999999999987e-04 -2.173119999999999956e-04
-2.527680000000000031e-04 6.897789999999999564e-04
-1.200410000000000062e-03 1.379049999999999937e-03
-1.800610000000000014e-03 1.689600000000000086e-03
-1.891370000000000074e-03 1.551880000000000056e-03
-1.449930000000000099e-03 1.026739999999999944e-03
-6.131539999999999777e-04 2.716679999999999746e-04
3.636609999999999864e-04 -5.226630000000000338e-04
1.196210000000000068e-03 -1.147180000000000031e-03
1.659289999999999897e-03 -1.445249999999999920e-03
1.645610000000000041e-03 -1.381899999999999925e-03
1.185840000000000071e-03 -9.780690000000000304e-04
4.279209999999999980e-04 -3.032199999999999869e-04
-4.079549999999999930e-04 4.412649999999999841e-04
-1.087180000000000091e-03 1.010609999999999894e-03
-1.431250000000000014e-03 1.281500000000000087e-03
-1.372329999999999947e-03 1.233689999999999960e-03
-9.575259999999999935e-04 8.861789999999999598e-04
-3.176259999999999977e-04 3.190280000000000091e-04
3.685469999999999935e-04 -3.217779999999999946e-04
9.157879999999999536e-04 -8.645509999999999697e-04
1.185850000000000012e-03 -1.161469999999999950e-03
1.128990000000000072e-03 -1.135790000000000020e-03
7.885630000000000460e-04 -8.084490000000000383e-04
2.737600000000000081e-04 -2.869179999999999929e-04
-2.760060000000000269e-04 2.759610000000000231e-04
-7.230690000000000121e-04 7.315040000000000084e-04
-9.608210000000000492e-04 9.699780000000000294e-04
-9.390330000000000335e-04 9.422869999999999857e-04
-6.767439999999999567e-04 6.715630000000000210e-04
-2.555109999999999868e-04 2.446479999999999792e-04
2.057600000000000086e-04 -2.161029999999999874e-04
5.852910000000000447e-04 -5.888669999999999712e-04
7.907329999999999524e-04 -7.850860000000000520e-04
7.806920000000000396e-04 -7.697980000000000317e-04
5.715040000000000224e-04 -5.642600000000000220e-04
2.292340000000000079e-04 -2.330359999999999962e-04
-1.500980000000000120e-04 1.361610000000000131e-04
-4.667429999999999865e-04 4.522230000000000238e-04
-6.431880000000000496e-04 6.385930000000000165e-04
-6.430919999999999475e-04 6.499029999999999608e-04
-4.781990000000000069e-04 4.874330000000000069e-04
-2.019550000000000002e-04 2.044109999999999916e-04
1.075609999999999956e-04 -1.125119999999999961e-04
3.697719999999999826e-04 -3.758869999999999876e-04
5.218650000000000459e-04 -5.232950000000000101e-04
5.322659999999999891e-04 -5.286660000000000100e-04
4.061000000000000048e-04 -4.018189999999999826e-04
1.828110000000000086e-04 -1.820140000000000093e-04
-7.445099999999999581e-05 7.167309999999999653e-05
-2.964870000000000092e-04 2.934890000000000220e-04
-4.276819999999999754e-04 4.273880000000000083e-04
-4.404769999999999909e-04 4.426149999999999898e-04
-3.401179999999999850e-04 3.421270000000000127e-04
-1.599510000000000005e-04 1.599449999999999874e-04
4.940479999999999834e-05 -5.098029999999999706e-05
2.334369999999999945e-04 -2.347499999999999869e-04
3.469740000000000020e-04 -3.468480000000000239e-04
3.649169999999999758e-04 -3.637840000000000257e-04
2.880000000000000073e-04 -2.871370000000000259e-04
1.416699999999999904e-04 -1.418290000000000002e-04
-3.188559999999999843e-05 3.106659999999999831e-05
-1.860920000000000065e-04 1.855220000000000035e-04
-2.826700000000000024e-04 2.828360000000000140e-04
-3.008759999999999972e-04 3.014690000000000100e-04
-2.412720000000000034e-04 2.416410000000000129e-04
-1.239280000000000102e-04 1.237690000000000003e-04
1.782540000000000047e-05 -1.825089999999999834e-05
1.464020000000000122e-04 -1.466349999999999945e-04
2.296560000000000116e-04 -2.295169999999999914e-04
2.488960000000000239e-04 -2.485960000000000166e-04
2.030799999999999869e-04 -2.029359999999999964e-04
1.080770000000000022e-04 -1.081929999999999990e-04
-8.573779999999999420e-06 8.363230000000000224e-06
-1.156149999999999967e-04 1.155279999999999957e-04
-1.863420000000000126e-04 1.864350000000000133e-04
-2.050400000000000020e-04 2.051870000000000126e-04
-1.702049999999999874e-04 1.702560000000000043e-04
-9.402550000000000296e-05 9.395250000000000552e-05
1.501320000000000052e-06 -1.603480000000000062e-06
9.073659999999999452e-05 -9.076509999999999602e-05
1.511919999999999985e-04 -1.511349999999999955e-04
