-1.962029999999999934e-08 9.887250000000000076e-07
-1.381689999999999980e-07 4.127590000000000236e-06
-4.869009999999999737e-07 9.015509999999999339e-06
-1.234930000000000008e-06 1.807989999999999947e-05
-2.756140000000000009e-06 4.018770000000000149e-05
-5.991140000000000376e-06 8.899300000000000667e-05
-1.264610000000000078e-05 1.743249999999999954e-04
-2.464369999999999921e-05 2.883559999999999747e-04
-4.270090000000000311e-05 4.055819999999999803e-04
-6.466679999999999553e-05 4.840660000000000102e-04
-8.450070000000000226e-05 4.701859999999999872e-04
-9.298329999999999454e-05 3.277670000000000214e-04
-8.093630000000000637e-05 6.051260000000000064e-05
-4.399419999999999969e-05 -2.925660000000000175e-04
1.374869999999999933e-05 -6.771099999999999732e-04
7.979329999999999377e-05 -1.042650000000000000e-03
1.376340000000000040e-04 -1.353000000000000036e-03
1.736949999999999963e-04 -1.586350000000000043e-03
1.833419999999999939e-04 -1.721939999999999929e-03
1.725429999999999911e-04 -1.720570000000000042e-03
1.540740000000000024e-04 -1.532450000000000088e-03
1.408179999999999924e-04 -1.135060000000000019e-03
1.403250000000000092e-04 -5.499600000000000538e-04
1.529830000000000090e-04 1.677249999999999976e-04
1.737569999999999967e-04 9.338379999999999858e-04
1.960379999999999957e-04 1.640760000000000005e-03
2.152119999999999988e-04 2.186389999999999861e-03
2.294449999999999962e-04 2.505260000000000039e-03
2.369869999999999995e-04 2.581369999999999932e-03
2.317949999999999991e-04 2.444430000000000040e-03
2.009520000000000100e-04 2.142820000000000141e-03
1.272219999999999959e-04 1.701419999999999929e-03
-2.929879999999999975e-06 1.122149999999999927e-03
-1.899489999999999935e-04 4.185670000000000059e-04
-4.158149999999999889e-04 -3.818459999999999758e-04
-6.456059999999999577e-04 -1.233289999999999951e-03
-8.361539999999999771e-04 -2.053629999999999865e-03
-9.489299999999999558e-04 -2.734620000000000106e-03
-9.617550000000000101e-04 -3.173689999999999845e-03
-8.741029999999999894e-04 -3.302330000000000022e-03
-7.038710000000000105e-04 -3.105559999999999831e-03
-4.777350000000000194e-04 -2.618420000000000209e-03
-2.203360000000000127e-04 -1.907540000000000104e-03
5.237300000000000153e-05 -1.058279999999999985e-03
3.328310000000000123e-04 -1.507900000000000115e-04
6.153709999999999736e-04 7.497509999999999982e-04
8.879969999999999617e-04 1.576179999999999942e-03
1.127979999999999998e-03 2.251239999999999838e-03
1.304220000000000032e-03 2.703800000000000127e-03
1.384999999999999946e-03 2.897830000000000111e-03
1.347260000000000081e-03 2.837329999999999887e-03
1.184069999999999958e-03 2.545589999999999919e-03
9.081659999999999646e-04 2.048980000000000159e-03
5.510240000000000016e-04 1.369760000000000031e-03
1.571490000000000094e-04 5.480619999999999849e-04
-2.253210000000000065e-04 -3.461520000000000157e-04
-5.544379999999999795e-04 -1.257070000000000106e-03
-8.006810000000000272e-04 -2.145910000000000005e-03
-9.490189999999999477e-04 -2.945800000000000154e-03
-9.985110000000001033e-04 -3.563569999999999845e-03
-9.606229999999999674e-04 -3.885920000000000173e-03
-8.566970000000000141e-04 -3.803089999999999856e-03
-7.135550000000000486e-04 -3.276719999999999893e-03
-5.565700000000000465e-04 -2.357460000000000024e-03
-4.024769999999999888e-04 -1.155409999999999944e-03
-2.560010000000000042e-04 2.012869999999999991e-04
-1.126260000000000022e-04 1.592099999999999939e-03
3.401010000000000155e-05 2.895120000000000159e-03
1.844580000000000015e-04 3.987029999999999914e-03
3.293190000000000093e-04 4.758530000000000398e-03
4.501770000000000099e-04 5.126170000000000206e-03
5.250069999999999694e-04 5.036439999999999667e-03
5.358750000000000015e-04 4.466079999999999876e-03
4.759419999999999775e-04 3.425409999999999826e-03
3.531890000000000094e-04 1.957860000000000069e-03
1.894029999999999889e-04 1.511159999999999945e-04
1.414540000000000013e-05 -1.832269999999999992e-03
-1.447979999999999916e-04 -3.758689999999999861e-03
-2.701709999999999854e-04 -5.375709999999999690e-03
-3.585430000000000127e-04 -6.455490000000000360e-03
-4.165090000000000198e-04 -6.830560000000000277e-03
-4.517869999999999894e-04 -6.426499999999999921e-03
-4.635659999999999998e-04 -5.282359999999999833e-03
-4.378280000000000236e-04 -3.505449999999999799e-03
-3.516510000000000252e-04 -1.252199999999999971e-03
-1.841389999999999932e-04 1.222329999999999988e-03
7.184239999999999507e-05 3.619289999999999834e-03
4.013050000000000211e-04 5.644960000000000082e-03
7.652139999999999550e-04 7.037289999999999865e-03
1.105899999999999939e-03 7.616799999999999959e-03
1.358169999999999907e-03 7.300219999999999626e-03
1.463630000000000052e-03 6.090439999999999916e-03
1.384720000000000091e-03 4.077090000000000228e-03
1.115019999999999987e-03 1.420220000000000033e-03
6.824519999999999502e-04 -1.629709999999999926e-03
1.422460000000000066e-04 -4.665289999999999888e-03
-4.387859999999999829e-04 -7.208159999999999915e-03
-9.983749999999999136e-04 -8.831349999999999964e-03
-1.487079999999999999e-03 -9.242550000000000418e-03
-1.866250000000000070e-03 -8.353499999999999814e-03
-2.100349999999999960e-03 -6.251859999999999709e-03
-2.151919999999999875e-03 -3.189620000000000215e-03
-1.984319999999999921e-03 4.140580000000000259e-04
-1.573369999999999934e-03 4.083169999999999682e-03
-9.254880000000000268e-04 7.366239999999999594e-03
-9.329280000000000233e-05 9.821079999999999394e-03
8.218119999999999982e-04 1.106730000000000040e-02
1.684560000000000094e-03 1.082289999999999988e-02
2.354559999999999900e-03 8.973880000000000051e-03
2.717840000000000013e-03 5.676740000000000431e-03
2.710209999999999789e-03 1.310100000000000023e-03
2.326920000000000117e-03 -3.525560000000000065e-03
1.616940000000000087e-03 -8.053239999999999704e-03
6.677369999999999530e-04 -1.150230000000000002e-02
-4.096440000000000237e-04 -1.328060000000000004e-02
-1.488149999999999933e-03 -1.311299999999999966e-02
-2.427159999999999821e-03 -1.104480000000000045e-02
-3.079349999999999796e-03 -7.358120000000000112e-03
-3.310019999999999889e-03 -2.537610000000000039e-03
-3.026609999999999891e-03 2.747879999999999854e-03
-2.209399999999999819e-03 7.747730000000000415e-03
-9.322030000000000463e-04 1.173160000000000001e-02
6.369039999999999858e-04 1.405479999999999924e-02
2.259740000000000099e-03 1.423780000000000011e-02
3.672219999999999911e-03 1.207669999999999924e-02
4.634590000000000064e-03 7.780660000000000007e-03
4.972080000000000249e-03 1.999330000000000118e-03
4.598249999999999907e-03 -4.300169999999999861e-03
3.522980000000000209e-03 -1.002759999999999936e-02
1.850700000000000045e-03 -1.417180000000000002e-02
-2.266310000000000058e-04 -1.599849999999999883e-02
-2.441969999999999905e-03 -1.519670000000000049e-02
-4.475810000000000205e-03 -1.188239999999999956e-02
-5.995580000000000354e-03 -6.539449999999999603e-03
-6.710909999999999619e-03 1.783490000000000097e-05
-6.434190000000000222e-03 6.757299999999999938e-03
-5.130820000000000346e-03 1.258899999999999950e-02
-2.943359999999999900e-03 1.649130000000000040e-02
-1.788709999999999888e-04 1.767410000000000161e-02
2.738969999999999860e-03 1.578349999999999892e-02
5.339830000000000271e-03 1.106230000000000060e-02
7.182570000000000100e-03 4.334890000000000097e-03
7.926020000000000634e-03 -3.203720000000000179e-03
7.388350000000000126e-03 -1.022439999999999981e-02
5.587059999999999596e-03 -1.546559999999999949e-02
2.750649999999999883e-03 -1.794870000000000146e-02
-7.028460000000000263e-04 -1.720970000000000139e-02
-4.219889999999999579e-03 -1.339959999999999936e-02
-7.194550000000000077e-03 -7.213240000000000103e-03
-9.071809999999999596e-03 2.459860000000000128e-04
-9.453839999999999813e-03 7.644999999999999886e-03
-8.185690000000000674e-03 1.359969999999999929e-02
-5.399229999999999655e-03 1.693690000000000126e-02
-1.504820000000000029e-03 1.698469999999999841e-02
2.867549999999999960e-03 1.373279999999999987e-02
6.968489999999999927e-03 7.850170000000000065e-03
1.005589999999999956e-02 5.310859999999999496e-04
1.152919999999999986e-02 -6.764580000000000072e-03
1.104699999999999953e-02 -1.258480000000000015e-02
8.606710000000000055e-03 -1.580739999999999923e-02
4.565810000000000007e-03 -1.589499999999999941e-02
-4.033579999999999826e-04 -1.291089999999999946e-02
-5.427050000000000103e-03 -7.463179999999999814e-03
-9.591890000000000485e-03 -6.410199999999999579e-04
-1.211980000000000002e-02 6.136430000000000010e-03
-1.251859999999999952e-02 1.143729999999999920e-02
-1.068009999999999966e-02 1.419800000000000055e-02
-6.909339999999999926e-03 1.392509999999999928e-02
-1.876360000000000094e-03 1.077559999999999976e-02
3.502640000000000007e-03 5.503120000000000234e-03
8.234079999999999525e-03 -6.929739999999999555e-04
1.143300000000000045e-02 -6.379290000000000134e-03
1.249150000000000087e-02 -1.029060000000000044e-02
1.120050000000000039e-02 -1.166470000000000007e-02
7.799419999999999617e-03 -1.033010000000000005e-02
2.938050000000000210e-03 -6.726329999999999983e-03
-2.445140000000000161e-03 -1.840150000000000032e-03
-7.306359999999999591e-03 3.099310000000000086e-03
-1.070699999999999950e-02 6.958999999999999908e-03
-1.200679999999999976e-02 8.895230000000000498e-03
-1.099340000000000039e-02 8.552129999999999801e-03
-7.920949999999999519e-03 6.133760000000000254e-03
-3.446569999999999929e-03 2.308249999999999972e-03
1.516090000000000102e-03 -1.896990000000000091e-03
5.991469999999999609e-03 -5.351990000000000046e-03
9.142700000000000132e-03 -7.229369999999999720e-03
1.043819999999999991e-02 -7.190110000000000424e-03
9.747759999999999411e-03 -5.398000000000000020e-03
7.346929999999999780e-03 -2.450190000000000094e-03
3.832710000000000023e-03 7.746590000000000246e-04
-2.428610000000000114e-05 3.329599999999999834e-03
-3.455370000000000143e-03 4.573520000000000189e-03
-5.857809999999999753e-03 4.326690000000000223e-03
-6.907889999999999864e-03 2.815600000000000134e-03
-6.597020000000000314e-03 5.902480000000000313e-04
-5.189159999999999953e-03 -1.637079999999999959e-03
-3.119980000000000062e-03 -3.209319999999999881e-03
-8.705580000000000089e-04 -3.741069999999999986e-03
1.146569999999999968e-03 -3.138380000000000076e-03
2.659700000000000085e-03 -1.647959999999999963e-03
3.558829999999999806e-03 1.676749999999999964e-04
3.870020000000000057e-03 1.717089999999999892e-03
3.698349999999999988e-03 2.581930000000000076e-03
3.164839999999999928e-03 2.593230000000000188e-03
2.364109999999999996e-03 1.797970000000000080e-03
1.355960000000000021e-03 5.052639999999999519e-04
1.842129999999999929e-04 -7.435299999999999505e-04
-1.090279999999999895e-03 -1.518239999999999911e-03
-2.356899999999999881e-03 -1.634910000000000052e-03
-3.442779999999999885e-03 -1.126870000000000085e-03
-4.134210000000000142e-03 -2.430379999999999997e-04
-4.229909999999999920e-03 6.522360000000000484e-04
-3.609579999999999820e-03 1.216169999999999925e-03
-2.293910000000000133e-03 1.268349999999999903e-03
-4.715400000000000017e-04 8.372069999999999686e-04
1.523190000000000004e-03 1.084689999999999943e-04
3.281699999999999808e-03 -6.342060000000000058e-04
4.423260000000000039e-03 -1.131010000000000001e-03
4.698139999999999955e-03 -1.266900000000000057e-03
4.058100000000000249e-03 -1.033220000000000059e-03
2.668590000000000198e-03 -4.831419999999999899e-04
8.595099999999999615e-04 2.178629999999999976e-04
-9.658629999999999646e-04 8.423950000000000144e-04
-2.434930000000000080e-03 1.235180000000000002e-03
-3.292840000000000003e-03 1.328210000000000024e-03
-3.447969999999999854e-03 1.104900000000000023e-03
-2.967079999999999978e-03 6.071180000000000240e-04
-2.030130000000000216e-03 -7.061549999999999501e-05
-8.667069999999999809e-04 -8.010540000000000455e-04
3.027099999999999800e-04 -1.439780000000000096e-03
1.304210000000000091e-03 -1.847689999999999923e-03
2.022739999999999868e-03 -1.920330000000000040e-03
2.396150000000000103e-03 -1.614830000000000041e-03
2.403489999999999880e-03 -9.686760000000000205e-04
2.058079999999999892e-03 -9.965920000000000291e-05
1.408830000000000022e-03 8.142909999999999732e-04
5.454470000000000108e-04 1.577540000000000105e-03
-4.018380000000000107e-04 2.031010000000000194e-03
-1.275910000000000108e-03 2.093719999999999869e-03
-1.921090000000000081e-03 1.777439999999999923e-03
-2.219309999999999946e-03 1.174059999999999991e-03
-2.121609999999999902e-03 4.218839999999999743e-04
-1.662870000000000103e-03 -3.354780000000000023e-04
-9.530310000000000170e-04 -9.807060000000000256e-04
-1.474360000000000026e-04 -1.434710000000000065e-03
5.935699999999999700e-04 -1.651970000000000001e-03
1.142130000000000098e-03 -1.612209999999999989e-03
1.426449999999999897e-03 -1.319529999999999965e-03
1.436079999999999952e-03 -8.106860000000000238e-04
1.211430000000000102e-03 -1.608670000000000033e-04
8.247719999999999834e-04 5.241309999999999459e-04
3.602419999999999841e-04 1.124390000000000068e-03
-1.015380000000000026e-04 1.527359999999999959e-03
-4.926019999999999704e-04 1.652449999999999969e-03
-7.619909999999999487e-04 1.470930000000000067e-03
-8.780969999999999921e-04 1.014659999999999911e-03
-8.309839999999999978e-04 3.701970000000000065e-04
-6.346049999999999998e-04 -3.403249999999999917e-04
-3.270209999999999849e-04 -9.859879999999999253e-04
3.370190000000000338e-05 -1.454250000000000030e-03
3.789900000000000018e-04 -1.671570000000000044e-03
6.434140000000000302e-04 -1.613590000000000033e-03
7.790920000000000007e-04 -1.304220000000000032e-03
7.664959999999999742e-04 -8.062450000000000302e-04
6.181760000000000119e-04 -2.070600000000000131e-04
3.741780000000000214e-04 3.967059999999999792e-04
9.072499999999999619e-05 9.134189999999999497e-04
-1.742079999999999963e-04 1.268360000000000060e-03
-3.740740000000000102e-04 1.413009999999999917e-03
-4.822550000000000101e-04 1.331410000000000102e-03
-4.943999999999999827e-04 1.042759999999999998e-03
-4.252139999999999848e-04 5.992410000000000314e-04
-3.018060000000000035e-04 7.843030000000000021e-05
-1.561230000000000094e-04 -4.293939999999999888e-04
-1.844090000000000160e-05 -8.371290000000000415e-04
8.714200000000000017e-05 -1.076829999999999975e-03
1.452469999999999868e-04 -1.112230000000000076e-03
1.502829999999999975e-04 -9.449219999999999495e-04
1.064979999999999958e-04 -6.128130000000000296e-04
2.708169999999999856e-05 -1.814130000000000061e-04
-6.790459999999999357e-05 2.696880000000000241e-04
-1.549719999999999928e-04 6.620000000000000450e-04
-2.118079999999999887e-04 9.317280000000000484e-04
-2.222319999999999959e-04 1.039400000000000003e-03
-1.802669999999999869e-04 9.744089999999999739e-04
-9.203849999999999640e-05 7.543829999999999633e-04
2.525320000000000074e-05 4.204139999999999765e-04
1.472199999999999898e-04 2.925680000000000083e-05
2.480639999999999885e-04 -3.560559999999999940e-04
3.066890000000000176e-04 -6.759620000000000038e-04
