-5.256000000000000213e-08 6.353379999999999681e-07
-2.507079999999999974e-07 1.999229999999999830e-06
-5.428120000000000301e-07 2.815670000000000013e-06
-9.598169999999999449e-07 4.847130000000000126e-06
-2.139449999999999904e-06 1.283959999999999985e-05
-4.981530000000000059e-06 2.937379999999999988e-05
-9.656159999999999719e-06 4.985700000000000055e-05
-1.512239999999999941e-05 6.168790000000000276e-05
-1.971489999999999991e-05 5.681970000000000082e-05
-2.151100000000000123e-05 3.355719999999999781e-05
-1.746459999999999877e-05 -8.288899999999999532e-06
-4.729720000000000347e-06 -5.727140000000000193e-05
1.549759999999999880e-05 -9.472930000000000120e-05
3.781219999999999688e-05 -1.135410000000000027e-04
5.642480000000000228e-05 -1.225739999999999957e-04
6.708709999999999674e-05 -1.333060000000000007e-04
6.708270000000000064e-05 -1.470730000000000062e-04
5.690300000000000051e-05 -1.549680000000000111e-04
4.116639999999999942e-05 -1.433489999999999992e-04
2.479809999999999895e-05 -9.894189999999999539e-05
8.869169999999999314e-06 -2.455330000000000088e-05
-7.753200000000000578e-06 5.166459999999999998e-05
-2.530019999999999876e-05 1.052799999999999949e-04
-4.380040000000000165e-05 1.409930000000000102e-04
-6.232040000000000051e-05 1.718830000000000076e-04
-7.568750000000000336e-05 1.944699999999999999e-04
-7.781850000000000041e-05 1.999889999999999990e-04
-6.962769999999999745e-05 1.905959999999999892e-04
-5.821930000000000009e-05 1.772909999999999937e-04
-4.848629999999999688e-05 1.697869999999999924e-04
-3.987800000000000004e-05 1.610059999999999963e-04
-2.958089999999999998e-05 1.214859999999999953e-04
-1.584379999999999898e-05 3.705110000000000174e-05
8.266610000000000462e-07 -6.529790000000000377e-05
2.106159999999999838e-05 -1.591610000000000030e-04
4.956020000000000027e-05 -2.400039999999999877e-04
8.755780000000000388e-05 -3.033040000000000085e-04
1.246010000000000086e-04 -3.395369999999999985e-04
1.454390000000000012e-04 -3.428230000000000209e-04
1.427990000000000129e-04 -3.134529999999999955e-04
1.193359999999999972e-04 -2.597009999999999857e-04
8.137959999999999584e-05 -1.902170000000000119e-04
3.528280000000000039e-05 -1.077969999999999981e-04
-1.164850000000000037e-05 -1.791289999999999921e-05
-5.144970000000000310e-05 7.505019999999999508e-05
-7.894610000000000635e-05 1.656969999999999960e-04
-9.307089999999999688e-05 2.372909999999999885e-04
-9.538700000000000000e-05 2.734149999999999970e-04
-8.994659999999999700e-05 2.781290000000000064e-04
-8.289140000000000397e-05 2.763020000000000254e-04
-7.834619999999999876e-05 2.828619999999999897e-04
-7.485210000000000116e-05 2.806090000000000233e-04
-6.835750000000000409e-05 2.400129999999999939e-04
-5.694199999999999793e-05 1.488720000000000071e-04
-4.006539999999999760e-05 3.335699999999999928e-05
-1.530100000000000139e-05 -6.792490000000000420e-05
2.251640000000000011e-05 -1.639149999999999917e-04
7.538930000000000002e-05 -2.802580000000000262e-04
1.320949999999999880e-04 -3.931769999999999796e-04
1.722670000000000093e-04 -4.564570000000000107e-04
1.840839999999999946e-04 -4.379359999999999893e-04
1.688519999999999886e-04 -3.406710000000000185e-04
1.310039999999999946e-04 -2.176040000000000125e-04
7.353489999999999961e-05 -1.149760000000000051e-04
1.995349999999999878e-06 -2.670179999999999903e-05
-7.104349999999999836e-05 8.194489999999999533e-05
-1.274950000000000117e-04 2.207210000000000031e-04
-1.533539999999999957e-04 3.483040000000000181e-04
-1.497960000000000003e-04 4.157070000000000231e-04
-1.328430000000000019e-04 4.166810000000000175e-04
-1.178589999999999976e-04 3.817639999999999857e-04
-1.053739999999999977e-04 3.357349999999999831e-04
-8.549070000000000464e-05 2.720439999999999859e-04
-5.339260000000000105e-05 1.682250000000000097e-04
-1.418149999999999966e-05 1.330590000000000079e-05
2.683380000000000048e-05 -1.726370000000000075e-04
7.076340000000000082e-05 -3.370940000000000221e-04
1.197059999999999954e-04 -4.362810000000000060e-04
1.691569999999999933e-04 -4.728690000000000020e-04
2.055410000000000028e-04 -4.677980000000000094e-04
2.104680000000000049e-04 -4.258849999999999789e-04
1.733940000000000004e-04 -3.394070000000000116e-04
1.028459999999999975e-04 -2.111919999999999932e-04
1.909059999999999981e-05 -3.705740000000000200e-05
-6.328830000000000187e-05 1.736970000000000007e-04
-1.358759999999999981e-04 3.531660000000000268e-04
-1.892440000000000062e-04 4.597739999999999791e-04
-2.171329999999999961e-04 5.018520000000000056e-04
-2.174149999999999911e-04 4.949649999999999883e-04
-1.880600000000000121e-04 4.520920000000000212e-04
-1.320700000000000010e-04 3.676139999999999942e-04
-6.191179999999999904e-05 2.208459999999999926e-04
8.006489999999999639e-06 1.179670000000000007e-05
7.196280000000000157e-05 -2.364819999999999900e-04
1.328850000000000127e-04 -4.721220000000000039e-04
1.889799999999999965e-04 -5.995469999999999706e-04
2.277640000000000101e-04 -5.858939999999999981e-04
2.368419999999999933e-04 -4.842569999999999817e-04
2.088670000000000045e-04 -3.537050000000000025e-04
1.401100000000000121e-04 -2.195400000000000021e-04
3.714519999999999801e-05 -4.985539999999999704e-05
-7.729249999999999901e-05 1.705210000000000027e-04
-1.716760000000000009e-04 3.771499999999999788e-04
-2.266199999999999953e-04 5.188179999999999919e-04
-2.472059999999999774e-04 5.955669999999999714e-04
-2.434530000000000016e-04 5.905809999999999619e-04
-2.100059999999999948e-04 4.903289999999999602e-04
-1.385330000000000101e-04 2.869079999999999981e-04
-3.632359999999999897e-05 1.547470000000000026e-06
7.523849999999999462e-05 -2.825339999999999753e-04
1.771400000000000014e-04 -5.195640000000000284e-04
2.598270000000000180e-04 -6.747850000000000115e-04
3.098120000000000214e-04 -6.983469999999999869e-04
3.073749999999999768e-04 -5.906670000000000149e-04
2.450350000000000011e-04 -3.999690000000000190e-04
1.360110000000000095e-04 -1.946130000000000017e-04
3.680599999999999963e-06 2.963960000000000079e-06
-1.291060000000000070e-04 2.289810000000000088e-04
-2.389319999999999953e-04 4.818220000000000228e-04
-3.013110000000000159e-04 6.746739999999999985e-04
-3.056520000000000070e-04 7.322780000000000521e-04
-2.654499999999999742e-04 6.487230000000000297e-04
-1.987369999999999914e-04 4.503190000000000231e-04
-1.058729999999999941e-04 1.595180000000000133e-04
1.896189999999999882e-05 -1.940040000000000080e-04
1.607649999999999964e-04 -5.270910000000000395e-04
2.832070000000000008e-04 -7.366160000000000502e-04
3.548639999999999824e-04 -7.785760000000000076e-04
3.637040000000000130e-04 -6.791050000000000515e-04
3.070090000000000145e-04 -4.820159999999999874e-04
1.857759999999999913e-04 -2.227010000000000079e-04
1.754730000000000054e-05 6.171390000000000556e-05
-1.595760000000000050e-04 3.511400000000000025e-04
-3.050649999999999803e-04 6.251390000000000332e-04
-3.903050000000000247e-04 8.121040000000000160e-04
-4.005570000000000072e-04 8.393930000000000185e-04
-3.383880000000000134e-04 6.933420000000000034e-04
-2.194719999999999885e-04 3.896999999999999856e-04
-5.883059999999999879e-05 -3.088789999999999949e-05
1.272669999999999997e-04 -4.743370000000000225e-04
3.060350000000000201e-04 -8.028259999999999737e-04
4.322719999999999839e-04 -9.214779999999999889e-04
4.737230000000000043e-04 -8.530150000000000449e-04
4.220089999999999909e-04 -6.671580000000000522e-04
2.812509999999999945e-04 -3.809050000000000131e-04
6.786819999999999507e-05 1.531419999999999985e-05
-1.731749999999999945e-04 4.525330000000000259e-04
-3.758650000000000207e-04 7.980230000000000266e-04
-4.920369999999999648e-04 9.626139999999999827e-04
-5.103580000000000356e-04 9.316069999999999863e-04
-4.354200000000000019e-04 7.307000000000000344e-04
-2.703000000000000107e-04 3.667249999999999828e-04
-3.151499999999999896e-05 -1.282869999999999865e-04
2.310389999999999948e-04 -6.318870000000000303e-04
4.482140000000000017e-04 -9.855169999999999902e-04
5.670300000000000513e-04 -1.079880000000000076e-03
5.656329999999999561e-04 -9.137109999999999937e-04
4.439199999999999917e-04 -5.649010000000000316e-04
2.161789999999999914e-04 -1.067540000000000015e-04
-7.948199999999999558e-05 3.778650000000000151e-04
-3.716680000000000201e-04 7.709589999999999889e-04
-5.787309999999999720e-04 1.006079999999999908e-03
-6.497760000000000211e-04 1.065820000000000092e-03
-5.745169999999999748e-04 9.118029999999999842e-04
-3.677090000000000263e-04 5.003749999999999518e-04
-6.882389999999999678e-05 -1.045079999999999962e-04
2.516250000000000040e-04 -6.952279999999999918e-04
5.156699999999999739e-04 -1.081609999999999993e-03
6.703030000000000229e-04 -1.188749999999999920e-03
6.862980000000000079e-04 -1.042670000000000098e-03
5.461160000000000276e-04 -6.897900000000000212e-04
2.578980000000000031e-04 -1.434309999999999893e-04
-1.176119999999999981e-04 4.901299999999999711e-04
-4.725220000000000136e-04 1.001469999999999964e-03
-7.066050000000000152e-04 1.246509999999999936e-03
-7.718970000000000128e-04 1.180110000000000057e-03
-6.587830000000000248e-04 8.026280000000000003e-04
-3.786290000000000098e-04 2.142900000000000100e-04
1.544049999999999896e-05 -4.078789999999999890e-04
4.251260000000000087e-04 -9.349059999999999966e-04
7.416659999999999833e-04 -1.257539999999999917e-03
8.766369999999999892e-04 -1.282240000000000029e-03
7.854420000000000195e-04 -9.936039999999999282e-04
4.854029999999999738e-04 -4.178969999999999733e-04
4.995890000000000037e-05 3.376720000000000155e-04
-4.096190000000000096e-04 1.009509999999999921e-03
-7.708990000000000200e-04 1.356109999999999998e-03
-9.396009999999999779e-04 1.307949999999999998e-03
-8.706449999999999693e-04 9.273429999999999607e-04
-5.648940000000000298e-04 3.133559999999999861e-04
-7.633889999999999513e-05 -4.333599999999999844e-04
4.687860000000000074e-04 -1.094989999999999896e-03
8.977050000000000524e-04 -1.439659999999999941e-03
1.075210000000000055e-03 -1.379739999999999960e-03
9.584749999999999737e-04 -9.524470000000000375e-04
5.812249999999999925e-04 -2.740110000000000028e-04
3.155559999999999989e-05 4.814989999999999787e-04
-5.478590000000000413e-04 1.098550000000000004e-03
-9.885919999999999430e-04 1.436200000000000107e-03
-1.157529999999999930e-03 1.393380000000000053e-03
-9.959750000000000721e-04 9.117640000000000206e-04
-5.397050000000000241e-04 1.419419999999999905e-04
7.802149999999999830e-05 -6.347829999999999835e-04
6.745979999999999945e-04 -1.189680000000000034e-03
1.088290000000000004e-03 -1.439160000000000092e-03
1.207750000000000056e-03 -1.326619999999999926e-03
9.792519999999999003e-04 -8.000849999999999672e-04
4.497729999999999914e-04 -3.353009999999999937e-05
-2.128490000000000080e-04 6.883209999999999849e-04
-7.989240000000000100e-04 1.169069999999999918e-03
-1.147309999999999910e-03 1.300039999999999920e-03
-1.166450000000000082e-03 1.068450000000000085e-03
-8.424879999999999609e-04 5.544340000000000249e-04
-2.655530000000000238e-04 -8.394320000000000633e-05
3.825890000000000193e-04 -6.643250000000000067e-04
8.991469999999999888e-04 -1.036679999999999893e-03
1.132409999999999927e-03 -1.096359999999999999e-03
1.021060000000000067e-03 -8.411249999999999673e-04
6.109299999999999800e-04 -3.895640000000000127e-04
3.799290000000000008e-05 1.355150000000000061e-04
-5.243770000000000245e-04 6.324119999999999481e-04
-9.133750000000000159e-04 9.447610000000000166e-04
-1.014289999999999940e-03 9.487540000000000036e-04
-8.064450000000000351e-04 6.796890000000000310e-04
-3.757909999999999940e-04 2.602150000000000014e-04
1.346669999999999898e-04 -1.951599999999999949e-04
5.795589999999999986e-04 -5.784339999999999577e-04
8.365480000000000008e-04 -7.959930000000000477e-04
8.345940000000000259e-04 -7.937569999999999695e-04
5.863720000000000434e-04 -5.708420000000000074e-04
1.851070000000000016e-04 -1.911620000000000105e-04
-2.377539999999999873e-04 2.262859999999999947e-04
-5.599920000000000418e-04 5.526860000000000410e-04
-7.003600000000000233e-04 6.987960000000000092e-04
-6.342989999999999523e-04 6.380189999999999776e-04
-3.947290000000000217e-04 4.009959999999999805e-04
-5.907729999999999763e-05 6.246079999999999666e-05
2.726650000000000059e-04 -2.756030000000000242e-04
5.054499999999999531e-04 -5.135339999999999523e-04
5.777039999999999563e-04 -5.865430000000000253e-04
4.796719999999999977e-04 -4.836829999999999971e-04
2.523049999999999772e-04 -2.481259999999999889e-04
-3.029080000000000143e-05 3.981040000000000089e-05
-2.847780000000000168e-04 2.912990000000000176e-04
-4.415120000000000242e-04 4.380580000000000129e-04
-4.623750000000000039e-04 4.500880000000000180e-04
-3.497530000000000105e-04 3.375089999999999969e-04
-1.440579999999999953e-04 1.408729999999999911e-04
8.963070000000000228e-05 -8.328979999999999663e-05
2.818690000000000214e-04 -2.744119999999999741e-04
3.797210000000000190e-04 -3.786719999999999821e-04
3.616739999999999799e-04 -3.664990000000000023e-04
2.419599999999999941e-04 -2.466859999999999756e-04
6.290849999999999578e-05 -6.297250000000000059e-05
-1.206659999999999997e-04 1.243689999999999878e-04
-2.577430000000000021e-04 2.607660000000000034e-04
-3.134359999999999989e-04 3.128970000000000232e-04
-2.767509999999999935e-04 2.739519999999999954e-04
-1.631360000000000047e-04 1.613680000000000041e-04
-9.858079999999999981e-06 1.064239999999999995e-05
1.358929999999999947e-04 -1.339110000000000127e-04
2.322430000000000056e-04 -2.312810000000000104e-04
2.551879999999999969e-04 -2.559610000000000249e-04
2.040289999999999942e-04 -2.053959999999999965e-04
9.900289999999999362e-05 -9.948990000000000437e-05
-2.652790000000000058e-05 2.721169999999999901e-05
-1.361090000000000075e-04 1.370339999999999894e-04
-1.999810000000000086e-04 2.001790000000000091e-04
-2.028040000000000051e-04 2.022369999999999951e-04
-1.474769999999999976e-04 1.468759999999999944e-04
-5.362160000000000174e-05 5.358730000000000107e-05
4.911330000000000291e-05 -4.867239999999999837e-05
1.305789999999999978e-04 -1.302019999999999979e-04
1.690700000000000059e-04 -1.691150000000000097e-04
1.568460000000000091e-04 -1.571750000000000122e-04
1.010450000000000058e-04 -1.012720000000000021e-04
2.046529999999999869e-05 -2.038780000000000155e-05
-6.046559999999999923e-05 6.070400000000000020e-05
-1.187919999999999970e-04 1.189200000000000066e-04
-1.393870000000000124e-04 1.393029999999999909e-04
-1.188500000000000022e-04 1.186830000000000019e-04
-6.581389999999999680e-05 6.574739999999999328e-05
2.326240000000000110e-06 -2.248809999999999819e-06
6.506759999999999346e-05 -6.495429999999999574e-05
1.049320000000000043e-04 -1.049029999999999949e-04
1.122130000000000046e-04 -1.122779999999999980e-04
8.712030000000000002e-05 -8.719479999999999397e-05
3.900150000000000258e-05 -3.900990000000000067e-05
-1.692020000000000107e-05 1.697179999999999902e-05
-6.422469999999999514e-05 6.427219999999999765e-05
