-5.423870000000000214e-09 1.013959999999999902e-06
-4.082809999999999884e-08 4.307710000000000131e-06
-1.577449999999999875e-07 9.662599999999999610e-06
-4.454549999999999876e-07 1.976010000000000077e-05
-1.093900000000000021e-06 4.401839999999999854e-05
-2.534389999999999972e-06 9.743469999999999735e-05
-5.601039999999999655e-06 1.923089999999999912e-04
-1.156210000000000065e-05 3.238399999999999894e-04
-2.189669999999999993e-05 4.683660000000000080e-04
-3.780460000000000054e-05 5.823249999999999650e-04
-5.950669999999999728e-05 6.051820000000000073e-04
-8.556910000000000037e-05 4.885620000000000024e-04
-1.126330000000000039e-04 2.218090000000000036e-04
-1.357619999999999921e-04 -1.670510000000000105e-04
-1.492769999999999872e-04 -6.260820000000000274e-04
-1.477299999999999967e-04 -1.096879999999999947e-03
-1.266879999999999905e-04 -1.527729999999999930e-03
-8.314489999999999739e-05 -1.879569999999999895e-03
-1.561489999999999851e-05 -2.118490000000000217e-03
7.580970000000000026e-05 -2.198560000000000011e-03
1.891530000000000099e-04 -2.067030000000000083e-03
3.200880000000000023e-04 -1.697500000000000007e-03
4.616040000000000074e-04 -1.103840000000000030e-03
6.039510000000000321e-04 -3.309210000000000255e-04
7.349049999999999984e-04 5.452659999999999799e-04
8.404639999999999680e-04 1.417150000000000050e-03
9.059979999999999813e-04 2.170019999999999935e-03
9.176520000000000293e-04 2.713240000000000009e-03
8.637500000000000429e-04 2.998699999999999977e-03
7.360449999999999502e-04 3.026490000000000170e-03
5.308549999999999987e-04 2.826359999999999983e-03
2.503119999999999846e-04 2.418899999999999870e-03
-9.619229999999999719e-05 1.812369999999999997e-03
-4.908080000000000212e-04 1.029879999999999945e-03
-9.068989999999999647e-04 1.059340000000000059e-04
-1.309990000000000026e-03 -9.106020000000000477e-04
-1.660309999999999911e-03 -1.934640000000000058e-03
-1.916909999999999968e-03 -2.848049999999999974e-03
-2.042990000000000170e-03 -3.525729999999999923e-03
-2.011380000000000112e-03 -3.864199999999999927e-03
-1.809129999999999940e-03 -3.808760000000000010e-03
-1.440340000000000023e-03 -3.362599999999999877e-03
-9.267490000000000406e-04 -2.580310000000000156e-03
-3.059819999999999988e-04 -1.560699999999999935e-03
3.721430000000000181e-04 -4.196199999999999973e-04
1.050600000000000058e-03 7.311159999999999708e-04
1.670830000000000102e-03 1.780979999999999933e-03
2.178470000000000059e-03 2.623200000000000011e-03
2.528770000000000063e-03 3.174399999999999965e-03
2.690740000000000059e-03 3.400359999999999841e-03
2.649750000000000195e-03 3.314979999999999923e-03
2.408459999999999854e-03 2.953639999999999998e-03
1.986330000000000127e-03 2.352610000000000205e-03
1.418090000000000106e-03 1.539860000000000100e-03
7.510810000000000142e-04 5.580939999999999729e-04
4.148580000000000182e-05 -5.194740000000000208e-04
-6.503880000000000078e-04 -1.628859999999999987e-03
-1.265190000000000021e-03 -2.717209999999999851e-03
-1.749679999999999985e-03 -3.699829999999999872e-03
-2.061900000000000191e-03 -4.464509999999999659e-03
-2.175760000000000107e-03 -4.879490000000000216e-03
-2.084540000000000178e-03 -4.817769999999999865e-03
-1.802299999999999952e-03 -4.226670000000000080e-03
-1.362549999999999916e-03 -3.149710000000000010e-03
-8.141020000000000331e-04 -1.702579999999999979e-03
-2.152599999999999956e-04 -3.398160000000000004e-05
3.727499999999999802e-04 1.703359999999999900e-03
8.919880000000000256e-04 3.351729999999999814e-03
1.293160000000000013e-03 4.756530000000000133e-03
1.539669999999999928e-03 5.786610000000000191e-03
1.610099999999999943e-03 6.346570000000000163e-03
1.499190000000000071e-03 6.377380000000000201e-03
1.217549999999999969e-03 5.851689999999999670e-03
7.905260000000000542e-04 4.772860000000000297e-03
2.564730000000000091e-04 3.173459999999999909e-03
-3.355100000000000183e-04 1.129299999999999965e-03
-9.286550000000000187e-04 -1.202710000000000064e-03
-1.462830000000000033e-03 -3.578510000000000024e-03
-1.879959999999999964e-03 -5.711159999999999848e-03
-2.129960000000000186e-03 -7.313659999999999606e-03
-2.176449999999999912e-03 -8.143320000000000766e-03
-2.001450000000000104e-03 -8.050420000000000839e-03
-1.608250000000000087e-03 -7.016989999999999859e-03
-1.022209999999999959e-03 -5.125679999999999646e-03
-2.896099999999999868e-04 -2.544569999999999905e-03
5.255970000000000433e-04 4.285770000000000269e-04
1.347230000000000042e-03 3.430719999999999950e-03
2.093830000000000083e-03 6.093290000000000338e-03
2.686469999999999830e-03 8.078419999999999351e-03
3.056670000000000047e-03 9.137120000000000311e-03
3.153780000000000125e-03 9.127969999999999140e-03
2.951300000000000017e-03 8.010400000000000853e-03
2.451759999999999877e-03 5.847350000000000290e-03
1.689549999999999949e-03 2.790860000000000042e-03
7.308580000000000285e-04 -8.950479999999999591e-04
-3.304509999999999978e-04 -4.761269999999999739e-03
-1.381840000000000065e-03 -8.250789999999999166e-03
-2.304860000000000155e-03 -1.081849999999999999e-02
-2.989729999999999905e-03 -1.202579999999999968e-02
-3.349580000000000005e-03 -1.163649999999999927e-02
-3.332320000000000160e-03 -9.622699999999999657e-03
-2.928950000000000043e-03 -6.182019999999999876e-03
-2.176679999999999848e-03 -1.756579999999999990e-03
-1.156549999999999896e-03 3.079349999999999796e-03
1.408680000000000038e-05 7.721010000000000373e-03
1.193569999999999917e-03 1.154840000000000033e-02
2.231900000000000203e-03 1.400719999999999917e-02
2.989200000000000017e-03 1.466529999999999917e-02
3.354719999999999838e-03 1.329100000000000073e-02
3.263530000000000163e-03 9.962330000000000144e-03
2.708170000000000195e-03 5.026850000000000242e-03
1.743390000000000044e-03 -8.872879999999999656e-04
4.821970000000000184e-04 -6.904200000000000094e-03
-9.167020000000000333e-04 -1.207779999999999965e-02
-2.268300000000000004e-03 -1.557659999999999947e-02
-3.384610000000000136e-03 -1.685829999999999967e-02
-4.098899999999999939e-03 -1.572609999999999980e-02
-4.288390000000000431e-03 -1.229560000000000028e-02
-3.893189999999999932e-03 -6.994219999999999778e-03
-2.928539999999999876e-03 -5.506509999999999834e-04
-1.487969999999999918e-03 6.121520000000000086e-03
2.638590000000000228e-04 1.205559999999999965e-02
2.108560000000000208e-03 1.633300000000000030e-02
3.800809999999999952e-03 1.819590000000000096e-02
5.101600000000000405e-03 1.718590000000000048e-02
5.813070000000000043e-03 1.330950000000000015e-02
5.809130000000000023e-03 7.097749999999999893e-03
5.056879999999999709e-03 -4.831710000000000128e-04
3.625510000000000191e-03 -8.205280000000000559e-03
1.681259999999999959e-03 -1.478430000000000022e-02
-5.313849999999999954e-04 -1.911300000000000152e-02
-2.720000000000000195e-03 -2.047070000000000140e-02
-4.582469999999999946e-03 -1.860480000000000120e-02
-5.848980000000000151e-03 -1.374079999999999920e-02
-6.322300000000000315e-03 -6.589659999999999788e-03
-5.910119999999999610e-03 1.749780000000000042e-03
-4.644149999999999667e-03 9.965699999999999212e-03
-2.681949999999999786e-03 1.669469999999999982e-02
-2.896819999999999820e-04 2.073260000000000033e-02
2.192850000000000094e-03 2.129290000000000002e-02
4.399690000000000371e-03 1.822769999999999946e-02
5.991660000000000215e-03 1.207770000000000024e-02
6.707470000000000099e-03 3.917799999999999928e-03
6.405919999999999843e-03 -4.848449999999999808e-03
5.092639999999999841e-03 -1.269340000000000052e-02
2.926119999999999936e-03 -1.821930000000000077e-02
2.009710000000000110e-04 -2.045939999999999911e-02
-2.690039999999999879e-03 -1.906499999999999861e-02
-5.310740000000000426e-03 -1.432409999999999933e-02
-7.246260000000000027e-03 -7.096950000000000307e-03
-8.168299999999999866e-03 1.323750000000000057e-03
-7.890480000000000063e-03 9.386339999999999961e-03
-6.403830000000000112e-03 1.556820000000000079e-02
-3.886000000000000131e-03 1.872060000000000043e-02
-6.818259999999999599e-04 1.830669999999999867e-02
2.742909999999999879e-03 1.451009999999999973e-02
5.868860000000000049e-03 8.167080000000000173e-03
8.202400000000000316e-03 5.717600000000000416e-04
9.355060000000000112e-03 -6.768719999999999772e-03
9.110230000000000411e-03 -1.246839999999999928e-02
7.465890000000000200e-03 -1.556880000000000069e-02
4.644689999999999930e-03 -1.563339999999999869e-02
1.066869999999999928e-03 -1.277610000000000030e-02
-2.711519999999999816e-03 -7.675259999999999722e-03
-6.085870000000000168e-03 -1.485020000000000090e-03
-8.501349999999999532e-03 4.438779999999999809e-03
-9.546739999999999740e-03 8.905879999999999699e-03
-9.027979999999999686e-03 1.111630000000000083e-02
-7.007539999999999603e-03 1.079519999999999959e-02
-3.801119999999999846e-03 8.215149999999999189e-03
6.951500000000000105e-05 4.129100000000000131e-03
3.960710000000000099e-03 -3.628570000000000124e-04
7.214329999999999701e-03 -4.157850000000000261e-03
9.271150000000000571e-03 -6.462569999999999946e-03
9.770320000000000740e-03 -6.897870000000000390e-03
8.616030000000000216e-03 -5.565539999999999897e-03
5.998410000000000027e-03 -3.050090000000000093e-03
2.363829999999999924e-03 -1.848839999999999869e-04
-1.661939999999999988e-03 2.225280000000000053e-03
-5.384560000000000041e-03 3.553999999999999868e-03
-8.165429999999999564e-03 3.526159999999999971e-03
-9.536519999999999719e-03 2.282390000000000026e-03
-9.283680000000000751e-03 2.925879999999999844e-04
-7.482970000000000246e-03 -1.721080000000000049e-03
-4.483339999999999721e-03 -2.993889999999999919e-03
-8.386150000000000201e-04 -3.065200000000000129e-03
2.798650000000000183e-03 -1.906439999999999914e-03
5.800350000000000124e-03 1.147789999999999932e-04
7.678250000000000179e-03 2.342340000000000047e-03
8.169080000000000438e-03 4.001939999999999838e-03
7.273579999999999976e-03 4.404739999999999871e-03
5.242980000000000383e-03 3.283939999999999949e-03
2.516589999999999973e-03 8.911420000000000409e-04
-3.740449999999999873e-04 -2.134319999999999880e-03
-2.912759999999999915e-03 -4.931600000000000393e-03
-4.694850000000000412e-03 -6.653530000000000381e-03
-5.492920000000000094e-03 -6.727959999999999843e-03
-5.280629999999999699e-03 -5.073000000000000252e-03
-4.213729999999999733e-03 -2.062920000000000205e-03
-2.576859999999999828e-03 1.522609999999999979e-03
-7.110740000000000159e-04 4.645050000000000394e-03
1.059440000000000034e-03 6.407269999999999632e-03
2.484500000000000163e-03 6.335129999999999581e-03
3.418089999999999930e-03 4.476739999999999886e-03
3.820009999999999985e-03 1.322070000000000059e-03
3.734490000000000032e-03 -2.259000000000000157e-03
3.255580000000000106e-03 -5.183260000000000298e-03
2.491880000000000137e-03 -6.628750000000000094e-03
1.542390000000000037e-03 -6.266350000000000392e-03
4.885329999999999794e-04 -4.266439999999999816e-03
-5.993430000000000112e-04 -1.258460000000000091e-03
-1.647739999999999969e-03 1.871679999999999915e-03
-2.567240000000000147e-03 4.256339999999999950e-03
-3.250090000000000184e-03 5.321819999999999676e-03
-3.582430000000000163e-03 4.930170000000000212e-03
-3.469900000000000154e-03 3.356379999999999954e-03
-2.869130000000000118e-03 1.185260000000000046e-03
-1.814819999999999975e-03 -9.100010000000000173e-04
-4.318130000000000210e-04 -2.412210000000000135e-03
1.074700000000000048e-03 -3.029570000000000093e-03
2.450799999999999940e-03 -2.708690000000000143e-03
3.441829999999999889e-03 -1.681020000000000084e-03
3.846510000000000033e-03 -3.603449999999999796e-04
3.564050000000000031e-03 8.680849999999999938e-04
2.621689999999999871e-03 1.736689999999999935e-03
1.175559999999999973e-03 2.105960000000000037e-03
-5.161480000000000191e-04 1.978539999999999986e-03
-2.142390000000000093e-03 1.468380000000000032e-03
-3.400330000000000019e-03 7.421850000000000235e-04
-4.055259999999999768e-03 -2.792249999999999905e-05
-3.986599999999999866e-03 -6.980820000000000428e-04
-3.210610000000000026e-03 -1.170999999999999949e-03
-1.875429999999999979e-03 -1.399239999999999946e-03
-2.301190000000000104e-04 -1.382299999999999935e-03
1.425419999999999942e-03 -1.159899999999999950e-03
2.798970000000000017e-03 -8.045290000000000080e-04
3.661000000000000192e-03 -4.066359999999999875e-04
3.885350000000000088e-03 -5.091969999999999971e-05
3.467909999999999830e-03 2.041070000000000026e-04
2.520839999999999886e-03 3.365479999999999904e-04
1.244499999999999947e-03 3.604799999999999910e-04
-1.157370000000000068e-04 3.133899999999999793e-04
-1.318420000000000052e-03 2.360130000000000051e-04
-2.170399999999999847e-03 1.547379999999999947e-04
-2.558400000000000171e-03 7.567860000000000418e-05
-2.462540000000000041e-03 -8.728189999999999861e-06
-1.950899999999999987e-03 -1.079809999999999950e-04
-1.158139999999999994e-03 -2.247860000000000125e-04
-2.538139999999999927e-04 -3.534659999999999799e-04
5.923270000000000228e-04 -4.799119999999999818e-04
1.240970000000000094e-03 -5.788230000000000111e-04
1.604409999999999907e-03 -6.164280000000000280e-04
1.655229999999999939e-03 -5.601169999999999500e-04
1.422709999999999990e-03 -3.894340000000000258e-04
9.791590000000000623e-04 -1.055769999999999956e-04
4.206859999999999766e-04 2.636170000000000071e-04
-1.531860000000000068e-04 6.651909999999999811e-04
-6.567510000000000145e-04 1.029380000000000095e-03
-1.029490000000000093e-03 1.283269999999999984e-03
-1.240549999999999986e-03 1.366809999999999987e-03
-1.286929999999999932e-03 1.247440000000000051e-03
-1.187359999999999935e-03 9.296999999999999926e-04
-9.741269999999999790e-04 4.573399999999999818e-04
-6.852400000000000461e-04 -9.314009999999999954e-05
-3.584999999999999862e-04 -6.263209999999999958e-04
-2.804639999999999968e-05 -1.046360000000000085e-03
2.768550000000000047e-04 -1.276280000000000079e-03
5.317170000000000186e-04 -1.273800000000000062e-03
7.165539999999999974e-04 -1.040450000000000055e-03
8.162949999999999763e-04 -6.218029999999999825e-04
8.222299999999999661e-04 -9.879219999999999918e-05
7.341869999999999690e-04 4.280520000000000006e-04
5.626160000000000492e-04 8.582130000000000314e-04
3.295190000000000142e-04 1.110579999999999901e-03
6.732470000000000273e-05 1.138729999999999907e-03
-1.847039999999999988e-04 9.390969999999999570e-04
-3.862779999999999903e-04 5.506470000000000288e-04
-5.031220000000000527e-04 4.634819999999999782e-05
-5.138090000000000539e-04 -4.815280000000000016e-04
-4.147719999999999923e-04 -9.391739999999999767e-04
-2.221810000000000061e-04 -1.248479999999999946e-03
3.004569999999999932e-05 -1.360480000000000066e-03
2.959230000000000194e-04 -1.262590000000000066e-03
5.257979999999999555e-04 -9.788340000000000408e-04
6.757949999999999765e-04 -5.632659999999999837e-04
7.163459999999999750e-04 -8.855670000000000544e-05
6.380059999999999898e-04 3.678980000000000206e-04
4.532900000000000189e-04 7.375220000000000040e-04
1.941319999999999906e-04 9.713410000000000230e-04
-9.450099999999999527e-05 1.046339999999999987e-03
