-3.838840000000000115e-08 6.822590000000000479e-07
-2.214079999999999931e-07 2.222750000000000021e-06
-6.106439999999999721e-07 3.292850000000000161e-06
-1.246540000000000096e-06 5.659080000000000035e-06
-2.555230000000000098e-06 1.461339999999999971e-05
-5.588449999999999832e-06 3.355669999999999671e-05
-1.147509999999999962e-05 5.804420000000000239e-05
-2.017250000000000041e-05 7.434119999999999899e-05
-2.954750000000000128e-05 7.256240000000000172e-05
-3.546479999999999967e-05 4.940060000000000268e-05
-3.248070000000000227e-05 3.125610000000000047e-06
-1.595799999999999866e-05 -5.559940000000000167e-05
1.410019999999999927e-05 -1.063559999999999961e-04
5.101129999999999727e-05 -1.387500000000000116e-04
8.413159999999999931e-05 -1.596919999999999883e-04
1.041419999999999933e-04 -1.799170000000000055e-04
1.068689999999999961e-04 -1.994060000000000082e-04
9.423450000000000045e-05 -2.076559999999999918e-04
7.251210000000000663e-05 -1.904280000000000003e-04
4.797800000000000041e-05 -1.341360000000000046e-04
2.252600000000000083e-05 -4.137460000000000194e-05
-5.969079999999999608e-06 5.724660000000000176e-05
-3.881550000000000131e-05 1.321369999999999988e-04
-7.328480000000000009e-05 1.849280000000000021e-04
-1.035160000000000030e-04 2.291270000000000036e-04
-1.228020000000000077e-04 2.606409999999999868e-04
-1.263260000000000099e-04 2.680149999999999742e-04
-1.143990000000000003e-04 2.529550000000000201e-04
-9.296899999999999706e-05 2.293659999999999991e-04
-6.978269999999999851e-05 2.102560000000000008e-04
-5.000950000000000290e-05 1.906929999999999986e-04
-3.451479999999999690e-05 1.412220000000000109e-04
-2.033249999999999888e-05 4.505349999999999817e-05
-2.382229999999999806e-06 -7.265390000000000585e-05
2.505580000000000158e-05 -1.846189999999999886e-04
6.665909999999999338e-05 -2.855900000000000083e-04
1.212110000000000021e-04 -3.704660000000000136e-04
1.770320000000000086e-04 -4.265319999999999745e-04
2.158370000000000004e-04 -4.436290000000000177e-04
2.235500000000000128e-04 -4.191339999999999888e-04
1.973660000000000074e-04 -3.589819999999999860e-04
1.438839999999999932e-04 -2.703110000000000213e-04
7.352749999999999694e-05 -1.575980000000000046e-04
-2.099879999999999875e-06 -3.146930000000000040e-05
-7.089300000000000040e-05 9.817720000000000591e-05
-1.231249999999999977e-04 2.224340000000000052e-04
-1.546870000000000048e-04 3.211679999999999852e-04
-1.666460000000000033e-04 3.731410000000000109e-04
-1.625680000000000061e-04 3.798000000000000161e-04
-1.473280000000000097e-04 3.692389999999999930e-04
-1.269660000000000038e-04 3.625430000000000015e-04
-1.069280000000000035e-04 3.457350000000000093e-04
-8.943100000000000485e-05 2.886669999999999926e-04
-7.223500000000000212e-05 1.780580000000000086e-04
-4.949240000000000068e-05 4.087710000000000204e-05
-1.463600000000000014e-05 -8.177499999999999548e-05
3.652920000000000255e-05 -1.984370000000000112e-04
1.031469999999999935e-04 -3.384199999999999752e-04
1.759250000000000072e-04 -4.790029999999999809e-04
2.379580000000000009e-04 -5.678909999999999470e-04
2.725620000000000104e-04 -5.647980000000000361e-04
2.693840000000000080e-04 -4.667210000000000195e-04
2.244400000000000128e-04 -3.243750000000000105e-04
1.403569999999999980e-04 -1.879659999999999957e-04
2.959139999999999928e-05 -5.809839999999999926e-05
-8.502630000000000279e-05 9.670339999999999980e-05
-1.779750000000000028e-04 2.848689999999999859e-04
-2.333109999999999893e-04 4.589419999999999980e-04
-2.513069999999999844e-04 5.589240000000000310e-04
-2.437299999999999992e-04 5.708780000000000321e-04
-2.219959999999999935e-04 5.262069999999999985e-04
-1.890519999999999918e-04 4.557550000000000164e-04
-1.422109999999999976e-04 3.584519999999999894e-04
-8.194890000000000410e-05 2.144640000000000120e-04
-1.452240000000000007e-05 1.354809999999999993e-05
5.490660000000000045e-05 -2.225860000000000132e-04
1.272850000000000121e-04 -4.351739999999999775e-04
2.034940000000000002e-04 -5.704650000000000346e-04
2.744210000000000074e-04 -6.251699999999999792e-04
3.199640000000000014e-04 -6.218079999999999528e-04
3.190269999999999933e-04 -5.679160000000000154e-04
2.628730000000000021e-04 -4.551189999999999771e-04
1.619609999999999897e-04 -2.863200000000000098e-04
3.928910000000000301e-05 -6.029330000000000090e-05
-8.450690000000000231e-05 2.101009999999999998e-04
-1.967910000000000069e-04 4.487399999999999896e-04
-2.866480000000000243e-04 6.010460000000000455e-04
-3.413749999999999901e-04 6.688339999999999867e-04
-3.501980000000000240e-04 6.692129999999999910e-04
-3.100140000000000035e-04 6.158819999999999963e-04
-2.290410000000000048e-04 5.020839999999999722e-04
-1.244460000000000076e-04 3.080609999999999902e-04
-1.369270000000000021e-05 3.702400000000000331e-05
9.451789999999999844e-05 -2.831749999999999849e-04
2.009360000000000020e-04 -5.925750000000000245e-04
3.031399999999999741e-04 -7.807400000000000364e-04
3.828670000000000055e-04 -7.985880000000000322e-04
4.114319999999999870e-04 -6.944330000000000511e-04
3.674430000000000122e-04 -5.326730000000000007e-04
2.501599999999999766e-04 -3.433970000000000056e-04
8.116379999999999699e-05 -9.780420000000000118e-05
-1.038000000000000023e-04 2.119819999999999907e-04
-2.663090000000000010e-04 5.059049999999999615e-04
-3.779629999999999860e-04 7.146739999999999950e-04
-4.295589999999999847e-04 8.285999999999999746e-04
-4.247489999999999816e-04 8.271450000000000503e-04
-3.655399999999999730e-04 6.936180000000000123e-04
-2.509440000000000151e-04 4.227619999999999750e-04
-8.834340000000000530e-05 4.590019999999999804e-05
9.941379999999999336e-05 -3.400780000000000057e-04
2.817240000000000152e-04 -6.752140000000000442e-04
4.317430000000000031e-04 -9.102000000000000065e-04
5.246619999999999583e-04 -9.772500000000000370e-04
5.338769999999999844e-04 -8.629799999999999537e-04
4.426519999999999760e-04 -6.181500000000000362e-04
2.616009999999999776e-04 -3.263189999999999906e-04
3.038899999999999992e-05 -2.497449999999999949e-05
-2.001000000000000120e-04 3.113619999999999778e-04
-3.869880000000000021e-04 6.678959999999999628e-04
-5.021290000000000302e-04 9.374420000000000279e-04
-5.332619999999999505e-04 1.026530000000000107e-03
-4.851780000000000090e-04 9.248620000000000365e-04
-3.725189999999999751e-04 6.641359999999999581e-04
-2.066620000000000078e-04 2.735239999999999785e-04
4.798600000000000101e-06 -2.060239999999999912e-04
2.417820000000000104e-04 -6.698049999999999881e-04
4.610050000000000085e-04 -9.881609999999999873e-04
6.093389999999999744e-04 -1.096549999999999955e-03
6.477640000000000004e-04 -1.009670000000000055e-03
5.620150000000000189e-04 -7.662129999999999636e-04
3.609679999999999768e-04 -4.058059999999999836e-04
7.809850000000000451e-05 1.553199999999999969e-05
-2.283890000000000117e-04 4.511440000000000025e-04
-4.916169999999999655e-04 8.585889999999999885e-04
-6.595999999999999867e-04 1.146000000000000100e-03
-7.065220000000000094e-04 1.216709999999999970e-03
-6.302369999999999630e-04 1.041760000000000082e-03
-4.445550000000000153e-04 6.409090000000000533e-04
-1.727979999999999946e-04 7.075059999999999986e-05
1.511170000000000102e-04 -5.514810000000000415e-04
4.752949999999999818e-04 -1.053019999999999998e-03
7.303509999999999603e-04 -1.298689999999999914e-03
8.491290000000000079e-04 -1.284680000000000067e-03
7.938010000000000118e-04 -1.074199999999999981e-03
5.682019999999999649e-04 -6.866739999999999650e-04
2.135290000000000083e-04 -1.213689999999999962e-04
-1.991639999999999925e-04 5.249840000000000409e-04
-5.801489999999999642e-04 1.072599999999999942e-03
-8.451710000000000299e-04 1.386859999999999959e-03
-9.408049999999999616e-04 1.423919999999999960e-03
-8.506440000000000095e-04 1.194420000000000074e-03
-5.865819999999999888e-04 7.036259999999999477e-04
-1.865989999999999934e-04 2.266259999999999966e-06
2.774890000000000126e-04 -7.458039999999999765e-04
7.050259999999999817e-04 -1.328509999999999977e-03
9.947639999999999781e-04 -1.585669999999999961e-03
1.075720000000000062e-03 -1.477210000000000068e-03
9.212369999999999890e-04 -1.063060000000000003e-03
5.507490000000000085e-04 -4.262159999999999864e-04
3.238230000000000335e-05 3.139409999999999814e-04
-5.176119999999999766e-04 9.829339999999999779e-04
-9.606289999999999534e-04 1.453950000000000077e-03
-1.185410000000000023e-03 1.662040000000000045e-03
-1.143539999999999964e-03 1.534870000000000028e-03
-8.481849999999999980e-04 1.008519999999999946e-03
-3.580060000000000143e-04 1.587330000000000132e-04
2.297629999999999887e-04 -7.495499999999999776e-04
7.884879999999999493e-04 -1.445309999999999997e-03
1.189139999999999989e-03 -1.783920000000000037e-03
1.332349999999999941e-03 -1.743210000000000029e-03
1.170379999999999945e-03 -1.341589999999999927e-03
7.202439999999999841e-04 -5.917879999999999929e-04
7.232800000000000275e-05 3.622519999999999733e-04
-6.181169999999999503e-04 1.235989999999999962e-03
-1.174769999999999894e-03 1.797310000000000097e-03
-1.459089999999999910e-03 1.926509999999999985e-03
-1.400090000000000102e-03 1.570640000000000100e-03
-9.966190000000000205e-04 8.117250000000000116e-04
-3.243429999999999946e-04 -1.340950000000000095e-04
4.620350000000000173e-04 -1.055780000000000086e-03
1.160999999999999923e-03 -1.754820000000000034e-03
1.584349999999999994e-03 -2.052299999999999958e-03
1.615270000000000030e-03 -1.858880000000000038e-03
1.238699999999999914e-03 -1.163339999999999904e-03
5.383130000000000076e-04 -9.025619999999999823e-05
-3.225810000000000071e-04 1.020899999999999933e-03
-1.130659999999999912e-03 1.811609999999999956e-03
-1.672319999999999926e-03 2.096240000000000082e-03
-1.792140000000000009e-03 1.855400000000000105e-03
-1.436350000000000083e-03 1.149019999999999946e-03
-6.725890000000000210e-04 8.687020000000000050e-05
3.116489999999999972e-04 -1.041749999999999924e-03
1.245549999999999999e-03 -1.879779999999999949e-03
1.858990000000000035e-03 -2.207619999999999982e-03
1.975399999999999986e-03 -1.962880000000000180e-03
1.558509999999999930e-03 -1.206810000000000001e-03
7.100490000000000317e-04 -1.206459999999999965e-04
-3.531049999999999879e-04 9.953930000000000156e-04
-1.343650000000000053e-03 1.865499999999999971e-03
-1.981179999999999920e-03 2.251729999999999964e-03
-2.076460000000000024e-03 1.979900000000000149e-03
-1.590810000000000011e-03 1.131770000000000042e-03
-6.533850000000000335e-04 4.984139999999999683e-06
4.749500000000000249e-04 -1.073200000000000065e-03
1.480909999999999995e-03 -1.882519999999999940e-03
2.085630000000000209e-03 -2.223259999999999906e-03
2.112140000000000198e-03 -1.912669999999999995e-03
1.539489999999999912e-03 -1.055390000000000017e-03
5.288559999999999659e-04 3.210139999999999728e-05
-6.215780000000000177e-04 1.048569999999999971e-03
-1.579850000000000048e-03 1.748839999999999987e-03
-2.079179999999999917e-03 1.968090000000000030e-03
-1.983400000000000180e-03 1.655720000000000065e-03
-1.324340000000000022e-03 9.160060000000000251e-04
-3.018540000000000004e-04 -3.055009999999999741e-05
7.748619999999999683e-04 -9.320170000000000451e-04
1.590300000000000004e-03 -1.544559999999999943e-03
1.921769999999999945e-03 -1.714349999999999902e-03
1.699240000000000082e-03 -1.443290000000000068e-03
1.013910000000000028e-03 -8.119029999999999954e-04
7.942770000000000526e-05 4.423290000000000132e-05
-8.330460000000000469e-04 8.697130000000000399e-04
-1.468389999999999973e-03 1.395270000000000104e-03
-1.661530000000000038e-03 1.512300000000000059e-03
-1.386340000000000012e-03 1.248229999999999913e-03
-7.512559999999999507e-04 6.838340000000000260e-04
4.771860000000000083e-05 -4.242230000000000209e-05
7.853759999999999561e-04 -7.405260000000000314e-04
1.265239999999999941e-03 -1.220570000000000032e-03
1.372959999999999892e-03 -1.352770000000000101e-03
1.106809999999999955e-03 -1.111680000000000090e-03
5.683119999999999622e-04 -5.832959999999999664e-04
-7.971549999999999936e-05 6.940639999999999332e-05
-6.629739999999999852e-04 6.620070000000000468e-04
-1.036880000000000007e-03 1.042390000000000027e-03
-1.117039999999999917e-03 1.124009999999999940e-03
-8.982169999999999824e-04 9.016010000000000300e-04
-4.549539999999999812e-04 4.516829999999999782e-04
8.119979999999999462e-05 -9.037419999999999948e-05
5.617429999999999646e-04 -5.720799999999999844e-04
8.634359999999999778e-04 -8.682009999999999771e-04
9.188090000000000319e-04 -9.139719999999999832e-04
7.289560000000000050e-04 -7.178189999999999658e-04
3.587470000000000264e-04 -3.510070000000000225e-04
-8.311300000000000198e-05 7.917020000000000307e-05
-4.747889999999999836e-04 4.603659999999999762e-04
-7.149749999999999639e-04 7.005989999999999917e-04
-7.496370000000000464e-04 7.459990000000000111e-04
-5.837299999999999694e-04 5.912930000000000052e-04
-2.752839999999999888e-04 2.840349999999999733e-04
8.455520000000000657e-05 -8.347929999999999880e-05
3.981990000000000139e-04 -4.039359999999999761e-04
5.872540000000000529e-04 -5.926240000000000370e-04
6.107960000000000386e-04 -6.107410000000000399e-04
4.728590000000000072e-04 -4.686709999999999856e-04
2.188290000000000016e-04 -2.154489999999999899e-04
-7.775360000000000040e-05 7.722079999999999765e-05
-3.354739999999999936e-04 3.323569999999999758e-04
-4.877209999999999879e-04 4.856160000000000207e-04
-5.007380000000000294e-04 5.015279999999999998e-04
-3.808199999999999758e-04 3.831250000000000020e-04
-1.690480000000000118e-04 1.702499999999999912e-04
7.288299999999999998e-05 -7.375290000000000329e-05
2.801430000000000044e-04 -2.817690000000000190e-04
4.010309999999999895e-04 -4.016250000000000180e-04
4.090769999999999866e-04 -4.082800000000000144e-04
3.087340000000000158e-04 -3.076479999999999927e-04
1.330070000000000091e-04 -1.327699999999999909e-04
-6.674809999999999880e-05 6.609680000000000047e-05
-2.359100000000000097e-04 2.352110000000000084e-04
-3.317339999999999785e-04 3.316819999999999729e-04
-3.339559999999999989e-04 3.344570000000000268e-04
-2.483300000000000026e-04 2.487710000000000073e-04
-1.030780000000000048e-04 1.030400000000000028e-04
5.997600000000000311e-05 -6.035210000000000108e-05
1.969879999999999917e-04 -1.972579999999999874e-04
2.735309999999999803e-04 -2.734519999999999833e-04
2.731289999999999933e-04 -2.728540000000000002e-04
2.006850000000000073e-04 -2.005280000000000018e-04
7.994479999999999393e-05 -8.003569999999999673e-05
-5.405859999999999772e-05 5.386340000000000339e-05
-1.651269999999999930e-04 1.650429999999999985e-04
-2.255539999999999889e-04 2.256399999999999877e-04
-2.227789999999999892e-04 2.229130000000000120e-04
-1.616079999999999882e-04 1.616459999999999902e-04
-6.182419999999999669e-05 6.175079999999999838e-05
4.789240000000000245e-05 -4.798039999999999890e-05
1.380209999999999987e-04 -1.380329999999999979e-04
1.860359999999999922e-04 -1.859770000000000119e-04
1.819550000000000019e-04 -1.818989999999999876e-04
