-4.835810000000000075e-08 6.482120000000000078e-07
-2.479189999999999848e-07 2.056289999999999840e-06
-5.908979999999999751e-07 2.930169999999999933e-06
-1.099779999999999913e-06 5.052069999999999895e-06
-2.339160000000000149e-06 1.332479999999999988e-05
-5.320490000000000283e-06 3.048850000000000125e-05
-1.060090000000000043e-05 5.194290000000000035e-05
-1.740449999999999913e-05 6.490549999999999716e-05
-2.367819999999999972e-05 6.106680000000000289e-05
-2.653489999999999899e-05 3.830500000000000002e-05
-2.209310000000000028e-05 -4.370130000000000288e-06
-7.065589999999999889e-06 -5.614449999999999752e-05
1.739209999999999904e-05 -9.796589999999999660e-05
4.487020000000000282e-05 -1.216210000000000067e-04
6.756209999999999473e-05 -1.349210000000000047e-04
7.980180000000000563e-05 -1.482450000000000011e-04
7.909250000000000210e-05 -1.620050000000000049e-04
6.691790000000000520e-05 -1.675050000000000031e-04
4.865959999999999741e-05 -1.524159999999999990e-04
2.976099999999999847e-05 -1.044719999999999986e-04
1.136640000000000014e-05 -2.652099999999999900e-05
-8.386099999999999211e-06 5.336979999999999849e-05
-3.012980000000000077e-05 1.107240000000000058e-04
-5.267860000000000077e-05 1.505549999999999976e-04
-7.368860000000000460e-05 1.857720000000000096e-04
-8.832850000000000651e-05 2.113019999999999905e-04
-9.131739999999999411e-05 2.170539999999999991e-04
-8.290119999999999835e-05 2.059039999999999991e-04
-6.931269999999999792e-05 1.903180000000000030e-04
-5.624999999999999846e-05 1.804970000000000034e-04
-4.491169999999999895e-05 1.693889999999999871e-04
-3.355000000000000235e-05 1.275650000000000026e-04
-1.986869999999999834e-05 4.050109999999999751e-05
-2.093400000000000150e-06 -6.518039999999999685e-05
2.239450000000000048e-05 -1.635250000000000039e-04
5.769190000000000239e-05 -2.509030000000000201e-04
1.030350000000000054e-04 -3.225820000000000228e-04
1.466369999999999989e-04 -3.665769999999999836e-04
1.719740000000000038e-04 -3.743220000000000119e-04
1.700679999999999987e-04 -3.449479999999999777e-04
1.428199999999999912e-04 -2.866030000000000205e-04
9.739780000000000453e-05 -2.085880000000000026e-04
4.180009999999999981e-05 -1.155140000000000057e-04
-1.474820000000000052e-05 -1.522839999999999975e-05
-6.226319999999999706e-05 8.624100000000000320e-05
-9.427350000000000465e-05 1.829450000000000043e-04
-1.101199999999999960e-04 2.579239999999999788e-04
-1.127260000000000046e-04 2.947049999999999778e-04
-1.066050000000000000e-04 2.982109999999999947e-04
-9.750570000000000396e-05 2.948259999999999856e-04
-9.021950000000000585e-05 3.002139999999999822e-04
-8.525360000000000652e-05 2.967460000000000215e-04
-7.940799999999999595e-05 2.544530000000000251e-04
-6.896009999999999727e-05 1.610709999999999898e-04
-5.041310000000000019e-05 4.225790000000000075e-05
-1.985339999999999867e-05 -6.442610000000000307e-05
2.648930000000000064e-05 -1.689519999999999911e-04
8.803260000000000143e-05 -2.968809999999999787e-04
1.530160000000000135e-04 -4.217150000000000239e-04
2.015960000000000126e-04 -4.934030000000000056e-04
2.198339999999999962e-04 -4.780319999999999795e-04
2.050320000000000116e-04 -3.784209999999999874e-04
1.593929999999999967e-04 -2.472449999999999952e-04
8.728839999999999592e-05 -1.314599999999999916e-04
-8.558049999999999530e-07 -2.718150000000000056e-05
-8.677570000000000335e-05 9.733339999999999885e-05
-1.501929999999999899e-04 2.484070000000000223e-04
-1.792519999999999975e-04 3.819480000000000097e-04
-1.774660000000000115e-04 4.490949999999999955e-04
-1.601920000000000004e-04 4.467559999999999761e-04
-1.412999999999999922e-04 4.083860000000000029e-04
-1.224490000000000062e-04 3.588840000000000151e-04
-9.683000000000000634e-05 2.903159999999999899e-04
-6.123449999999999792e-05 1.797280000000000112e-04
-1.934069999999999933e-05 1.665310000000000154e-05
2.662309999999999926e-05 -1.785359999999999996e-04
8.001870000000000011e-05 -3.532130000000000079e-04
1.419489999999999923e-04 -4.630789999999999755e-04
2.031670000000000015e-04 -5.098700000000000497e-04
2.451999999999999970e-04 -5.124020000000000180e-04
2.486820000000000155e-04 -4.717249999999999872e-04
2.049569999999999962e-04 -3.775180000000000267e-04
1.237040000000000069e-04 -2.342529999999999949e-04
2.577949999999999941e-05 -4.178959999999999712e-05
-7.241079999999999457e-05 1.875910000000000002e-04
-1.605619999999999986e-04 3.832950000000000224e-04
-2.270259999999999910e-04 5.011069999999999847e-04
-2.613790000000000059e-04 5.490399999999999881e-04
-2.591019999999999868e-04 5.428440000000000088e-04
-2.210129999999999929e-04 4.940990000000000139e-04
-1.545039999999999966e-04 3.972679999999999918e-04
-7.386000000000000096e-05 2.348980000000000133e-04
6.688649999999999903e-06 1.031270000000000038e-05
8.192970000000000265e-05 -2.524180000000000217e-04
1.551850000000000126e-04 -5.017170000000000483e-04
2.244229999999999890e-04 -6.411000000000000249e-04
2.740660000000000015e-04 -6.356009999999999611e-04
2.858189999999999819e-04 -5.366260000000000084e-04
2.495460000000000126e-04 -4.008770000000000042e-04
1.650090000000000053e-04 -2.513099999999999774e-04
4.391939999999999831e-05 -5.790180000000000186e-05
-8.865530000000000480e-05 1.879860000000000125e-04
-2.007579999999999911e-04 4.149299999999999863e-04
-2.705849999999999987e-04 5.687199999999999894e-04
-2.983689999999999888e-04 6.507559999999999473e-04
-2.922199999999999906e-04 6.449830000000000146e-04
-2.495730000000000040e-04 5.362840000000000445e-04
-1.647739999999999914e-04 3.167499999999999743e-04
-4.568240000000000159e-05 9.973670000000000343e-06
8.585240000000000492e-05 -2.979120000000000032e-04
2.086210000000000072e-04 -5.582599999999999845e-04
3.093719999999999782e-04 -7.329339999999999727e-04
3.711780000000000027e-04 -7.672999999999999482e-04
3.706080000000000268e-04 -6.581230000000000413e-04
2.965639999999999748e-04 -4.539270000000000197e-04
1.634089999999999935e-04 -2.256299999999999929e-04
2.180769999999999959e-06 1.146120000000000048e-06
-1.555030000000000052e-04 2.576500000000000014e-04
-2.826750000000000269e-04 5.352619999999999991e-04
-3.561770000000000018e-04 7.412020000000000500e-04
-3.656080000000000137e-04 7.994570000000000539e-04
-3.214460000000000255e-04 7.078839999999999872e-04
-2.406590000000000010e-04 4.951960000000000476e-04
-1.270889999999999889e-04 1.829570000000000035e-04
2.134210000000000019e-05 -1.987319999999999939e-04
1.883789999999999933e-04 -5.620949999999999775e-04
3.355899999999999769e-04 -7.977390000000000002e-04
4.255700000000000064e-04 -8.566770000000000244e-04
4.394199999999999907e-04 -7.610440000000000000e-04
3.716109999999999899e-04 -5.514810000000000415e-04
2.251590000000000037e-04 -2.639629999999999798e-04
2.264510000000000110e-05 5.808780000000000312e-05
-1.901410000000000079e-04 3.858789999999999963e-04
-3.640399999999999908e-04 6.919149999999999780e-04
-4.657770000000000096e-04 8.986159999999999764e-04
-4.803930000000000201e-04 9.286869999999999804e-04
-4.096959999999999751e-04 7.688540000000000218e-04
-2.683869999999999767e-04 4.390169999999999880e-04
-7.483069999999999490e-05 -1.716659999999999925e-05
1.486640000000000118e-04 -5.021059999999999933e-04
3.642140000000000199e-04 -8.699649999999999961e-04
5.199039999999999608e-04 -1.016329999999999968e-03
5.734320000000000216e-04 -9.581639999999999558e-04
5.102470000000000226e-04 -7.625190000000000223e-04
3.387020000000000243e-04 -4.450100000000000236e-04
8.458310000000000676e-05 -1.066820000000000020e-07
-2.008459999999999944e-04 4.906760000000000028e-04
-4.462499999999999778e-04 8.800919999999999620e-04
-5.933369999999999877e-04 1.071010000000000061e-03
-6.200770000000000197e-04 1.046199999999999951e-03
-5.285500000000000267e-04 8.293470000000000269e-04
-3.277159999999999774e-04 4.274029999999999735e-04
-4.211539999999999999e-05 -1.210940000000000031e-04
2.712440000000000207e-04 -6.815890000000000230e-04
5.347699999999999503e-04 -1.082819999999999963e-03
6.845249999999999556e-04 -1.205530000000000013e-03
6.887329999999999668e-04 -1.041489999999999951e-03
5.431159999999999547e-04 -6.660389999999999974e-04
2.662769999999999851e-04 -1.562190000000000030e-04
-9.191919999999999908e-05 3.945080000000000114e-04
-4.452179999999999918e-04 8.519590000000000062e-04
-6.971269999999999680e-04 1.133389999999999962e-03
-7.850539999999999819e-04 1.211000000000000054e-03
-6.958179999999999574e-04 1.042109999999999955e-03
-4.501309999999999903e-04 5.844749999999999902e-04
-9.478420000000000638e-05 -8.768229999999999904e-05
2.928410000000000106e-04 -7.491979999999999647e-04
6.210130000000000121e-04 -1.194160000000000100e-03
8.163540000000000380e-04 -1.337829999999999922e-03
8.358690000000000434e-04 -1.197729999999999932e-03
6.629090000000000460e-04 -8.138859999999999931e-04
3.160400000000000167e-04 -2.027420000000000047e-04
-1.319149999999999999e-04 5.136690000000000179e-04
-5.604390000000000326e-04 1.103180000000000046e-03
-8.522669999999999768e-04 1.402309999999999928e-03
-9.411590000000000060e-04 1.354369999999999923e-03
-8.087889999999999706e-04 9.534289999999999952e-04
-4.702959999999999845e-04 3.014989999999999944e-04
9.176710000000000439e-06 -4.088970000000000256e-04
5.101430000000000114e-04 -1.026189999999999958e-03
8.969479999999999511e-04 -1.420199999999999935e-03
1.062379999999999922e-03 -1.478209999999999984e-03
9.566859999999999947e-04 -1.172019999999999963e-03
6.005389999999999773e-04 -5.305989999999999795e-04
7.770870000000000360e-05 3.218019999999999930e-04
-4.823690000000000161e-04 1.096589999999999935e-03
-9.322939999999999613e-04 1.525419999999999988e-03
-1.149700000000000027e-03 1.517899999999999978e-03
-1.070240000000000080e-03 1.125090000000000031e-03
-6.967679999999999534e-04 4.445319999999999784e-04
-1.040800000000000064e-04 -4.109499999999999872e-04
5.550870000000000066e-04 -1.193969999999999927e-03
1.081090000000000046e-03 -1.635050000000000088e-03
1.310149999999999943e-03 -1.618990000000000056e-03
1.179190000000000099e-03 -1.171740000000000108e-03
7.239469999999999586e-04 -4.118139999999999843e-04
5.469940000000000013e-05 4.678020000000000182e-04
-6.542899999999999714e-04 1.215670000000000075e-03
-1.198419999999999954e-03 1.652569999999999907e-03
-1.412229999999999996e-03 1.650809999999999951e-03
-1.223719999999999973e-03 1.138600000000000029e-03
-6.766419999999999770e-04 2.710589999999999809e-04
7.403650000000000172e-05 -6.421919999999999799e-04
8.100650000000000038e-04 -1.331949999999999931e-03
1.325060000000000083e-03 -1.678730000000000023e-03
1.475760000000000006e-03 -1.598580000000000053e-03
1.203510000000000083e-03 -1.024490000000000079e-03
5.680890000000000288e-04 -1.422279999999999942e-04
-2.384809999999999957e-04 7.247109999999999533e-04
-9.644729999999999796e-04 1.337319999999999915e-03
-1.401200000000000015e-03 1.553190000000000083e-03
-1.430899999999999924e-03 1.333479999999999952e-03
-1.041019999999999923e-03 7.507009999999999942e-04
-3.410950000000000266e-04 -1.461300000000000053e-05
4.520319999999999980e-04 -7.382779999999999811e-04
1.089850000000000063e-03 -1.228490000000000051e-03
1.383029999999999936e-03 -1.347499999999999956e-03
1.255720000000000100e-03 -1.074869999999999905e-03
7.613340000000000125e-04 -5.362970000000000324e-04
6.186750000000000355e-05 1.149440000000000027e-04
-6.289359999999999699e-04 7.386870000000000241e-04
-1.109020000000000058e-03 1.142360000000000033e-03
-1.240570000000000084e-03 1.175070000000000064e-03
-9.968299999999999817e-04 8.661829999999999703e-04
-4.745600000000000100e-04 3.560519999999999853e-04
1.528029999999999937e-04 -2.119090000000000069e-04
7.007740000000000366e-04 -6.982330000000000350e-04
1.018070000000000043e-03 -9.790359999999999688e-04
1.021390000000000058e-03 -9.820759999999999126e-04
7.254250000000000281e-04 -7.095069999999999545e-04
2.396140000000000000e-04 -2.448129999999999751e-04
-2.775189999999999970e-04 2.667179999999999898e-04
-6.760400000000000393e-04 6.694719999999999491e-04
-8.550250000000000341e-04 8.533500000000000070e-04
-7.814550000000000185e-04 7.839200000000000161e-04
-4.927290000000000185e-04 4.982740000000000476e-04
-8.328379999999999703e-05 8.739890000000000104e-05
3.234879999999999765e-04 -3.255679999999999837e-04
6.114230000000000446e-04 -6.196930000000000450e-04
7.055489999999999765e-04 -7.150600000000000012e-04
5.923670000000000021e-04 -5.966250000000000416e-04
3.191630000000000205e-04 -3.147210000000000112e-04
-2.530430000000000098e-05 3.521359999999999773e-05
-3.392439999999999930e-04 3.458770000000000225e-04
-5.362189999999999969e-04 5.323889999999999742e-04
-5.676190000000000012e-04 5.547790000000000360e-04
-4.345670000000000153e-04 4.222380000000000187e-04
-1.855960000000000032e-04 1.829239999999999989e-04
9.991090000000000593e-05 -9.312120000000000553e-05
3.371369999999999944e-04 -3.299239999999999942e-04
4.612800000000000017e-04 -4.609169999999999782e-04
4.450669999999999995e-04 -4.501819999999999802e-04
3.037749999999999977e-04 -3.080579999999999972e-04
8.700669999999999487e-05 -8.646030000000000295e-05
-1.388449999999999895e-04 1.426370000000000101e-04
-3.102970000000000142e-04 3.128699999999999776e-04
-3.830239999999999838e-04 3.820280000000000225e-04
-3.423510000000000160e-04 3.395410000000000073e-04
-2.064470000000000107e-04 2.050800000000000084e-04
-2.031820000000000140e-05 2.147350000000000032e-05
1.588240000000000094e-04 -1.568899999999999971e-04
2.798240000000000232e-04 -2.792469999999999913e-04
3.124909999999999732e-04 -3.135349999999999856e-04
2.543530000000000226e-04 -2.555969999999999857e-04
1.285550000000000050e-04 -1.287100000000000060e-04
-2.484690000000000092e-05 2.568770000000000141e-05
-1.609589999999999882e-04 1.617330000000000048e-04
-2.424749999999999985e-04 2.424209999999999885e-04
-2.496309999999999957e-04 2.489850000000000158e-04
-1.850889999999999892e-04 1.846320000000000036e-04
-7.208860000000000636e-05 7.223999999999999953e-05
5.362780000000000178e-05 -5.315560000000000315e-05
1.552369999999999911e-04 -1.549920000000000095e-04
2.056100000000000050e-04 -2.057879999999999887e-04
1.942020000000000085e-04 -1.945290000000000072e-04
1.286039999999999905e-04 -1.287170000000000078e-04
3.104970000000000191e-05 -3.088379999999999728e-05
-6.873319999999999441e-05 6.894840000000000549e-05
-1.422840000000000086e-04 1.423209999999999948e-04
-1.703979999999999904e-04 1.702600000000000131e-04
-1.480929999999999931e-04 1.479569999999999930e-04
-8.516790000000000157e-05 8.517069999999999416e-05
-2.371259999999999807e-06 2.478909999999999954e-06
7.535470000000000547e-05 -7.527390000000000448e-05
1.263039999999999888e-04 -1.263260000000000099e-04
1.379049999999999883e-04 -1.379840000000000125e-04
1.095860000000000042e-04 -1.096300000000000058e-04
5.209709999999999965e-05 -5.206980000000000077e-05
-1.627499999999999918e-05 1.633039999999999869e-05
-7.536969999999999770e-05 7.539119999999999741e-05
