-3.891299999999999911e-08 6.741199999999999510e-07
-2.230869999999999912e-07 2.180519999999999835e-06
-6.107699999999999561e-07 3.196130000000000179e-06
-1.239220000000000055e-06 5.502490000000000404e-06
-2.536160000000000126e-06 1.430909999999999993e-05
-5.548060000000000037e-06 3.282330000000000133e-05
-1.137559999999999998e-05 5.651790000000000313e-05
-1.992400000000000101e-05 7.195950000000000111e-05
-2.900360000000000129e-05 6.984249999999999411e-05
-3.445069999999999865e-05 4.722009999999999874e-05
-3.088210000000000033e-05 2.240030000000000134e-06
-1.390639999999999953e-05 -5.487610000000000133e-05
1.604720000000000113e-05 -1.042409999999999935e-04
5.194110000000000317e-05 -1.357580000000000104e-04
8.316349999999999752e-05 -1.560090000000000034e-04
1.008530000000000049e-04 -1.748959999999999870e-04
1.014859999999999970e-04 -1.919590000000000098e-04
8.757179999999999392e-05 -1.974249999999999877e-04
6.573340000000000324e-05 -1.787179999999999921e-04
4.223110000000000297e-05 -1.237780000000000065e-04
1.864339999999999840e-05 -3.553060000000000165e-05
-7.474440000000000218e-06 5.677310000000000028e-05
-3.757809999999999856e-05 1.259599999999999934e-04
-6.911159999999999743e-05 1.753249999999999926e-04
-9.666959999999999345e-05 2.180229999999999961e-04
-1.142169999999999942e-04 2.485909999999999921e-04
-1.174999999999999965e-04 2.551659999999999757e-04
-1.069419999999999936e-04 2.403539999999999963e-04
-8.796569999999999704e-05 2.187640000000000081e-04
-6.739609999999999666e-05 2.027599999999999899e-04
-4.971840000000000157e-05 1.860499999999999958e-04
-3.571709999999999723e-05 1.387580000000000020e-04
-2.257530000000000051e-05 4.513290000000000287e-05
-5.056339999999999602e-06 -6.883310000000000340e-05
2.287650000000000027e-05 -1.768309999999999880e-04
6.563290000000000649e-05 -2.753720000000000191e-04
1.208179999999999942e-04 -3.597410000000000104e-04
1.755159999999999912e-04 -4.158589999999999769e-04
2.114209999999999939e-04 -4.320339999999999771e-04
2.157689999999999868e-04 -4.054740000000000145e-04
1.871879999999999974e-04 -3.433520000000000018e-04
1.328350000000000114e-04 -2.543299999999999858e-04
6.314779999999999872e-05 -1.437420000000000071e-04
-1.003569999999999948e-05 -2.228960000000000086e-05
-7.428009999999999377e-05 1.004880000000000042e-04
-1.202869999999999954e-04 2.163099999999999940e-04
-1.454260000000000134e-04 3.063219999999999854e-04
-1.525660000000000026e-04 3.514540000000000134e-04
-1.464589999999999881e-04 3.552340000000000077e-04
-1.322159999999999959e-04 3.461210000000000155e-04
-1.153739999999999968e-04 3.435709999999999806e-04
-1.004700000000000054e-04 3.317680000000000260e-04
-8.860880000000000449e-05 2.802360000000000051e-04
-7.627499999999999732e-05 1.763339999999999960e-04
-5.634060000000000061e-05 4.652070000000000337e-05
-2.153499999999999964e-05 -7.061330000000000373e-05
3.179049999999999996e-05 -1.858309999999999899e-04
1.010560000000000028e-04 -3.273519999999999924e-04
1.751439999999999887e-04 -4.688550000000000096e-04
2.364699999999999907e-04 -5.559599999999999828e-04
2.689130000000000188e-04 -5.498810000000000026e-04
2.628239999999999895e-04 -4.505819999999999899e-04
2.144819999999999973e-04 -3.096679999999999767e-04
1.272570000000000049e-04 -1.753550000000000041e-04
1.563039999999999861e-05 -4.660400000000000306e-05
-9.540140000000000447e-05 1.060659999999999972e-04
-1.802469999999999973e-04 2.868689999999999803e-04
-2.256410000000000035e-04 4.472160000000000089e-04
-2.353660000000000095e-04 5.319889999999999645e-04
-2.230479999999999963e-04 5.345719999999999769e-04
-1.998600000000000008e-04 4.897709999999999564e-04
-1.681089999999999993e-04 4.258870000000000103e-04
-1.255349999999999966e-04 3.374030000000000085e-04
-7.329539999999999623e-05 2.028680000000000099e-04
-1.648710000000000008e-05 1.338620000000000069e-05
4.321250000000000004e-05 -2.088249999999999937e-04
1.101759999999999968e-04 -4.082089999999999807e-04
1.858340000000000100e-04 -5.363240000000000238e-04
2.587229999999999825e-04 -5.924720000000000290e-04
3.061939999999999757e-04 -5.963210000000000255e-04
3.067449999999999777e-04 -5.499020000000000080e-04
2.529990000000000082e-04 -4.418840000000000268e-04
1.563079999999999949e-04 -2.765649999999999923e-04
3.867769999999999731e-05 -5.583740000000000177e-05
-8.115030000000000127e-05 2.059080000000000079e-04
-1.910849999999999908e-04 4.342519999999999887e-04
-2.787399999999999774e-04 5.783480000000000131e-04
-3.298169999999999900e-04 6.422090000000000307e-04
-3.339300000000000232e-04 6.417880000000000156e-04
-2.903270000000000004e-04 5.884729999999999475e-04
-2.096549999999999976e-04 4.753690000000000086e-04
-1.097059999999999962e-04 2.854190000000000264e-04
-6.434480000000000268e-06 2.471329999999999935e-05
9.374710000000000237e-05 -2.791180000000000202e-04
1.928990000000000110e-04 -5.701740000000000063e-04
2.884289999999999857e-04 -7.441600000000000038e-04
3.617070000000000116e-04 -7.568390000000000360e-04
3.850920000000000189e-04 -6.564919999999999480e-04
3.394960000000000035e-04 -5.028050000000000488e-04
2.260309999999999913e-04 -3.213320000000000195e-04
6.627970000000000172e-05 -8.350200000000000114e-05
-1.059369999999999989e-04 2.145000000000000097e-04
-2.551610000000000054e-04 4.908449999999999532e-04
-3.558139999999999784e-04 6.806919999999999941e-04
-4.002990000000000107e-04 7.814879999999999960e-04
-3.923740000000000214e-04 7.766859999999999563e-04
-3.337929999999999803e-04 6.490730000000000111e-04
-2.243269999999999954e-04 3.910149999999999824e-04
-7.238369999999999613e-05 3.208589999999999717e-05
1.002080000000000001e-04 -3.325849999999999878e-04
2.665449999999999764e-04 -6.463789999999999857e-04
4.037719999999999959e-04 -8.643459999999999945e-04
4.887749999999999951e-04 -9.225530000000000015e-04
4.947909999999999591e-04 -8.094810000000000243e-04
4.053749999999999736e-04 -5.746300000000000192e-04
2.323310000000000089e-04 -2.978829999999999803e-04
1.548979999999999864e-05 -1.343369999999999981e-05
-1.965740000000000055e-04 3.046230000000000140e-04
-3.650179999999999939e-04 6.403659999999999604e-04
-4.657199999999999795e-04 8.886159999999999502e-04
-4.892569999999999949e-04 9.628389999999999475e-04
-4.414609999999999802e-04 8.598940000000000446e-04
-3.360099999999999762e-04 6.129310000000000444e-04
-1.823069999999999877e-04 2.464429999999999984e-04
1.343380000000000003e-05 -2.051009999999999867e-04
2.319690000000000011e-04 -6.420409999999999876e-04
4.322589999999999961e-04 -9.386690000000000485e-04
5.655799999999999890e-04 -1.034130000000000075e-03
5.970800000000000499e-04 -9.453699999999999560e-04
5.136640000000000476e-04 -7.106109999999999901e-04
3.227659999999999926e-04 -3.668960000000000190e-04
5.626710000000000207e-05 3.264949999999999970e-05
-2.288900000000000125e-04 4.433920000000000266e-04
-4.686049999999999764e-04 8.243169999999999751e-04
-6.158319999999999680e-04 1.086680000000000024e-03
-6.497369999999999491e-04 1.140340000000000104e-03
-5.708500000000000249e-04 9.634280000000000057e-04
-3.929979999999999802e-04 5.783230000000000532e-04
-1.379870000000000055e-04 3.818760000000000009e-05
1.623499999999999889e-04 -5.467379999999999549e-04
4.588759999999999888e-04 -1.011790000000000042e-03
6.864310000000000420e-04 -1.229599999999999964e-03
7.836380000000000212e-04 -1.201440000000000017e-03
7.183849999999999871e-04 -9.909779999999999978e-04
4.978219999999999781e-04 -6.156430000000000279e-04
1.629670000000000001e-04 -7.432090000000000191e-05
-2.184060000000000092e-04 5.358090000000000465e-04
-5.623499999999999810e-04 1.039219999999999988e-03
-7.921589999999999621e-04 1.312170000000000090e-03
-8.618169999999999650e-04 1.322840000000000040e-03
-7.600470000000000229e-04 1.088379999999999903e-03
-5.012509999999999752e-04 6.140510000000000065e-04
-1.240740000000000050e-04 -5.249879999999999955e-05
3.016200000000000023e-04 -7.522679999999999471e-04
6.818230000000000211e-04 -1.281680000000000102e-03
9.262740000000000426e-04 -1.492990000000000029e-03
9.751160000000000470e-04 -1.358290000000000062e-03
8.087860000000000318e-04 -9.436950000000000373e-04
4.492389999999999860e-04 -3.309049999999999904e-04
-3.599670000000000045e-05 3.662809999999999851e-04
-5.347830000000000465e-04 9.805070000000000365e-04
-9.181080000000000534e-04 1.393530000000000029e-03
-1.089109999999999905e-03 1.550750000000000045e-03
-1.013540000000000057e-03 1.391730000000000094e-03
-7.130840000000000052e-04 8.641439999999999582e-04
-2.476919999999999860e-04 4.976450000000000101e-05
2.900250000000000159e-04 -7.925210000000000241e-04
7.827900000000000049e-04 -1.410030000000000051e-03
1.114809999999999933e-03 -1.679649999999999980e-03
1.201730000000000029e-03 -1.593969999999999892e-03
1.009579999999999939e-03 -1.177590000000000060e-03
5.650600000000000414e-04 -4.456099999999999840e-04
-3.918529999999999903e-05 4.572940000000000164e-04
-6.558879999999999788e-04 1.252810000000000035e-03
-1.126449999999999977e-03 1.726040000000000083e-03
-1.333870000000000021e-03 1.780679999999999980e-03
-1.224840000000000043e-03 1.384000000000000031e-03
-8.089549999999999822e-04 6.285089999999999687e-04
-1.665860000000000073e-04 -2.713479999999999777e-04
5.498429999999999464e-04 -1.115429999999999937e-03
1.151569999999999981e-03 -1.720469999999999985e-03
1.473609999999999981e-03 -1.925700000000000025e-03
1.426170000000000042e-03 -1.663009999999999922e-03
1.015590000000000026e-03 -9.419250000000000322e-04
3.350089999999999904e-04 1.006399999999999987e-04
-4.558979999999999912e-04 1.129479999999999981e-03
-1.158600000000000081e-03 1.808280000000000000e-03
-1.582620000000000077e-03 1.981960000000000059e-03
-1.600110000000000074e-03 1.657349999999999926e-03
-1.183959999999999960e-03 9.112550000000000294e-04
-4.210640000000000194e-04 -1.368060000000000044e-04
4.959269999999999564e-04 -1.195490000000000008e-03
1.309679999999999915e-03 -1.919469999999999944e-03
1.780590000000000081e-03 -2.116160000000000176e-03
1.770080000000000047e-03 -1.757579999999999906e-03
1.274970000000000053e-03 -9.358349999999999872e-04
4.175329999999999884e-04 1.489890000000000062e-04
-5.799159999999999818e-04 1.194570000000000050e-03
-1.441629999999999951e-03 1.940029999999999923e-03
-1.916879999999999929e-03 2.175990000000000042e-03
-1.859090000000000091e-03 1.766170000000000066e-03
-1.272799999999999930e-03 8.312569999999999595e-04
-3.170269999999999989e-04 -3.047990000000000204e-04
7.398279999999999917e-04 -1.310900000000000043e-03
1.600910000000000093e-03 -1.984080000000000045e-03
2.023290000000000071e-03 -2.156340000000000080e-03
1.877140000000000015e-03 -1.686779999999999920e-03
1.189100000000000009e-03 -7.244810000000000182e-04
1.552579999999999965e-04 3.820229999999999980e-04
-9.163039999999999467e-04 1.323739999999999899e-03
-1.713050000000000033e-03 1.873450000000000028e-03
-2.010780000000000206e-03 1.904290000000000106e-03
-1.727110000000000017e-03 1.414619999999999897e-03
-9.457639999999999797e-04 5.568959999999999752e-04
9.709509999999999810e-05 -4.138149999999999945e-04
1.083790000000000057e-03 -1.234880000000000049e-03
1.722400000000000016e-03 -1.680590000000000035e-03
1.838929999999999905e-03 -1.641510000000000104e-03
1.422510000000000094e-03 -1.177819999999999995e-03
6.177360000000000229e-04 -4.244650000000000094e-04
-3.281569999999999821e-04 4.475300000000000198e-04
-1.139599999999999945e-03 1.176229999999999897e-03
-1.588470000000000030e-03 1.518510000000000042e-03
-1.561419999999999995e-03 1.417599999999999980e-03
-1.093970000000000099e-03 9.618759999999999637e-04
-3.479290000000000225e-04 2.845820000000000207e-04
4.504050000000000219e-04 -4.447400000000000008e-04
1.076340000000000066e-03 -1.034420000000000088e-03
1.364710000000000098e-03 -1.323970000000000051e-03
1.255110000000000036e-03 -1.237100000000000092e-03
8.068850000000000241e-04 -8.108349999999999846e-04
1.714040000000000008e-04 -1.836370000000000038e-04
-4.636449999999999968e-04 4.551390000000000210e-04
-9.294820000000000295e-04 9.278539999999999835e-04
-1.114839999999999972e-03 1.118400000000000080e-03
-9.876550000000000433e-04 9.935810000000001082e-04
-6.001920000000000432e-04 6.041780000000000284e-04
-7.340320000000000221e-05 7.129290000000000312e-05
4.395129999999999914e-04 -4.481740000000000224e-04
7.990669999999999848e-04 -8.095860000000000513e-04
9.179849999999999599e-04 -9.229649999999999833e-04
7.804630000000000118e-04 -7.755940000000000013e-04
4.402979999999999915e-04 -4.292020000000000015e-04
2.063940000000000097e-06 5.326439999999999777e-06
-4.090329999999999986e-04 4.047559999999999852e-04
-6.818870000000000530e-04 6.676880000000000488e-04
-7.498840000000000323e-04 7.363429999999999802e-04
-6.076750000000000120e-04 6.048429999999999822e-04
-3.089470000000000085e-04 3.165369999999999816e-04
5.324299999999999828e-05 -4.528579999999999932e-05
3.757440000000000129e-04 -3.754970000000000269e-04
5.742969999999999802e-04 -5.800659999999999584e-04
6.043690000000000000e-04 -6.089720000000000506e-04
4.694710000000000051e-04 -4.686700000000000241e-04
2.164799999999999873e-04 -2.123270000000000018e-04
-7.930760000000000619e-05 8.196280000000000069e-05
-3.351730000000000247e-04 3.340260000000000169e-04
-4.834379999999999884e-04 4.804440000000000099e-04
-4.898269999999999708e-04 4.883860000000000501e-04
-3.618490000000000248e-04 3.630959999999999808e-04
-1.440269999999999951e-04 1.461289999999999963e-04
9.778370000000000367e-05 -9.715399999999999850e-05
2.965390000000000148e-04 -2.977060000000000123e-04
4.018919999999999936e-04 -4.032700000000000065e-04
3.917829999999999859e-04 -3.919190000000000130e-04
2.761899999999999967e-04 -2.752289999999999901e-04
9.286180000000000595e-05 -9.202859999999999502e-05
-1.040800000000000064e-04 1.039740000000000044e-04
-2.598599999999999955e-04 2.591389999999999731e-04
-3.344789999999999938e-04 3.340090000000000203e-04
-3.130230000000000013e-04 3.132160000000000044e-04
-2.079740000000000115e-04 2.084859999999999958e-04
-5.360970000000000275e-05 5.385529999999999918e-05
1.049750000000000037e-04 -1.051819999999999969e-04
2.246770000000000039e-04 -2.250280000000000010e-04
2.756610000000000158e-04 -2.757710000000000131e-04
2.484890000000000124e-04 -2.483000000000000181e-04
1.555089999999999912e-04 -1.552780000000000132e-04
2.627130000000000036e-05 -2.624080000000000124e-05
-1.016149999999999953e-04 1.014580000000000034e-04
-1.933829999999999881e-04 1.932389999999999976e-04
-2.264880000000000040e-04 2.265000000000000032e-04
-1.958969999999999982e-04 1.960180000000000060e-04
-1.141799999999999944e-04 1.142630000000000002e-04
-6.875769999999999900e-06 6.846029999999999741e-06
9.525129999999999383e-05 -9.533829999999999486e-05
1.648300000000000058e-04 -1.648739999999999939e-04
1.850710000000000040e-04 -1.850370000000000107e-04
1.536800000000000058e-04 -1.536200000000000098e-04
8.257440000000000006e-05 -8.255459999999999730e-05
