-3.357579999999999814e-08 6.842349999999999592e-07
-2.034609999999999979e-07 2.230969999999999919e-06
-5.945200000000000058e-07 3.308599999999999967e-06
-1.261469999999999926e-06 5.693290000000000339e-06
-2.564949999999999896e-06 1.471309999999999979e-05
-5.502440000000000294e-06 3.378629999999999871e-05
-1.136510000000000067e-05 5.844389999999999790e-05
-2.046209999999999845e-05 7.496720000000000282e-05
-3.076800000000000086e-05 7.358840000000000173e-05
-3.765920000000000021e-05 5.101990000000000258e-05
-3.494980000000000206e-05 5.123840000000000226e-06
-1.758199999999999870e-05 -5.412900000000000301e-05
1.441469999999999939e-05 -1.066269999999999940e-04
5.385720000000000335e-05 -1.415239999999999955e-04
8.902410000000000032e-05 -1.647850000000000020e-04
1.094479999999999997e-04 -1.861400000000000034e-04
1.107730000000000048e-04 -2.048920000000000027e-04
9.596420000000000525e-05 -2.107339999999999919e-04
7.259679999999999584e-05 -1.907060000000000135e-04
4.749839999999999911e-05 -1.327730000000000110e-04
2.224470000000000066e-05 -4.005339999999999839e-05
-6.124209999999999595e-06 5.770229999999999809e-05
-3.964509999999999757e-05 1.322870000000000025e-04
-7.535809999999999937e-05 1.861409999999999920e-04
-1.063170000000000055e-04 2.323389999999999993e-04
-1.253609999999999946e-04 2.653269999999999891e-04
-1.285310000000000066e-04 2.725040000000000188e-04
-1.168809999999999944e-04 2.560850000000000257e-04
-9.573329999999999362e-05 2.315340000000000095e-04
-7.184669999999999772e-05 2.125069999999999900e-04
-5.077399999999999871e-05 1.932120000000000061e-04
-3.500900000000000312e-05 1.433089999999999928e-04
-2.237030000000000163e-05 4.643630000000000126e-05
-6.143250000000000009e-06 -7.132459999999999809e-05
2.202560000000000135e-05 -1.831889999999999972e-04
6.736049999999999991e-05 -2.858839999999999754e-04
1.265480000000000088e-04 -3.752219999999999796e-04
1.856849999999999950e-04 -4.364929999999999830e-04
2.258990000000000000e-04 -4.563769999999999979e-04
2.333559999999999931e-04 -4.310030000000000068e-04
2.051880000000000012e-04 -3.674619999999999861e-04
1.479279999999999972e-04 -2.744600000000000251e-04
7.282209999999999519e-05 -1.572099999999999941e-04
-6.959150000000000108e-06 -2.693229999999999962e-05
-7.794250000000000126e-05 1.053679999999999981e-04
-1.298969999999999932e-04 2.299330000000000091e-04
-1.593420000000000069e-04 3.269670000000000020e-04
-1.688790000000000072e-04 3.765099999999999849e-04
-1.633630000000000010e-04 3.813290000000000212e-04
-1.475960000000000011e-04 3.702269999999999910e-04
-1.268549999999999908e-04 3.641159999999999948e-04
-1.068869999999999949e-04 3.482399999999999862e-04
-9.122829999999999525e-05 2.920129999999999840e-04
-7.765700000000000543e-05 1.825390000000000085e-04
-5.775320000000000128e-05 4.693710000000000162e-05
-2.186399999999999937e-05 -7.514669999999999662e-05
3.429029999999999931e-05 -1.946229999999999965e-04
1.066140000000000062e-04 -3.412900000000000070e-04
1.832530000000000020e-04 -4.893890000000000132e-04
2.480879999999999869e-04 -5.825990000000000509e-04
2.858569999999999839e-04 -5.797410000000000454e-04
2.847169999999999779e-04 -4.799949999999999876e-04
2.372270000000000108e-04 -3.353380000000000206e-04
1.448420000000000068e-04 -1.944000000000000090e-04
2.357550000000000154e-05 -5.632950000000000337e-05
-9.789510000000000399e-05 1.079860000000000059e-04
-1.910640000000000125e-04 3.016319999999999744e-04
-2.423389999999999984e-04 4.738340000000000173e-04
-2.566889999999999949e-04 5.669040000000000190e-04
-2.477900000000000111e-04 5.727739999999999611e-04
-2.250069999999999956e-04 5.265699999999999678e-04
-1.892700000000000090e-04 4.576170000000000064e-04
-1.394500000000000015e-04 3.609349999999999993e-04
-7.941749999999999645e-05 2.154269999999999959e-04
-1.603739999999999997e-05 1.316890000000000024e-05
4.919990000000000306e-05 -2.221229999999999873e-04
1.218610000000000044e-04 -4.332739999999999855e-04
2.039870000000000105e-04 -5.701659999999999888e-04
2.829040000000000005e-04 -6.309440000000000361e-04
3.333809999999999985e-04 -6.352390000000000076e-04
3.322700000000000154e-04 -5.854900000000000338e-04
2.729610000000000044e-04 -4.703749999999999815e-04
1.686799999999999910e-04 -2.944450000000000040e-04
4.271300000000000254e-05 -6.068870000000000053e-05
-8.549229999999999460e-05 2.153079999999999924e-04
-2.036659999999999979e-04 4.575660000000000165e-04
-2.995070000000000176e-04 6.127419999999999959e-04
-3.574210000000000191e-04 6.830640000000000453e-04
-3.643769999999999843e-04 6.845189999999999695e-04
-3.182910000000000058e-04 6.289149999999999645e-04
-2.312089999999999881e-04 5.090490000000000249e-04
-1.234019999999999952e-04 3.075999999999999958e-04
-1.208880000000000020e-05 3.149329999999999881e-05
9.656780000000000062e-05 -2.899059999999999853e-04
2.051870000000000126e-04 -5.987650000000000177e-04
3.114659999999999890e-04 -7.879080000000000328e-04
3.958249999999999854e-04 -8.092820000000000352e-04
4.266930000000000158e-04 -7.092420000000000104e-04
3.798610000000000007e-04 -5.485000000000000509e-04
2.551359999999999913e-04 -3.540889999999999771e-04
7.831820000000000513e-05 -9.778339999999999623e-05
-1.111630000000000062e-04 2.231280000000000091e-04
-2.756030000000000242e-04 5.224659999999999678e-04
-3.894489999999999909e-04 7.296759999999999574e-04
-4.430349999999999891e-04 8.397209999999999787e-04
-4.367929999999999903e-04 8.364730000000000125e-04
-3.723350000000000054e-04 7.021930000000000446e-04
-2.522719999999999997e-04 4.280469999999999761e-04
-8.683770000000000377e-05 4.512660000000000260e-05
1.025359999999999954e-04 -3.464639999999999951e-04
2.881900000000000173e-04 -6.850289999999999765e-04
4.432150000000000044e-04 -9.228100000000000365e-04
5.402249999999999717e-04 -9.929830000000000167e-04
5.504079999999999520e-04 -8.799979999999999998e-04
4.557130000000000057e-04 -6.320639999999999982e-04
2.663930000000000226e-04 -3.328030000000000051e-04
2.451239999999999929e-05 -2.173269999999999946e-05
-2.136849999999999980e-04 3.241319999999999792e-04
-4.015700000000000194e-04 6.867989999999999816e-04
-5.134029999999999497e-04 9.559870000000000477e-04
-5.423749999999999969e-04 1.038889999999999996e-03
-4.943919999999999652e-04 9.306749999999999485e-04
-3.802810000000000001e-04 6.676279999999999715e-04
-2.093899999999999993e-04 2.769800000000000213e-04
7.915119999999999529e-06 -2.056989999999999969e-04
2.488859999999999749e-04 -6.768940000000000417e-04
4.716869999999999852e-04 -1.002759999999999893e-03
6.250589999999999662e-04 -1.115190000000000061e-03
6.673529999999999783e-04 -1.029109999999999964e-03
5.794850000000000261e-04 -7.835659999999999717e-04
3.693260000000000076e-04 -4.161799999999999896e-04
7.418920000000000451e-05 1.765230000000000038e-05
-2.428519999999999984e-04 4.669270000000000104e-04
-5.118050000000000507e-04 8.828920000000000301e-04
-6.801220000000000182e-04 1.170880000000000011e-03
-7.238039999999999839e-04 1.236150000000000096e-03
-6.427839999999999769e-04 1.053490000000000025e-03
-4.511019999999999917e-04 6.451270000000000051e-04
-1.714879999999999953e-04 6.766320000000000635e-05
1.614820000000000101e-04 -5.625600000000000349e-04
4.942500000000000062e-04 -1.072269999999999951e-03
7.556979999999999600e-04 -1.324080000000000049e-03
8.760530000000000097e-04 -1.311789999999999961e-03
8.144229999999999916e-04 -1.096959999999999906e-03
5.751320000000000087e-04 -6.978890000000000397e-04
2.051640000000000028e-04 -1.150490000000000025e-04
-2.186540000000000109e-04 5.488160000000000390e-04
-6.061289999999999560e-04 1.105969999999999957e-03
-8.746900000000000161e-04 1.419099999999999962e-03
-9.689100000000000186e-04 1.448669999999999992e-03
-8.687049999999999980e-04 1.209720000000000066e-03
-5.876040000000000343e-04 7.068899999999999489e-04
-1.709939999999999963e-04 -1.052569999999999987e-05
3.037429999999999818e-04 -7.744759999999999622e-04
7.364960000000000040e-04 -1.365520000000000058e-03
1.027930000000000033e-03 -1.620829999999999970e-03
1.105029999999999901e-03 -1.503690000000000018e-03
9.374080000000000346e-04 -1.076970000000000011e-03
5.455879999999999541e-04 -4.229039999999999883e-04
4.948780000000000246e-06 3.386689999999999926e-04
-5.602569999999999859e-04 1.026479999999999971e-03
-1.007070000000000101e-03 1.504389999999999981e-03
-1.223200000000000025e-03 1.703780000000000008e-03
-1.162379999999999967e-03 1.556099999999999931e-03
-8.441300000000000105e-04 1.004169999999999976e-03
-3.342069999999999937e-04 1.304009999999999870e-04
2.678690000000000064e-04 -7.940249999999999609e-04
8.363059999999999852e-04 -1.494719999999999946e-03
1.238890000000000087e-03 -1.828600000000000104e-03
1.369580000000000016e-03 -1.776140000000000054e-03
1.180119999999999997e-03 -1.354949999999999948e-03
6.981179999999999591e-04 -5.767370000000000179e-04
2.681360000000000023e-05 4.078279999999999991e-04
-6.744200000000000108e-04 1.300619999999999945e-03
-1.231850000000000046e-03 1.860740000000000050e-03
-1.506600000000000083e-03 1.971779999999999800e-03
-1.424420000000000026e-03 1.589080000000000093e-03
-9.862060000000001051e-04 7.991209999999999676e-04
-2.772149999999999810e-04 -1.792099999999999867e-04
5.357740000000000375e-04 -1.127439999999999953e-03
1.241700000000000095e-03 -1.836409999999999909e-03
1.649059999999999936e-03 -2.120589999999999888e-03
1.645610000000000041e-03 -1.892680000000000100e-03
1.226609999999999940e-03 -1.151160000000000030e-03
4.868370000000000011e-04 -3.372950000000000291e-05
-4.028990000000000197e-04 1.107689999999999933e-03
-1.224770000000000025e-03 1.906740000000000084e-03
-1.759060000000000007e-03 2.176739999999999925e-03
-1.844530000000000041e-03 1.901759999999999952e-03
-1.431720000000000041e-03 1.146129999999999979e-03
-6.069559999999999669e-04 2.717939999999999934e-05
4.203999999999999729e-04 -1.150049999999999900e-03
1.368159999999999992e-03 -2.008470000000000047e-03
1.965100000000000006e-03 -2.317749999999999932e-03
2.036609999999999896e-03 -2.021429999999999842e-03
1.552699999999999957e-03 -1.196559999999999941e-03
6.313059999999999896e-04 -4.090510000000000245e-05
-4.876820000000000243e-04 1.128710000000000000e-03
-1.497569999999999934e-03 2.019250000000000211e-03
-2.109960000000000134e-03 2.381780000000000008e-03
-2.141740000000000050e-03 2.045439999999999932e-03
-1.571630000000000076e-03 1.110230000000000028e-03
-5.507770000000000157e-04 -1.003989999999999988e-04
6.378850000000000362e-04 -1.235710000000000107e-03
1.661230000000000085e-03 -2.060109999999999979e-03
2.229919999999999819e-03 -2.367460000000000050e-03
2.175310000000000177e-03 -1.978759999999999981e-03
1.501130000000000042e-03 -1.017420000000000000e-03
3.968560000000000100e-04 1.675550000000000043e-04
-8.145200000000000010e-04 1.242980000000000083e-03
-1.780990000000000090e-03 1.946830000000000088e-03
-2.227750000000000129e-03 2.114009999999999934e-03
-2.031400000000000046e-03 1.705710000000000039e-03
-1.254649999999999949e-03 8.497900000000000072e-04
-1.333530000000000089e-04 -1.987269999999999965e-04
9.941550000000000387e-04 -1.153600000000000068e-03
1.796690000000000093e-03 -1.752469999999999896e-03
2.053730000000000139e-03 -1.845990000000000044e-03
1.716089999999999977e-03 -1.459639999999999896e-03
9.091880000000000100e-04 -7.077060000000000035e-04
-1.159179999999999971e-04 2.393929999999999897e-04
-1.060530000000000066e-03 1.098809999999999978e-03
-1.661509999999999940e-03 1.589939999999999973e-03
-1.765230000000000011e-03 1.614900000000000059e-03
-1.370729999999999909e-03 1.230530000000000079e-03
-6.202719999999999458e-04 5.534710000000000411e-04
2.548709999999999930e-04 -2.470260000000000164e-04
1.005720000000000095e-03 -9.606900000000000465e-04
1.433709999999999932e-03 -1.392100000000000065e-03
1.443110000000000052e-03 -1.425260000000000025e-03
1.062330000000000002e-03 -1.065909999999999991e-03
4.248939999999999878e-04 -4.369350000000000035e-04
-2.797119999999999945e-04 2.704650000000000066e-04
-8.621399999999999550e-04 8.597649999999999650e-04
-1.178950000000000007e-03 1.182759999999999931e-03
-1.163170000000000046e-03 1.169880000000000095e-03
-8.379260000000000137e-04 8.421880000000000078e-04
-3.083459999999999782e-04 3.058569999999999822e-04
2.702900000000000159e-04 -2.794450000000000189e-04
7.391939999999999839e-04 -7.500399999999999949e-04
9.805169999999999771e-04 -9.856940000000000666e-04
9.452939999999999520e-04 -9.403620000000000338e-04
6.603380000000000057e-04 -6.487560000000000071e-04
2.164649999999999951e-04 -2.085129999999999872e-04
-2.579230000000000173e-04 2.536080000000000018e-04
-6.326590000000000425e-04 6.176660000000000050e-04
-8.121320000000000231e-04 7.977239999999999808e-04
-7.606950000000000343e-04 7.577099999999999808e-04
-5.086879999999999787e-04 5.168479999999999819e-04
-1.383900000000000082e-04 1.469010000000000086e-04
2.431509999999999900e-04 -2.429649999999999887e-04
5.344840000000000008e-04 -5.407329999999999472e-04
6.651549999999999564e-04 -6.700290000000000456e-04
6.111040000000000092e-04 -6.101190000000000042e-04
3.978060000000000060e-04 -3.933429999999999913e-04
9.128230000000000523e-05 -8.855869999999999628e-05
-2.208500000000000014e-04 2.195420000000000065e-04
-4.539500000000000024e-04 4.508059999999999932e-04
-5.498610000000000129e-04 5.484129999999999821e-04
-4.918820000000000180e-04 4.932190000000000359e-04
-3.064380000000000229e-04 3.086230000000000028e-04
-5.204979999999999758e-05 5.269120000000000130e-05
1.991729999999999987e-04 -2.004019999999999966e-04
3.812210000000000013e-04 -3.826689999999999779e-04
4.503770000000000147e-04 -4.505180000000000122e-04
3.950770000000000258e-04 -3.940519999999999873e-04
2.375180000000000119e-04 -2.366310000000000050e-04
2.627659999999999843e-05 -2.640089999999999993e-05
-1.783379999999999991e-04 1.775579999999999964e-04
-3.217170000000000099e-04 3.212229999999999838e-04
-3.696010000000000007e-04 3.698269999999999813e-04
-3.157610000000000148e-04 3.163129999999999783e-04
-1.813990000000000025e-04 1.816449999999999998e-04
-7.490549999999999798e-06 7.253989999999999643e-06
1.572400000000000056e-04 -1.576100000000000038e-04
2.695139999999999949e-04 -2.696159999999999746e-04
3.026269999999999741e-04 -3.024190000000000060e-04
2.526900000000000218e-04 -2.524509999999999992e-04
1.383909999999999969e-04 -1.383679999999999871e-04
-5.456040000000000197e-06 5.288210000000000314e-06
-1.384190000000000041e-04 1.382710000000000048e-04
-2.257179999999999961e-04 2.257349999999999927e-04
-2.471090000000000222e-04 2.472369999999999776e-04
-2.012190000000000127e-04 2.013039999999999957e-04
-1.046309999999999948e-04 1.045970000000000016e-04
1.365170000000000009e-05 -1.374429999999999985e-05
1.206730000000000015e-04 -1.207170000000000031e-04
1.885559999999999884e-04 -1.885169999999999977e-04
2.016680000000000078e-04 -2.016049999999999917e-04
1.600550000000000117e-04 -1.600360000000000107e-04
