-4.375230000000000328e-08 6.600429999999999501e-07
-2.378070000000000065e-07 2.111380000000000103e-06
-6.101639999999999572e-07 3.045119999999999993e-06
-1.186489999999999926e-06 5.250289999999999668e-06
-2.459899999999999945e-06 1.377380000000000016e-05
-5.481420000000000282e-06 3.154380000000000112e-05
-1.111059999999999998e-05 5.397030000000000062e-05
-1.889099999999999921e-05 6.802379999999999744e-05
-2.660619999999999947e-05 6.504519999999999855e-05
-3.063429999999999907e-05 4.255099999999999968e-05
-2.633419999999999937e-05 -1.005940000000000020e-06
-9.939729999999999445e-06 -5.527170000000000141e-05
1.762519999999999856e-05 -1.008460000000000031e-04
4.943030000000000004e-05 -1.285559999999999936e-04
7.609969999999999918e-05 -1.454410000000000056e-04
9.045239999999999476e-05 -1.613250000000000046e-04
8.976850000000000628e-05 -1.759800000000000058e-04
7.626999999999999991e-05 -1.804470000000000021e-04
5.601829999999999863e-05 -1.629059999999999883e-04
3.487069999999999802e-05 -1.116599999999999982e-04
1.414889999999999933e-05 -2.960150000000000110e-05
-8.426279999999999561e-06 5.500600000000000156e-05
-3.395700000000000031e-05 1.169650000000000025e-04
-6.048659999999999784e-05 1.609269999999999993e-04
-8.419799999999999583e-05 1.998249999999999918e-04
-9.999139999999999949e-05 2.278480000000000045e-04
-1.033010000000000059e-04 2.338230000000000007e-04
-9.425769999999999711e-05 2.208739999999999998e-04
-7.841850000000000144e-05 2.027999999999999963e-04
-6.201550000000000281e-05 1.905789999999999926e-04
-4.792759999999999832e-05 1.771510000000000120e-04
-3.558819999999999920e-05 1.329210000000000103e-04
-2.228129999999999960e-05 4.309379999999999727e-05
-4.330759999999999851e-06 -6.594199999999999986e-05
2.263380000000000003e-05 -1.684640000000000052e-04
6.260689999999999853e-05 -2.614040000000000200e-04
1.135670000000000055e-04 -3.399620000000000224e-04
1.628249999999999869e-04 -3.904819999999999927e-04
1.928769999999999899e-04 -4.023310000000000211e-04
1.930450000000000059e-04 -3.736740000000000005e-04
1.639819999999999895e-04 -3.124819999999999941e-04
1.131619999999999984e-04 -2.281469999999999961e-04
4.994770000000000291e-05 -1.260819999999999899e-04
-1.494249999999999966e-05 -1.585220000000000045e-05
-7.004519999999999811e-05 9.478760000000000028e-05
-1.075290000000000067e-04 1.989860000000000088e-04
-1.263249999999999942e-04 2.792149999999999754e-04
-1.300060000000000018e-04 3.182899999999999900e-04
-1.234589999999999982e-04 3.211390000000000165e-04
-1.120479999999999951e-04 3.154209999999999740e-04
-1.009349999999999950e-04 3.181750000000000225e-04
-9.261059999999999724e-05 3.120010000000000101e-04
-8.557440000000000521e-05 2.665769999999999923e-04
-7.543020000000000161e-05 1.696679999999999890e-04
-5.631620000000000132e-05 4.703970000000000297e-05
-2.265870000000000042e-05 -6.411799999999999835e-05
2.876090000000000105e-05 -1.747159999999999989e-04
9.575550000000000164e-05 -3.110279999999999772e-04
1.664889999999999979e-04 -4.452929999999999801e-04
2.219950000000000048e-04 -5.245920000000000487e-04
2.469610000000000230e-04 -5.130760000000000052e-04
2.350850000000000032e-04 -4.128979999999999760e-04
1.858659999999999989e-04 -2.762670000000000165e-04
1.038610000000000005e-04 -1.503809999999999956e-04
2.554310000000000113e-06 -3.282600000000000047e-05
-9.556260000000000557e-05 1.060719999999999968e-04
-1.676550000000000067e-04 2.703219999999999777e-04
-2.022460000000000013e-04 4.133639999999999949e-04
-2.040380000000000004e-04 4.848030000000000134e-04
-1.877849999999999919e-04 4.821189999999999829e-04
-1.659080000000000114e-04 4.404710000000000049e-04
-1.406359999999999999e-04 3.855959999999999856e-04
-1.078639999999999959e-04 3.094409999999999804e-04
-6.647319999999999911e-05 1.894250000000000100e-04
-1.995010000000000064e-05 1.615500000000000033e-05
3.101880000000000192e-05 -1.892619999999999914e-04
9.112500000000000591e-05 -3.737820000000000205e-04
1.613650000000000110e-04 -4.922540000000000205e-04
2.301840000000000038e-04 -5.455020000000000095e-04
2.759999999999999867e-04 -5.515989999999999479e-04
2.783679999999999748e-04 -5.102039999999999961e-04
2.297719999999999949e-04 -4.095589999999999864e-04
1.407989999999999914e-04 -2.547410000000000061e-04
3.256889999999999915e-05 -4.788020000000000280e-05
-7.740120000000000019e-05 1.970920000000000029e-04
-1.775160000000000128e-04 4.078560000000000063e-04
-2.550040000000000271e-04 5.374919999999999828e-04
-2.967949999999999798e-04 5.925219999999999489e-04
-2.956370000000000157e-04 5.885870000000000078e-04
-2.527879999999999927e-04 5.365430000000000026e-04
-1.783309999999999973e-04 4.303770000000000165e-04
-8.835239999999999793e-05 2.540959999999999877e-04
2.597330000000000084e-06 1.343630000000000043e-05
8.915329999999999902e-05 -2.660410000000000097e-04
1.742170000000000025e-04 -5.319329999999999501e-04
2.554990000000000147e-04 -6.853989999999999475e-04
3.156629999999999896e-04 -6.879679999999999563e-04
3.316249999999999970e-04 -5.894729999999999718e-04
2.894300000000000258e-04 -4.466429999999999858e-04
1.905390000000000133e-04 -2.822039999999999835e-04
5.174930000000000274e-05 -6.716399999999999595e-05
-9.838769999999999992e-05 2.029520000000000044e-04
-2.270229999999999980e-04 4.507709999999999842e-04
-3.105809999999999864e-04 6.182450000000000142e-04
-3.452169999999999848e-04 7.068709999999999750e-04
-3.371310000000000084e-04 7.009749999999999488e-04
-2.863450000000000240e-04 5.838660000000000508e-04
-1.899629999999999971e-04 3.474800000000000002e-04
-5.600259999999999808e-05 1.834229999999999886e-05
9.382569999999999853e-05 -3.135489999999999892e-04
2.359560000000000021e-04 -5.966520000000000330e-04
3.531009999999999791e-04 -7.901800000000000273e-04
4.255330000000000202e-04 -8.351469999999999510e-04
4.276419999999999961e-04 -7.244039999999999984e-04
3.452800000000000010e-04 -5.068289999999999818e-04
1.922360000000000073e-04 -2.568560000000000222e-04
4.941759999999999591e-06 -3.481900000000000070e-06
-1.767170000000000091e-04 2.813960000000000007e-04
-3.212180000000000135e-04 5.842619999999999975e-04
-4.060220000000000235e-04 8.063459999999999942e-04
-4.212519999999999980e-04 8.687060000000000138e-04
-3.747549999999999991e-04 7.709530000000000029e-04
-2.820130000000000119e-04 5.440129999999999836e-04
-1.498720000000000043e-04 2.093030000000000118e-04
1.992589999999999840e-05 -2.021319999999999953e-04
2.101220000000000052e-04 -5.971719999999999806e-04
3.811379999999999955e-04 -8.591809999999999855e-04
4.901159999999999675e-04 -9.342919999999999784e-04
5.108600000000000250e-04 -8.421309999999999777e-04
4.346309999999999930e-04 -6.212810000000000034e-04
2.665410000000000218e-04 -3.077280000000000054e-04
3.357639999999999925e-05 5.006549999999999694e-05
-2.125779999999999966e-04 4.152410000000000042e-04
-4.151630000000000229e-04 7.537660000000000063e-04
-5.351520000000000018e-04 9.829199999999999743e-04
-5.562330000000000529e-04 1.020169999999999931e-03
-4.800119999999999843e-04 8.500339999999999459e-04
-3.203869999999999938e-04 4.949499999999999690e-04
-9.757399999999999787e-05 2.514400000000000016e-06
1.610039999999999920e-04 -5.252409999999999675e-04
4.122250000000000046e-04 -9.345620000000000012e-04
5.983749999999999486e-04 -1.110840000000000091e-03
6.683700000000000535e-04 -1.064379999999999970e-03
6.000870000000000162e-04 -8.606160000000000285e-04
4.029460000000000008e-04 -5.152320000000000164e-04
1.110359999999999987e-04 -2.512020000000000049e-05
-2.171089999999999977e-04 5.189800000000000489e-04
-5.051489999999999843e-04 9.558830000000000365e-04
-6.862529999999999498e-04 1.178199999999999907e-03
-7.274049999999999787e-04 1.164660000000000088e-03
-6.259300000000000194e-04 9.367019999999999774e-04
-3.951149999999999736e-04 5.002230000000000521e-04
-6.682930000000000066e-05 -1.014719999999999934e-04
2.960290000000000078e-04 -7.217589999999999856e-04
6.085290000000000143e-04 -1.175279999999999901e-03
7.952709999999999554e-04 -1.331809999999999895e-03
8.129609999999999571e-04 -1.175819999999999947e-03
6.518389999999999775e-04 -7.790159999999999967e-04
3.332690000000000240e-04 -2.208099999999999950e-04
-8.360329999999999964e-05 3.955550000000000168e-04
-4.997019999999999804e-04 9.202359999999999490e-04
-8.037909999999999890e-04 1.254429999999999955e-03
-9.194840000000000348e-04 1.359249999999999998e-03
-8.271109999999999487e-04 1.185880000000000050e-03
-5.505310000000000455e-04 6.901929999999999697e-04
-1.433299999999999982e-04 -4.724129999999999779e-05
3.105030000000000051e-04 -7.849279999999999495e-04
7.073939999999999699e-04 -1.298179999999999907e-03
9.544980000000000218e-04 -1.488689999999999979e-03
9.920160000000000783e-04 -1.364479999999999946e-03
7.994119999999999959e-04 -9.585789999999999849e-04
4.023639999999999986e-04 -2.880460000000000268e-04
-1.160020000000000051e-04 5.119919999999999593e-04
-6.233770000000000457e-04 1.187020000000000002e-03
-9.848610000000000697e-04 1.552339999999999927e-03
-1.113239999999999933e-03 1.537230000000000107e-03
-9.775940000000000324e-04 1.126620000000000052e-03
-5.938099999999999542e-04 4.204020000000000044e-04
-3.628200000000000262e-05 -3.768849999999999804e-04
5.584809999999999948e-04 -1.090889999999999959e-03
1.029830000000000025e-03 -1.568539999999999995e-03
1.247239999999999937e-03 -1.677129999999999984e-03
1.148710000000000052e-03 -1.373169999999999946e-03
7.536220000000000158e-04 -6.817159999999999626e-04
1.527850000000000085e-04 2.619270000000000148e-04
-5.092879999999999933e-04 1.145830000000000026e-03
-1.061499999999999944e-03 1.672979999999999910e-03
-1.351800000000000007e-03 1.728090000000000051e-03
-1.291330000000000039e-03 1.346240000000000067e-03
-8.764219999999999650e-04 6.187649999999999617e-04
-1.943459999999999990e-04 -3.344420000000000075e-04
5.802329999999999858e-04 -1.241340000000000065e-03
1.221480000000000048e-03 -1.796089999999999970e-03
1.534100000000000047e-03 -1.851809999999999958e-03
1.426650000000000010e-03 -1.416710000000000061e-03
9.256279999999999543e-04 -6.041319999999999546e-04
1.546870000000000048e-04 3.833180000000000051e-04
-6.852730000000000236e-04 1.265650000000000108e-03
-1.355890000000000003e-03 1.825110000000000014e-03
-1.655730000000000006e-03 1.900940000000000052e-03
-1.487379999999999952e-03 1.399630000000000015e-03
-8.883679999999999485e-04 4.699770000000000033e-04
-2.513130000000000111e-05 -5.623919999999999917e-04
8.556040000000000433e-04 -1.394099999999999897e-03
1.504869999999999949e-03 -1.867680000000000035e-03
1.738820000000000079e-03 -1.865700000000000084e-03
1.477680000000000096e-03 -1.295810000000000104e-03
7.792800000000000334e-04 -3.391749999999999908e-04
-1.517269999999999925e-04 6.567050000000000491e-04
-1.030799999999999902e-03 1.414480000000000078e-03
-1.600939999999999915e-03 1.754439999999999906e-03
-1.703899999999999946e-03 1.604050000000000094e-03
-1.309590000000000016e-03 1.012850000000000035e-03
-5.306399999999999745e-04 1.634189999999999883e-04
3.952450000000000147e-04 -6.922570000000000503e-04
1.180990000000000035e-03 -1.323560000000000101e-03
1.592279999999999954e-03 -1.554749999999999925e-03
1.519989999999999926e-03 -1.334249999999999933e-03
1.004710000000000021e-03 -7.731619999999999812e-04
2.164839999999999961e-04 -3.369629999999999788e-05
-6.036280000000000421e-04 7.169779999999999513e-04
-1.215390000000000003e-03 1.250280000000000098e-03
-1.445069999999999905e-03 1.378220000000000096e-03
-1.239899999999999943e-03 1.104200000000000060e-03
-6.860069999999999796e-04 5.625950000000000438e-04
3.179259999999999779e-05 -9.158899999999999333e-05
6.989389999999999839e-04 -6.948600000000000523e-04
1.129379999999999924e-03 -1.090140000000000076e-03
1.210960000000000075e-03 -1.172089999999999981e-03
9.391739999999999767e-04 -9.225319999999999961e-04
4.181000000000000254e-04 -4.223669999999999898e-04
-1.818210000000000063e-04 1.709120000000000062e-04
-6.854470000000000528e-04 6.784420000000000207e-04
-9.623939999999999882e-04 9.606769999999999502e-04
-9.537309999999999798e-04 9.561119999999999558e-04
-6.803140000000000055e-04 6.856450000000000261e-04
-2.341020000000000026e-04 2.384219999999999883e-04
2.490980000000000060e-04 -2.507540000000000051e-04
6.304350000000000448e-04 -6.388579999999999606e-04
8.090690000000000425e-04 -8.192609999999999476e-04
7.489800000000000017e-04 -7.535839999999999596e-04
4.838099999999999909e-04 -4.790069999999999896e-04
1.014369999999999980e-04 -9.096519999999999433e-05
-2.841179999999999791e-04 2.909079999999999869e-04
-5.650019999999999955e-04 5.608069999999999722e-04
-6.686129999999999764e-04 6.552139999999999917e-04
-5.764750000000000126e-04 5.638449999999999929e-04
-3.272489999999999969e-04 3.247489999999999904e-04
-2.435949999999999945e-06 9.607060000000000477e-06
3.004360000000000082e-04 -2.931380000000000248e-04
4.974460000000000210e-04 -4.974180000000000138e-04
5.411390000000000514e-04 -5.465539999999999852e-04
4.307429999999999788e-04 -4.348919999999999826e-04
2.082320000000000080e-04 -2.073320000000000132e-04
-5.699419999999999720e-05 6.089300000000000127e-05
-2.889020000000000065e-04 2.912570000000000068e-04
-4.252339999999999744e-04 4.240070000000000080e-04
-4.334680000000000043e-04 4.306530000000000254e-04
-3.189220000000000206e-04 3.177279999999999775e-04
-1.219590000000000024e-04 1.232700000000000039e-04
9.575610000000000295e-05 -9.383089999999999638e-05
2.711459999999999955e-04 -2.707230000000000031e-04
3.582149999999999983e-04 -3.593889999999999975e-04
3.393080000000000250e-04 -3.405120000000000087e-04
2.272160000000000011e-04 -2.272169999999999897e-04
5.926750000000000133e-05 -5.834650000000000117e-05
-1.142419999999999948e-04 1.149399999999999939e-04
-2.444149999999999968e-04 2.442379999999999747e-04
-2.973429999999999888e-04 2.966709999999999790e-04
-2.630779999999999772e-04 2.626999999999999886e-04
-1.571640000000000016e-04 1.573959999999999953e-04
-1.444280000000000002e-05 1.491430000000000051e-05
1.224089999999999998e-04 -1.222290000000000117e-04
2.155589999999999872e-04 -2.157890000000000036e-04
2.421120000000000021e-04 -2.424270000000000016e-04
1.992229999999999999e-04 -1.992829999999999960e-04
1.034780000000000010e-04 -1.032789999999999983e-04
-1.488480000000000020e-05 1.508159999999999973e-05
-1.211849999999999993e-04 1.211810000000000041e-04
-1.863400000000000082e-04 1.861839999999999914e-04
-1.947849999999999994e-04 1.946709999999999934e-04
-1.480169999999999891e-04 1.480510000000000094e-04
-6.297000000000000188e-05 6.308379999999999392e-05
3.389149999999999899e-05 -3.383090000000000164e-05
1.146670000000000051e-04 -1.147090000000000024e-04
1.578799999999999995e-04 -1.579589999999999965e-04
1.539819999999999904e-04 -1.540099999999999976e-04
1.072190000000000046e-04 -1.071789999999999982e-04
3.355419999999999800e-05 -3.350229999999999940e-05
-4.455359999999999979e-05 4.456189999999999766e-05
