-5.372420000000000272e-08 6.046189999999999959e-07
-2.445700000000000254e-07 1.851120000000000075e-06
-5.013290000000000285e-07 2.501049999999999966e-06
-8.749630000000000243e-07 4.347259999999999608e-06
-2.008929999999999924e-06 1.181639999999999922e-05
-4.660630000000000302e-06 2.690579999999999911e-05
-8.827990000000000159e-06 4.488929999999999727e-05
-1.350970000000000044e-05 5.421029999999999832e-05
-1.725639999999999965e-05 4.860300000000000205e-05
-1.826079999999999972e-05 2.739889999999999952e-05
-1.354220000000000055e-05 -9.938120000000000320e-06
-8.631239999999999671e-07 -5.331240000000000138e-05
1.756420000000000033e-05 -8.587160000000000637e-05
3.613040000000000224e-05 -1.015709999999999936e-04
4.996359999999999712e-05 -1.085790000000000052e-04
5.594280000000000249e-05 -1.165450000000000031e-04
5.245720000000000320e-05 -1.258429999999999944e-04
4.129859999999999792e-05 -1.290899999999999990e-04
2.773559999999999920e-05 -1.163590000000000018e-04
1.585339999999999970e-05 -7.785690000000000330e-05
5.275350000000000238e-06 -1.651419999999999852e-05
-5.915429999999999706e-06 4.400100000000000105e-05
-1.836429999999999966e-05 8.557960000000000306e-05
-3.268929999999999888e-05 1.158850000000000060e-04
-4.816899999999999909e-05 1.457320000000000067e-04
-5.970449999999999732e-05 1.678430000000000124e-04
-6.224959999999999435e-05 1.724790000000000134e-04
-5.751109999999999897e-05 1.637850000000000048e-04
-5.082720000000000017e-05 1.542109999999999911e-04
-4.410900000000000069e-05 1.515350000000000052e-04
-3.614900000000000237e-05 1.454519999999999891e-04
-2.601879999999999897e-05 1.074329999999999995e-04
-1.364010000000000007e-05 2.868589999999999923e-05
7.260390000000000336e-07 -6.139630000000000033e-05
1.924779999999999891e-05 -1.410050000000000095e-04
4.678840000000000082e-05 -2.114670000000000135e-04
8.169579999999999800e-05 -2.691910000000000049e-04
1.111300000000000016e-04 -3.014380000000000098e-04
1.224909999999999899e-04 -2.999310000000000257e-04
1.139120000000000031e-04 -2.667710000000000112e-04
9.048410000000000329e-05 -2.142330000000000070e-04
5.717920000000000305e-05 -1.524429999999999904e-04
1.863360000000000062e-05 -8.255570000000000649e-05
-1.810779999999999966e-05 -8.378800000000000145e-06
-4.533910000000000099e-05 6.636529999999999968e-05
-6.003480000000000329e-05 1.378010000000000042e-04
-6.478760000000000291e-05 1.931050000000000019e-04
-6.414910000000000555e-05 2.208129999999999880e-04
-6.255080000000000427e-05 2.272639999999999979e-04
-6.357430000000000557e-05 2.343939999999999923e-04
-6.762219999999999776e-05 2.508729999999999814e-04
-7.095020000000000385e-05 2.553890000000000175e-04
-6.927489999999999635e-05 2.199550000000000040e-04
-6.049110000000000093e-05 1.368879999999999945e-04
-4.283439999999999768e-05 3.329960000000000217e-05
-1.376250000000000079e-05 -5.743089999999999930e-05
2.868419999999999889e-05 -1.485419999999999883e-04
8.102929999999999345e-05 -2.611989999999999906e-04
1.286890000000000007e-04 -3.635360000000000241e-04
1.544580000000000041e-04 -4.091519999999999749e-04
1.538660000000000071e-04 -3.757240000000000232e-04
1.320639999999999878e-04 -2.770890000000000028e-04
9.239490000000000539e-05 -1.667120000000000125e-04
3.771639999999999688e-05 -8.095990000000000391e-05
-2.321390000000000148e-05 -6.839309999999999745e-06
-7.560699999999999626e-05 8.538379999999999386e-05
-1.052970000000000051e-04 1.969849999999999986e-04
-1.083889999999999951e-04 2.893060000000000249e-04
-9.564430000000000175e-05 3.291529999999999977e-04
-8.418909999999999664e-05 3.253220000000000135e-04
-8.198059999999999907e-05 3.083919999999999977e-04
-8.238309999999999394e-05 2.893120000000000110e-04
-7.515470000000000061e-05 2.484440000000000086e-04
-5.801419999999999760e-05 1.620729999999999914e-04
-3.359890000000000115e-05 2.584449999999999963e-05
5.913320000000000173e-08 -1.378100000000000104e-04
4.768059999999999882e-05 -2.835180000000000187e-04
1.060149999999999938e-04 -3.767339999999999882e-04
1.608249999999999925e-04 -4.202629999999999842e-04
1.931129999999999923e-04 -4.250030000000000236e-04
1.877100000000000036e-04 -3.861709999999999861e-04
1.427640000000000040e-04 -2.964129999999999825e-04
7.290099999999999879e-05 -1.675710000000000123e-04
-2.963629999999999863e-06 -4.983130000000000179e-06
-7.449700000000000180e-05 1.790179999999999994e-04
-1.333299999999999991e-04 3.235129999999999907e-04
-1.681049999999999905e-04 3.991350000000000063e-04
-1.751549999999999993e-04 4.214350000000000062e-04
-1.588510000000000009e-04 4.060959999999999960e-04
-1.238219999999999946e-04 3.641450000000000177e-04
-7.746560000000000587e-05 2.900490000000000143e-04
-3.072470000000000078e-05 1.668610000000000004e-04
1.010989999999999955e-05 -2.366020000000000007e-06
4.822999999999999732e-05 -1.999000000000000072e-04
9.071040000000000483e-05 -3.880560000000000129e-04
1.355250000000000009e-04 -4.877750000000000250e-04
1.699270000000000012e-04 -4.757019999999999933e-04
1.827230000000000054e-04 -3.996669999999999802e-04
1.662319999999999900e-04 -3.024939999999999942e-04
1.146009999999999959e-04 -1.955070000000000104e-04
3.277269999999999879e-05 -4.592149999999999731e-05
-5.895359999999999744e-05 1.510259999999999869e-04
-1.341860000000000058e-04 3.255500000000000256e-04
-1.789899999999999922e-04 4.365029999999999778e-04
-1.989179999999999952e-04 4.981229999999999469e-04
-1.982099999999999878e-04 4.975459999999999692e-04
-1.675280000000000128e-04 4.151620000000000072e-04
-1.028550000000000037e-04 2.371530000000000111e-04
-1.728810000000000139e-05 -1.428949999999999931e-05
6.969589999999999791e-05 -2.557449999999999849e-04
1.473289999999999984e-04 -4.501719999999999854e-04
2.120140000000000067e-04 -5.747120000000000093e-04
2.498180000000000127e-04 -5.866330000000000329e-04
2.401869999999999960e-04 -4.865949999999999854e-04
1.795009999999999878e-04 -3.181339999999999732e-04
8.525240000000000389e-05 -1.434440000000000042e-04
-1.981890000000000095e-05 1.991349999999999831e-05
-1.180350000000000041e-04 2.084499999999999981e-04
-1.930819999999999921e-04 4.176569999999999892e-04
-2.284080000000000127e-04 5.651540000000000036e-04
-2.208280000000000074e-04 5.926899999999999920e-04
-1.862190000000000004e-04 5.118079999999999895e-04
-1.376209999999999890e-04 3.508550000000000145e-04
-6.937420000000000403e-05 1.181640000000000023e-04
2.486169999999999949e-05 -1.731989999999999929e-04
1.297000000000000084e-04 -4.496039999999999867e-04
2.159510000000000064e-04 -6.150549999999999854e-04
2.645699999999999961e-04 -6.357729999999999588e-04
2.702320000000000243e-04 -5.448290000000000381e-04
2.270990000000000020e-04 -3.811719999999999887e-04
1.305420000000000115e-04 -1.672459999999999908e-04
-3.758909999999999981e-06 6.933959999999999592e-05
-1.395059999999999887e-04 3.095109999999999984e-04
-2.433319999999999938e-04 5.320109999999999856e-04
-2.970469999999999903e-04 6.733969999999999496e-04
-2.943150000000000171e-04 6.780620000000000007e-04
-2.406800000000000063e-04 5.450540000000000029e-04
-1.477999999999999876e-04 2.895959999999999832e-04
-2.361690000000000084e-05 -5.852139999999999843e-05
1.191790000000000053e-04 -4.214050000000000218e-04
2.502000000000000101e-04 -6.799759999999999962e-04
3.332710000000000013e-04 -7.563010000000000219e-04
3.496549999999999853e-04 -6.810390000000000367e-04
2.984010000000000048e-04 -5.191679999999999733e-04
1.822670000000000084e-04 -2.773130000000000061e-04
1.408429999999999998e-05 5.875410000000000046e-05
-1.659239999999999923e-04 4.198319999999999743e-04
-3.039569999999999902e-04 6.820879999999999652e-04
-3.700779999999999760e-04 7.804430000000000221e-04
-3.650699999999999995e-04 7.251770000000000264e-04
-2.942649999999999888e-04 5.485960000000000445e-04
-1.582189999999999974e-04 2.457970000000000185e-04
2.665399999999999925e-05 -1.645209999999999923e-04
2.147480000000000114e-04 -5.693989999999999468e-04
3.534130000000000127e-04 -8.274639999999999773e-04
4.132079999999999781e-04 -8.583459999999999571e-04
3.884650000000000017e-04 -6.847459999999999658e-04
2.813909999999999762e-04 -3.844510000000000093e-04
1.008729999999999946e-04 -1.040279999999999974e-05
-1.209570000000000008e-04 3.755830000000000258e-04
-3.218960000000000094e-04 6.698020000000000492e-04
-4.402559999999999807e-04 8.195039999999999790e-04
-4.519470000000000150e-04 8.240069999999999730e-04
-3.647519999999999799e-04 6.625329999999999804e-04
-1.953050000000000012e-04 3.038359999999999824e-04
2.593529999999999883e-05 -1.906230000000000077e-04
2.446519999999999880e-04 -6.385950000000000480e-04
4.060199999999999920e-04 -8.929559999999999798e-04
4.804049999999999922e-04 -9.192309999999999544e-04
4.543309999999999840e-04 -7.607780000000000402e-04
3.202179999999999892e-04 -4.556469999999999965e-04
9.241020000000000506e-05 -1.942389999999999965e-06
-1.739439999999999866e-04 5.035919999999999720e-04
-3.967789999999999902e-04 8.696280000000000026e-04
-5.156969999999999653e-04 9.904919999999999350e-04
-5.152099999999999952e-04 8.633550000000000035e-04
-3.961829999999999844e-04 5.099679999999999665e-04
-1.668929999999999893e-04 2.067239999999999879e-05
1.252889999999999993e-04 -4.594350000000000083e-04
3.973140000000000113e-04 -8.348480000000000137e-04
5.716610000000000007e-04 -1.023180000000000053e-03
5.986729999999999786e-04 -9.590010000000000158e-04
4.673389999999999923e-04 -6.538419999999999649e-04
2.107090000000000048e-04 -1.475149999999999996e-04
-1.084620000000000061e-04 4.597630000000000228e-04
-4.096820000000000257e-04 9.391929999999999506e-04
-6.087449999999999459e-04 1.108639999999999929e-03
-6.495869999999999726e-04 9.539779999999999658e-04
-5.184319999999999857e-04 5.617079999999999556e-04
-2.350449999999999968e-04 2.438399999999999896e-05
1.421779999999999930e-04 -5.767790000000000286e-04
5.041149999999999668e-04 -1.049870000000000057e-03
7.251640000000000386e-04 -1.203510000000000083e-03
7.356560000000000052e-04 -1.003259999999999959e-03
5.434920000000000202e-04 -5.327420000000000029e-04
1.988190000000000085e-04 7.470619999999999973e-05
-2.193189999999999918e-04 6.649629999999999690e-04
-5.938659999999999686e-04 1.067040000000000002e-03
-8.030550000000000015e-04 1.190440000000000074e-03
-7.772880000000000024e-04 9.847160000000000635e-04
-5.177200000000000508e-04 4.427610000000000118e-04
-9.636199999999999659e-05 -2.540059999999999801e-04
3.560890000000000257e-04 -8.407059999999999837e-04
7.034920000000000062e-04 -1.146380000000000012e-03
8.551890000000000143e-04 -1.156090000000000026e-03
7.677199999999999476e-04 -8.721949999999999798e-04
4.426720000000000199e-04 -2.889489999999999875e-04
-3.421730000000000187e-05 3.951879999999999846e-04
-4.966249999999999961e-04 9.096490000000000044e-04
-7.928329999999999492e-04 1.113030000000000096e-03
-8.498229999999999847e-04 9.776270000000000099e-04
-6.567780000000000059e-04 5.691910000000000329e-04
-2.592970000000000214e-04 1.452270000000000073e-05
2.240339999999999899e-04 -5.199630000000000224e-04
6.311039999999999532e-04 -8.739870000000000061e-04
8.277370000000000474e-04 -9.505959999999999497e-04
7.567500000000000442e-04 -7.282379999999999756e-04
4.481040000000000045e-04 -2.928499999999999897e-04
8.935719999999999549e-06 1.810869999999999960e-04
-4.152199999999999988e-04 5.642870000000000134e-04
-6.959029999999999947e-04 7.921469999999999900e-04
-7.512229999999999732e-04 7.816779999999999519e-04
-5.625149999999999768e-04 5.057059999999999724e-04
-1.983499999999999966e-04 8.722289999999999460e-05
2.052819999999999905e-04 -3.054099999999999914e-04
5.162839999999999921e-04 -5.668980000000000330e-04
6.513320000000000177e-04 -6.481720000000000276e-04
5.781150000000000308e-04 -5.446109999999999667e-04
3.234000000000000004e-04 -2.939749999999999763e-04
-2.170700000000000071e-05 3.175420000000000168e-05
-3.349359999999999794e-04 3.330949999999999948e-04
-5.156279999999999631e-04 5.111239999999999534e-04
-5.184010000000000397e-04 5.134609999999999955e-04
-3.591040000000000096e-04 3.550609999999999942e-04
-1.014030000000000047e-04 1.016519999999999951e-04
1.680139999999999943e-04 -1.631190000000000081e-04
3.662340000000000040e-04 -3.615749999999999932e-04
4.362580000000000234e-04 -4.371199999999999890e-04
3.632689999999999943e-04 -3.705620000000000073e-04
1.801159999999999946e-04 -1.892899999999999986e-04
-4.551369999999999759e-05 4.155549999999999880e-05
-2.382110000000000000e-04 2.429139999999999988e-04
-3.410209999999999999e-04 3.502210000000000067e-04
-3.300859999999999970e-04 3.351730000000000247e-04
-2.174250000000000130e-04 2.129629999999999869e-04
-4.466210000000000053e-05 3.332080000000000122e-05
1.305979999999999988e-04 -1.402739999999999922e-04
2.529760000000000255e-04 -2.540730000000000050e-04
2.869109999999999911e-04 -2.808830000000000007e-04
2.275070000000000022e-04 -2.224200000000000016e-04
1.003260000000000013e-04 -1.012579999999999985e-04
-4.910940000000000113e-05 4.468060000000000044e-05
-1.714220000000000132e-04 1.689100000000000074e-04
-2.298489999999999876e-04 2.314069999999999886e-04
-2.114480000000000125e-04 2.145399999999999890e-04
-1.287059999999999973e-04 1.297179999999999937e-04
-1.245450000000000078e-05 1.076599999999999992e-05
9.916339999999999996e-05 -1.011300000000000024e-04
1.720050000000000040e-04 -1.720880000000000098e-04
1.856949999999999898e-04 -1.842579999999999967e-04
1.396109999999999886e-04 -1.385380000000000075e-04
5.252919999999999844e-05 -5.285780000000000068e-05
-4.461080000000000324e-05 4.355809999999999890e-05
-1.200130000000000044e-04 1.195110000000000015e-04
-1.516730000000000096e-04 1.521229999999999935e-04
-1.333960000000000083e-04 1.341030000000000000e-04
-7.494200000000000178e-05 7.509809999999999847e-05
2.512320000000000198e-06 -2.944380000000000005e-06
7.355780000000000239e-05 -7.398279999999999917e-05
1.164150000000000026e-04 -1.163859999999999933e-04
1.194909999999999983e-04 -1.191460000000000007e-04
8.459169999999999851e-05 -8.436920000000000530e-05
2.558260000000000135e-05 -2.568849999999999977e-05
-3.698419999999999735e-05 3.673850000000000070e-05
-8.308470000000000091e-05 8.299109999999999896e-05
-9.955870000000000615e-05 9.968059999999999562e-05
-8.358619999999999603e-05 8.374449999999999754e-05
-4.263850000000000181e-05 4.265740000000000260e-05
8.634279999999999942e-06 -8.742020000000000032e-06
5.341740000000000122e-05 -5.350829999999999725e-05
7.810149999999999753e-05 -7.808360000000000572e-05
7.636670000000000188e-05 -7.628440000000000437e-05
5.071080000000000243e-05 -5.066609999999999929e-05
1.102549999999999972e-05 -1.105670000000000037e-05
-2.912009999999999924e-05 2.906370000000000093e-05
-5.707080000000000253e-05 5.705470000000000111e-05
-6.498819999999999554e-05 6.501999999999999750e-05
-5.191049999999999706e-05 5.194539999999999905e-05
-2.351539999999999851e-05 2.351589999999999960e-05
1.014609999999999930e-05 -1.017249999999999959e-05
