-3.942209999999999935e-08 6.660579999999999679e-07
-2.246579999999999991e-07 2.139090000000000131e-06
-6.105890000000000421e-07 3.102559999999999904e-06
-1.231350000000000078e-06 5.352710000000000290e-06
-2.516120000000000060e-06 1.401580000000000055e-05
-5.505820000000000421e-06 3.211069999999999734e-05
-1.127310000000000054e-05 5.504040000000000245e-05
-1.967269999999999886e-05 6.967649999999999603e-05
-2.845950000000000086e-05 6.726749999999999928e-05
-3.344579999999999748e-05 4.517989999999999750e-05
-2.931939999999999918e-05 1.418189999999999969e-06
-1.194520000000000042e-05 -5.420089999999999804e-05
1.783119999999999963e-05 -1.022469999999999987e-04
5.265959999999999977e-05 -1.328710000000000091e-04
8.200789999999999794e-05 -1.523410000000000107e-04
9.748659999999999596e-05 -1.698340000000000006e-04
9.619599999999999852e-05 -1.845700000000000032e-04
8.119740000000000291e-05 -1.875500000000000051e-04
5.942810000000000112e-05 -1.677530000000000048e-04
3.710159999999999728e-05 -1.144370000000000023e-04
1.545119999999999870e-05 -3.068029999999999830e-05
-8.315940000000000547e-06 5.565629999999999769e-05
-3.583879999999999981e-05 1.196679999999999933e-04
-6.476869999999999535e-05 1.660900000000000039e-04
-9.014029999999999482e-05 2.076070000000000064e-04
-1.064789999999999948e-04 2.374590000000000045e-04
-1.099169999999999981e-04 2.435089999999999889e-04
-1.008299999999999952e-04 2.292189999999999885e-04
-8.407220000000000459e-05 2.096680000000000126e-04
-6.564620000000000177e-05 1.963959999999999946e-04
-4.954029999999999729e-05 1.818439999999999889e-04
-3.659179999999999752e-05 1.360319999999999878e-04
-2.414210000000000048e-05 4.449729999999999831e-05
-6.778750000000000108e-06 -6.596519999999999652e-05
2.176029999999999900e-05 -1.701700000000000055e-04
6.545210000000000307e-05 -2.663710000000000014e-04
1.207100000000000013e-04 -3.500299999999999809e-04
1.736460000000000108e-04 -4.056209999999999980e-04
2.062959999999999913e-04 -4.201979999999999908e-04
2.073490000000000099e-04 -3.912519999999999735e-04
1.767010000000000011e-04 -3.274109999999999998e-04
1.218699999999999970e-04 -2.386599999999999952e-04
5.328430000000000075e-05 -1.308150000000000003e-04
-1.693240000000000072e-05 -1.442309999999999918e-05
-7.615259999999999998e-05 1.013660000000000049e-04
-1.158429999999999952e-04 2.089229999999999917e-04
-1.350979999999999998e-04 2.907879999999999948e-04
-1.384869999999999905e-04 3.301019999999999779e-04
-1.315649999999999914e-04 3.322479999999999943e-04
-1.192749999999999990e-04 3.256140000000000033e-04
-1.064229999999999939e-04 3.276889999999999859e-04
-9.657979999999999983e-05 3.207479999999999858e-04
-8.973730000000000563e-05 2.740810000000000208e-04
-8.113970000000000514e-05 1.757469999999999963e-04
-6.255879999999999471e-05 5.176209999999999693e-05
-2.643660000000000028e-05 -6.150580000000000326e-05
2.982039999999999997e-05 -1.764640000000000100e-04
1.016339999999999963e-04 -3.196930000000000171e-04
1.762090000000000065e-04 -4.612239999999999873e-04
2.356790000000000046e-04 -5.451429999999999948e-04
2.648080000000000030e-04 -5.348189999999999628e-04
2.548130000000000013e-04 -4.334610000000000025e-04
2.024670000000000115e-04 -2.934799999999999887e-04
1.122570000000000062e-04 -1.611159999999999936e-04
8.718410000000000312e-07 -3.400179999999999690e-05
-1.049299999999999999e-04 1.151620000000000063e-04
-1.803270000000000101e-04 2.869120000000000069e-04
-2.153760000000000060e-04 4.326520000000000040e-04
-2.173839999999999909e-04 5.029200000000000163e-04
-2.014349999999999984e-04 4.980819999999999519e-04
-1.781660000000000015e-04 4.552150000000000250e-04
-1.491979999999999901e-04 3.992329999999999772e-04
-1.124970000000000039e-04 3.201650000000000221e-04
-6.924799999999999836e-05 1.952819999999999914e-04
-2.258249999999999936e-05 1.691570000000000137e-05
2.946759999999999888e-05 -1.928029999999999902e-04
9.387739999999999670e-05 -3.817350000000000170e-04
1.713929999999999902e-04 -5.059080000000000087e-04
2.474789999999999933e-04 -5.657249999999999952e-04
2.970480000000000060e-04 -5.770109999999999953e-04
2.985829999999999973e-04 -5.365409999999999711e-04
2.461270000000000103e-04 -4.311079999999999795e-04
1.517489999999999865e-04 -2.672560000000000040e-04
3.667309999999999960e-05 -5.013429999999999872e-05
-8.135940000000000576e-05 2.045129999999999984e-04
-1.897570000000000062e-04 4.238050000000000259e-04
-2.743649999999999930e-04 5.600489999999999635e-04
-3.200130000000000140e-04 6.190189999999999495e-04
-3.177950000000000024e-04 6.158179999999999644e-04
-2.698989999999999853e-04 5.605490000000000299e-04
-1.892660000000000002e-04 4.471839999999999930e-04
-9.394619999999999848e-05 2.616079999999999794e-04
1.689799999999999898e-06 1.215889999999999975e-05
9.331149999999999590e-05 -2.746320000000000228e-04
1.842659999999999871e-04 -5.473649999999999610e-04
2.722669999999999734e-04 -7.076909999999999841e-04
3.390479999999999969e-04 -7.157389999999999586e-04
3.583600000000000045e-04 -6.195200000000000316e-04
3.130009999999999802e-04 -4.742309999999999798e-04
2.050130000000000105e-04 -3.012649999999999963e-04
5.522699999999999826e-05 -7.222590000000000249e-05
-1.046530000000000024e-04 2.133740000000000072e-04
-2.418750000000000110e-04 4.728859999999999986e-04
-3.332829999999999734e-04 6.461950000000000159e-04
-3.725549999999999999e-04 7.370360000000000496e-04
-3.633209999999999999e-04 7.314549999999999958e-04
-3.068710000000000101e-04 6.108010000000000089e-04
-2.033960000000000021e-04 3.651230000000000209e-04
-6.180610000000000444e-05 2.279989999999999833e-05
9.746099999999999403e-05 -3.224939999999999925e-04
2.508850000000000077e-04 -6.175520000000000531e-04
3.785819999999999745e-04 -8.216439999999999551e-04
4.580760000000000235e-04 -8.739149999999999566e-04
4.620569999999999842e-04 -7.636400000000000002e-04
3.745590000000000031e-04 -5.384949999999999459e-04
2.087350000000000132e-04 -2.750200000000000062e-04
4.471150000000000382e-06 -4.936009999999999688e-06
-1.919609999999999871e-04 2.974949999999999969e-04
-3.452349999999999972e-04 6.151130000000000313e-04
-4.343559999999999999e-04 8.447479999999999833e-04
-4.519629999999999958e-04 9.064140000000000261e-04
-4.046219999999999895e-04 8.032789999999999505e-04
-3.052719999999999869e-04 5.692180000000000243e-04
-1.618699999999999935e-04 2.241070000000000009e-04
2.029770000000000050e-05 -2.031240000000000020e-04
2.227180000000000045e-04 -6.166599999999999946e-04
4.066240000000000154e-04 -8.940589999999999996e-04
5.273269999999999607e-04 -9.781160000000000115e-04
5.533279999999999579e-04 -8.881940000000000278e-04
4.720829999999999861e-04 -6.619040000000000513e-04
2.898040000000000056e-04 -3.335109999999999854e-04
3.754149999999999962e-05 4.660960000000000179e-05
-2.285099999999999924e-04 4.352690000000000096e-04
-4.470440000000000112e-04 7.923509999999999494e-04
-5.759680000000000528e-04 1.032090000000000047e-03
-5.989839999999999965e-04 1.070800000000000007e-03
-5.186239999999999730e-04 8.932649999999999662e-04
-3.484019999999999890e-04 5.237179999999999483e-04
-1.087950000000000044e-04 1.162709999999999918e-05
1.700670000000000100e-04 -5.392479999999999843e-04
4.415770000000000177e-04 -9.714559999999999905e-04
6.447329999999999815e-04 -1.164740000000000046e-03
7.236830000000000302e-04 -1.125090000000000031e-03
6.513429999999999741e-04 -9.163990000000000330e-04
4.372789999999999989e-04 -5.539219999999999864e-04
1.217500000000000049e-04 -3.599289999999999890e-05
-2.307309999999999971e-04 5.400300000000000456e-04
-5.415430000000000157e-04 1.003090000000000101e-03
-7.408620000000000093e-04 1.239990000000000059e-03
-7.893029999999999881e-04 1.229730000000000059e-03
-6.798890000000000359e-04 9.943739999999999090e-04
-4.287879999999999882e-04 5.381029999999999537e-04
-7.469219999999999614e-05 -9.473710000000000475e-05
3.150089999999999921e-04 -7.496020000000000374e-04
6.530769999999999544e-04 -1.230989999999999949e-03
8.594380000000000205e-04 -1.403149999999999927e-03
8.836169999999999528e-04 -1.249220000000000105e-03
7.112499999999999682e-04 -8.397780000000000088e-04
3.656129999999999840e-04 -2.535370000000000223e-04
-8.686580000000000440e-05 4.019590000000000185e-04
-5.383900000000000274e-04 9.661090000000000432e-04
-8.694380000000000467e-04 1.328449999999999900e-03
-9.964869999999998937e-04 1.443859999999999935e-03
-8.971969999999999685e-04 1.262410000000000051e-03
-5.991300000000000184e-04 7.411429999999999884e-04
-1.615449999999999991e-04 -3.462450000000000027e-05
3.283049999999999814e-04 -8.136690000000000459e-04
7.621820000000000287e-04 -1.361290000000000026e-03
1.036400000000000038e-03 -1.573720000000000023e-03
1.079710000000000001e-03 -1.455480000000000098e-03
8.694360000000000152e-04 -1.034790000000000059e-03
4.389959999999999826e-04 -3.273560000000000011e-04
-1.193169999999999962e-04 5.229040000000000337e-04
-6.676549999999999629e-04 1.245089999999999912e-03
-1.064400000000000068e-03 1.641649999999999924e-03
-1.211080000000000012e-03 1.637699999999999963e-03
-1.068130000000000034e-03 1.216779999999999988e-03
-6.524400000000000078e-04 4.772500000000000266e-04
-4.655599999999999946e-05 -3.713739999999999988e-04
6.012520000000000364e-04 -1.140909999999999971e-03
1.115920000000000063e-03 -1.662599999999999972e-03
1.354509999999999959e-03 -1.792140000000000009e-03
1.250239999999999902e-03 -1.479990000000000038e-03
8.251520000000000035e-04 -7.521579999999999499e-04
1.766509999999999999e-04 2.473059999999999798e-04
-5.423220000000000297e-04 1.191720000000000062e-03
-1.148640000000000034e-03 1.768250000000000073e-03
-1.473380000000000046e-03 1.850110000000000079e-03
-1.412840000000000059e-03 1.465670000000000080e-03
-9.615119999999999787e-04 7.032390000000000342e-04
-2.194300000000000048e-04 -3.128680000000000003e-04
6.214770000000000537e-04 -1.293590000000000061e-03
1.320949999999999989e-03 -1.908390000000000043e-03
1.669410000000000078e-03 -1.992149999999999824e-03
1.561440000000000093e-03 -1.548010000000000054e-03
1.019610000000000004e-03 -6.920509999999999509e-04
1.792180000000000043e-04 3.651209999999999894e-04
-7.381619999999999978e-04 1.326209999999999976e-03
-1.472629999999999946e-03 1.949259999999999968e-03
-1.804510000000000055e-03 2.053699999999999883e-03
-1.626770000000000039e-03 1.537689999999999977e-03
-9.793479999999998940e-04 5.539310000000000197e-04
-4.058020000000000155e-05 -5.567939999999999955e-04
9.234010000000000178e-04 -1.469180000000000052e-03
1.638359999999999947e-03 -2.004199999999999818e-03
1.898460000000000035e-03 -2.027140000000000192e-03
1.617109999999999945e-03 -1.435230000000000013e-03
8.600769999999999986e-04 -4.136809999999999988e-04
-1.532879999999999865e-04 6.684020000000000152e-04
-1.117079999999999896e-03 1.506249999999999993e-03
-1.747099999999999912e-03 1.899560000000000007e-03
-1.864449999999999918e-03 1.762370000000000082e-03
-1.436130000000000089e-03 1.137879999999999968e-03
-5.872829999999999674e-04 2.164559999999999889e-04
4.237949999999999768e-04 -7.261929999999999774e-04
1.285310000000000012e-03 -1.430950000000000060e-03
1.739499999999999944e-03 -1.701169999999999896e-03
1.664469999999999925e-03 -1.475959999999999902e-03
1.103489999999999940e-03 -8.691159999999999641e-04
2.422269999999999968e-04 -5.729709999999999730e-05
-6.550790000000000345e-04 7.701760000000000203e-04
-1.325110000000000003e-03 1.361610000000000077e-03
-1.578830000000000034e-03 1.511879999999999951e-03
-1.358389999999999901e-03 1.219720000000000092e-03
-7.548570000000000540e-04 6.284249999999999472e-04
3.117560000000000014e-05 -9.075730000000000602e-05
7.623470000000000246e-04 -7.564419999999999651e-04
1.233120000000000093e-03 -1.194009999999999906e-03
1.322489999999999950e-03 -1.285340000000000050e-03
1.027200000000000031e-03 -1.010980000000000082e-03
4.598490000000000216e-04 -4.627419999999999819e-04
-1.951909999999999951e-04 1.854170000000000037e-04
-7.466009999999999487e-04 7.394040000000000378e-04
-1.050860000000000032e-03 1.048370000000000074e-03
-1.042849999999999897e-03 1.044769999999999987e-03
-7.450990000000000434e-04 7.504610000000000100e-04
-2.579910000000000037e-04 2.626950000000000183e-04
2.699229999999999837e-04 -2.712039999999999872e-04
6.868259999999999730e-04 -6.953429999999999594e-04
8.828119999999999631e-04 -8.935399999999999593e-04
8.187210000000000104e-04 -8.236559999999999758e-04
5.307410000000000469e-04 -5.256290000000000051e-04
1.138419999999999986e-04 -1.028190000000000061e-04
-3.079070000000000049e-04 3.147739999999999783e-04
-6.161849999999999966e-04 6.114809999999999820e-04
-7.307789999999999772e-04 7.168730000000000328e-04
-6.310130000000000383e-04 6.184159999999999961e-04
-3.592110000000000138e-04 3.571770000000000262e-04
-4.632009999999999719e-06 1.212450000000000055e-05
3.262329999999999917e-04 -3.191590000000000117e-04
5.420299999999999858e-04 -5.425399999999999927e-04
5.910540000000000368e-04 -5.966899999999999808e-04
4.719850000000000152e-04 -4.757590000000000235e-04
2.298240000000000005e-04 -2.284029999999999882e-04
-6.006089999999999953e-05 6.400119999999999974e-05
-3.142709999999999731e-04 3.161780000000000211e-04
-4.641639999999999829e-04 4.625639999999999982e-04
-4.739300000000000110e-04 4.712229999999999978e-04
-3.494619999999999823e-04 3.486669999999999874e-04
-1.348789999999999939e-04 1.364070000000000104e-04
1.027180000000000015e-04 -1.009520000000000052e-04
2.947119999999999796e-04 -2.946010000000000208e-04
3.908310000000000126e-04 -3.921250000000000039e-04
3.713620000000000267e-04 -3.723980000000000215e-04
2.497479999999999947e-04 -2.495050000000000176e-04
6.648769999999999702e-05 -6.551499999999999869e-05
-1.233859999999999872e-04 1.239110000000000135e-04
-2.661900000000000247e-04 2.658320000000000257e-04
-3.247009999999999935e-04 3.240359999999999855e-04
-2.879790000000000019e-04 2.877620000000000004e-04
-1.729020000000000058e-04 1.732500000000000099e-04
-1.731540000000000027e-05 1.774050000000000065e-05
1.323530000000000117e-04 -1.323030000000000104e-04
2.347510000000000026e-04 -2.350420000000000037e-04
2.646079999999999982e-04 -2.648630000000000016e-04
2.184839999999999905e-04 -2.184490000000000086e-04
1.142849999999999942e-04 -1.140610000000000045e-04
-1.499710000000000080e-05 1.513639999999999962e-05
-1.314160000000000035e-04 1.313460000000000127e-04
-2.031099999999999984e-04 2.029500000000000000e-04
-2.129660000000000071e-04 2.129020000000000023e-04
-1.624659999999999993e-04 1.625420000000000033e-04
-6.992509999999999904e-05 7.003040000000000632e-05
3.587529999999999853e-05 -3.585599999999999687e-05
1.244580000000000068e-04 -1.245250000000000046e-04
1.722279999999999916e-04 -1.722919999999999964e-04
1.685599999999999989e-04 -1.685570000000000059e-04
1.179209999999999980e-04 -1.178690000000000060e-04
3.764680000000000012e-05 -3.761110000000000316e-05
-4.775640000000000240e-05 4.774269999999999946e-05
