-4.467870000000000289e-08 6.510649999999999871e-07
-2.398849999999999805e-07 2.066389999999999963e-06
-6.065460000000000369e-07 2.945999999999999831e-06
-1.168590000000000063e-06 5.091610000000000367e-06
-2.428470000000000146e-06 1.345429999999999924e-05
-5.423039999999999835e-06 3.076880000000000261e-05
-1.095150000000000009e-05 5.238880000000000229e-05
-1.848990000000000063e-05 6.560469999999999887e-05
-2.580970000000000126e-05 6.230619999999999648e-05
-2.934800000000000090e-05 4.032420000000000264e-05
-2.458580000000000100e-05 -1.974780000000000005e-06
-8.019170000000000676e-06 -5.457400000000000299e-05
1.903289999999999865e-05 -9.854979999999999621e-05
4.943269999999999853e-05 -1.250599999999999986e-04
7.407049999999999496e-05 -1.409260000000000124e-04
8.633810000000000605e-05 -1.553659999999999894e-04
8.405719999999999880e-05 -1.679510000000000052e-04
6.985979999999999816e-05 -1.704549999999999935e-04
5.003869999999999916e-05 -1.523750000000000039e-04
3.033439999999999878e-05 -1.031020000000000032e-04
1.165770000000000021e-05 -2.560990000000000022e-05
-8.594930000000000056e-06 5.319810000000000147e-05
-3.165270000000000274e-05 1.102989999999999955e-04
-5.581610000000000250e-05 1.516040000000000074e-04
-7.774070000000000600e-05 1.894619999999999963e-04
-9.270410000000000575e-05 2.168879999999999875e-04
-9.630099999999999836e-05 2.225560000000000017e-04
-8.863470000000000029e-05 2.102919999999999985e-04
-7.483410000000000235e-05 1.941249999999999888e-04
-6.031619999999999690e-05 1.842219999999999990e-04
-4.740529999999999825e-05 1.724739999999999889e-04
-3.565470000000000271e-05 1.293690000000000009e-04
-2.269829999999999916e-05 4.147580000000000022e-05
-4.908379999999999751e-06 -6.400169999999999406e-05
2.219009999999999952e-05 -1.624359999999999877e-04
6.226919999999999667e-05 -2.524059999999999954e-04
1.123769999999999983e-04 -3.293230000000000181e-04
1.591139999999999948e-04 -3.784069999999999838e-04
1.855700000000000004e-04 -3.881879999999999771e-04
1.826940000000000096e-04 -3.573490000000000238e-04
1.523539999999999985e-04 -2.952790000000000167e-04
1.021430000000000010e-04 -2.124430000000000123e-04
4.115240000000000261e-05 -1.143369999999999998e-04
-1.986850000000000129e-05 -1.000169999999999946e-05
-6.956580000000000402e-05 9.337539999999999371e-05
-1.010899999999999961e-04 1.896149999999999930e-04
-1.149839999999999955e-04 2.625579999999999754e-04
-1.161260000000000059e-04 2.970779999999999905e-04
-1.098440000000000007e-04 2.995300000000000002e-04
-1.011290000000000003e-04 2.969879999999999829e-04
-9.418880000000000188e-05 3.043049999999999943e-04
-9.032089999999999780e-05 3.023389999999999932e-04
-8.698969999999999825e-05 2.607530000000000156e-04
-7.905079999999999876e-05 1.681490000000000057e-04
-6.015069999999999992e-05 5.011589999999999903e-05
-2.481959999999999866e-05 -5.787579999999999906e-05
2.904510000000000081e-05 -1.678980000000000110e-04
9.742269999999999814e-05 -3.045079999999999922e-04
1.670130000000000085e-04 -4.368379999999999941e-04
2.188959999999999994e-04 -5.112339999999999506e-04
2.392309999999999868e-04 -4.945019999999999624e-04
2.231699999999999927e-04 -3.921770000000000095e-04
1.709349999999999889e-04 -2.572960000000000112e-04
8.797599999999999930e-05 -1.350049999999999991e-04
-1.067110000000000020e-05 -2.129029999999999841e-05
-1.016479999999999999e-04 1.118920000000000055e-04
-1.635279999999999969e-04 2.657070000000000091e-04
-1.881960000000000121e-04 3.943490000000000016e-04
-1.835539999999999980e-04 4.531080000000000264e-04
-1.655430000000000107e-04 4.455460000000000063e-04
-1.457540000000000007e-04 4.079779999999999756e-04
-1.251339999999999983e-04 3.622389999999999855e-04
-9.906219999999999490e-05 2.958939999999999964e-04
-6.605079999999999448e-05 1.851599999999999958e-04
-2.784790000000000149e-05 2.176219999999999977e-05
1.778599999999999878e-05 -1.731749999999999945e-04
7.724280000000000523e-05 -3.494419999999999926e-04
1.501829999999999951e-04 -4.654570000000000127e-04
2.219350000000000088e-04 -5.224109999999999691e-04
2.688650000000000219e-04 -5.345010000000000516e-04
2.708249999999999828e-04 -4.969500000000000176e-04
2.218990000000000112e-04 -3.971590000000000103e-04
1.337839999999999917e-04 -2.429029999999999883e-04
2.739790000000000072e-05 -3.947229999999999814e-05
-8.038669999999999388e-05 1.979360000000000104e-04
-1.774909999999999986e-04 3.985700000000000007e-04
-2.498369999999999866e-04 5.188379999999999815e-04
-2.844139999999999776e-04 5.673240000000000184e-04
-2.762449999999999953e-04 5.593440000000000304e-04
-2.295459999999999872e-04 5.051959999999999654e-04
-1.562299999999999865e-04 4.000170000000000158e-04
-7.229450000000000383e-05 2.301890000000000013e-04
9.486229999999999467e-06 2.752559999999999867e-06
8.611410000000000277e-05 -2.584539999999999754e-04
1.621369999999999962e-04 -5.056680000000000246e-04
2.358089999999999915e-04 -6.459359999999999494e-04
2.903380000000000110e-04 -6.449920000000000479e-04
3.041399999999999985e-04 -5.520660000000000367e-04
2.647029999999999761e-04 -4.192150000000000173e-04
1.733550000000000097e-04 -2.650229999999999730e-04
4.530009999999999679e-05 -6.030300000000000184e-05
-9.302299999999999350e-05 1.969890000000000074e-04
-2.109880000000000067e-04 4.292960000000000179e-04
-2.871449999999999892e-04 5.828790000000000143e-04
-3.187970000000000040e-04 6.642939999999999522e-04
-3.114920000000000189e-04 6.595060000000000245e-04
-2.639930000000000184e-04 5.501920000000000205e-04
-1.735030000000000090e-04 3.260080000000000269e-04
-4.877989999999999692e-05 1.236390000000000033e-05
8.948129999999999994e-05 -3.019060000000000060e-04
2.206999999999999977e-04 -5.681850000000000225e-04
3.300070000000000000e-04 -7.494749999999999893e-04
3.977990000000000042e-04 -7.896280000000000096e-04
3.979610000000000070e-04 -6.820850000000000263e-04
3.173480000000000116e-04 -4.737659999999999766e-04
1.712689999999999894e-04 -2.360840000000000117e-04
-4.198050000000000405e-06 3.826740000000000397e-06
-1.716710000000000035e-04 2.737249999999999991e-04
-3.025939999999999967e-04 5.592849999999999688e-04
-3.768099999999999922e-04 7.640369999999999627e-04
-3.863870000000000260e-04 8.150959999999999629e-04
-3.403230000000000144e-04 7.175659999999999938e-04
-2.535239999999999803e-04 5.029550000000000253e-04
-1.312159999999999987e-04 1.886749999999999918e-04
2.571939999999999977e-05 -1.992479999999999870e-04
2.004060000000000054e-04 -5.715209999999999648e-04
3.554739999999999918e-04 -8.148720000000000139e-04
4.524169999999999884e-04 -8.790760000000000110e-04
4.685140000000000073e-04 -7.862620000000000286e-04
3.953280000000000205e-04 -5.746349999999999895e-04
2.365620000000000027e-04 -2.773140000000000219e-04
1.835990000000000018e-05 6.047300000000000190e-05
-2.086509999999999916e-04 4.036859999999999971e-04
-3.910720000000000125e-04 7.192189999999999998e-04
-4.947900000000000518e-04 9.274179999999999490e-04
-5.072479999999999654e-04 9.522520000000000030e-04
-4.314930000000000241e-04 7.841610000000000160e-04
-2.810299999999999842e-04 4.463159999999999870e-04
-7.446720000000000422e-05 -1.780220000000000042e-05
1.629599999999999983e-04 -5.122879999999999578e-04
3.907140000000000135e-04 -8.904260000000000430e-04
5.549660000000000530e-04 -1.044790000000000085e-03
6.100430000000000002e-04 -9.900480000000000998e-04
5.384749999999999563e-04 -7.911749999999999729e-04
3.509030000000000113e-04 -4.612740000000000156e-04
7.941350000000000123e-05 3.727779999999999993e-06
-2.208669999999999980e-04 5.139030000000000160e-04
-4.783930000000000257e-04 9.133319999999999893e-04
-6.330339999999999839e-04 1.104560000000000090e-03
-6.582009999999999684e-04 1.075570000000000085e-03
-5.543570000000000051e-04 8.514710000000000204e-04
-3.348770000000000262e-04 4.363829999999999858e-04
-3.067530000000000088e-05 -1.304339999999999916e-04
2.979179999999999892e-04 -7.075439999999999464e-04
5.725500000000000120e-04 -1.117640000000000040e-03
7.275479999999999534e-04 -1.241520000000000080e-03
7.278270000000000095e-04 -1.073420000000000060e-03
5.671370000000000014e-04 -6.880470000000000075e-04
2.666379999999999770e-04 -1.603669999999999911e-04
-1.167029999999999972e-04 4.137710000000000064e-04
-4.887620000000000072e-04 8.917239999999999889e-04
-7.477010000000000297e-04 1.182110000000000105e-03
-8.292310000000000436e-04 1.254380000000000035e-03
-7.231240000000000107e-04 1.068450000000000085e-03
-4.563290000000000011e-04 5.872740000000000425e-04
-8.008150000000000229e-05 -1.076349999999999952e-04
3.274010000000000050e-04 -7.841799999999999899e-04
6.716289999999999760e-04 -1.235240000000000079e-03
8.715040000000000503e-04 -1.379589999999999983e-03
8.784259999999999681e-04 -1.234759999999999894e-03
6.796550000000000378e-04 -8.354919999999999621e-04
3.042829999999999732e-04 -1.972390000000000135e-04
-1.668159999999999966e-04 5.481400000000000204e-04
-6.111800000000000132e-04 1.155109999999999991e-03
-9.102370000000000469e-04 1.455600000000000036e-03
-9.932999999999999122e-04 1.397510000000000028e-03
-8.396029999999999639e-04 9.784959999999999231e-04
-4.683879999999999749e-04 3.006419999999999991e-04
4.664499999999999810e-05 -4.398830000000000166e-04
5.750930000000000451e-04 -1.082529999999999951e-03
9.708199999999999512e-04 -1.488179999999999972e-03
1.123389999999999935e-03 -1.538590000000000053e-03
9.890280000000000859e-04 -1.205679999999999990e-03
5.973210000000000498e-04 -5.261649999999999877e-04
3.909310000000000015e-05 3.630749999999999754e-04
-5.504909999999999578e-04 1.162520000000000003e-03
-1.016710000000000096e-03 1.599100000000000001e-03
-1.227900000000000085e-03 1.583039999999999968e-03
-1.115319999999999940e-03 1.166289999999999948e-03
-6.903740000000000007e-04 4.463940000000000225e-04
-4.647590000000000000e-05 -4.576229999999999925e-04
6.473940000000000293e-04 -1.281339999999999953e-03
1.184359999999999970e-03 -1.736759999999999953e-03
1.397889999999999940e-03 -1.703059999999999947e-03
1.224880000000000023e-03 -1.214009999999999959e-03
7.094679999999999910e-04 -3.992670000000000247e-04
-2.043540000000000089e-05 5.363339999999999644e-04
-7.712770000000000086e-04 1.325159999999999923e-03
-1.323940000000000013e-03 1.772050000000000057e-03
-1.507450000000000023e-03 1.743380000000000103e-03
-1.258100000000000060e-03 1.174080000000000089e-03
-6.385450000000000197e-04 2.358679999999999989e-04
1.764620000000000056e-04 -7.397989999999999688e-04
9.513240000000000281e-04 -1.465029999999999978e-03
1.464660000000000007e-03 -1.810790000000000056e-03
1.568710000000000070e-03 -1.691220000000000006e-03
1.218979999999999933e-03 -1.045130000000000017e-03
5.002869999999999756e-04 -7.828990000000000406e-05
-3.722779999999999753e-04 8.552259999999999463e-04
-1.127600000000000087e-03 1.493780000000000108e-03
-1.543529999999999989e-03 1.689670000000000104e-03
-1.505180000000000060e-03 1.409380000000000008e-03
-1.021650000000000032e-03 7.384969999999999599e-04
-2.322100000000000010e-04 -1.172589999999999966e-04
6.188479999999999676e-04 -9.018229999999999476e-04
1.263400000000000026e-03 -1.400889999999999904e-03
1.507490000000000002e-03 -1.473270000000000048e-03
1.290410000000000081e-03 -1.112930000000000039e-03
6.944530000000000407e-04 -4.728709999999999793e-04
-8.660199999999999517e-05 2.609740000000000258e-04
-8.126840000000000409e-04 9.216680000000000532e-04
-1.269530000000000051e-03 1.304239999999999913e-03
-1.327400000000000064e-03 1.263519999999999964e-03
-9.834310000000001054e-04 8.528869999999999811e-04
-3.647470000000000096e-04 2.468829999999999874e-04
3.250099999999999799e-04 -3.813409999999999933e-04
8.799419999999999855e-04 -8.757160000000000161e-04
1.146469999999999911e-03 -1.109739999999999902e-03
1.059620000000000050e-03 -1.024020000000000052e-03
6.641390000000000054e-04 -6.492279999999999579e-04
1.003669999999999964e-04 -1.036679999999999975e-04
-4.498640000000000147e-04 4.412579999999999823e-04
-8.276709999999999840e-04 8.217549999999999681e-04
-9.401560000000000429e-04 9.375219999999999864e-04
-7.758189999999999661e-04 7.768189999999999904e-04
-3.999970000000000261e-04 4.050279999999999853e-04
6.625630000000000462e-05 -6.130610000000000584e-05
4.822699999999999752e-04 -4.833700000000000019e-04
7.302069999999999698e-04 -7.385440000000000494e-04
7.495289999999999722e-04 -7.597599999999999493e-04
5.512339999999999471e-04 -5.556979999999999776e-04
2.084429999999999963e-04 -2.034790000000000080e-04
-1.703440000000000076e-04 1.806549999999999974e-04
-4.744710000000000182e-04 4.807710000000000087e-04
-6.215300000000000208e-04 6.169949999999999567e-04
-5.786559999999999837e-04 5.655810000000000047e-04
-3.699169999999999889e-04 3.581850000000000138e-04
-6.701220000000000191e-05 6.522760000000000548e-05
2.347000000000000128e-04 -2.276760000000000068e-04
4.467869999999999763e-04 -4.403259999999999987e-04
5.139419999999999796e-04 -5.145549999999999820e-04
4.275750000000000254e-04 -4.327970000000000103e-04
2.242769999999999942e-04 -2.276710000000000094e-04
-2.872319999999999970e-05 3.011890000000000059e-05
-2.555030000000000235e-04 2.591590000000000170e-04
-3.933669999999999897e-04 3.950630000000000222e-04
-4.088720000000000115e-04 4.072939999999999937e-04
-3.051989999999999759e-04 3.026780000000000182e-04
-1.197580000000000010e-04 1.191269999999999997e-04
8.799120000000000552e-05 -8.647999999999999871e-05
2.555980000000000014e-04 -2.540050000000000185e-04
3.369889999999999951e-04 -3.370029999999999987e-04
3.150739999999999856e-04 -3.163099999999999853e-04
2.040339999999999916e-04 -2.049169999999999898e-04
4.226629999999999884e-05 -4.196450000000000115e-05
-1.204130000000000006e-04 1.213059999999999936e-04
-2.373529999999999889e-04 2.377769999999999970e-04
-2.778799999999999890e-04 2.775109999999999795e-04
-2.352189999999999988e-04 2.346200000000000000e-04
-1.272579999999999935e-04 1.270990000000000108e-04
1.011209999999999929e-05 -9.768150000000000658e-06
1.348649999999999903e-04 -1.344870000000000017e-04
2.117479999999999926e-04 -2.117350000000000048e-04
2.220540000000000122e-04 -2.223369999999999958e-04
1.676299999999999926e-04 -1.678480000000000098e-04
6.869889999999999374e-05 -6.863999999999999334e-05
-4.321519999999999919e-05 4.342620000000000106e-05
-1.349780000000000077e-04 1.350869999999999892e-04
-1.814270000000000097e-04 1.813440000000000039e-04
-1.721779999999999903e-04 1.720339999999999999e-04
-1.137390000000000032e-04 1.136960000000000038e-04
-2.647799999999999958e-05 2.655740000000000089e-05
6.231110000000000045e-05 -6.221990000000000376e-05
1.268639999999999970e-04 -1.268580000000000109e-04
1.502700000000000097e-04 -1.503359999999999918e-04
1.286729999999999927e-04 -1.287259999999999869e-04
7.143039999999999969e-05 -7.141880000000000136e-05
-2.479659999999999905e-06 2.529130000000000042e-06
-7.056129999999999813e-05 7.058870000000000400e-05
-1.135300000000000057e-04 1.135119999999999933e-04
