-1.241380000000000029e-08 9.967999999999999261e-07
-8.995090000000000378e-08 4.182819999999999705e-06
-3.298810000000000142e-07 9.202079999999999825e-06
-8.769530000000000044e-07 1.852939999999999915e-05
-2.039810000000000211e-06 4.114669999999999688e-05
-4.550490000000000032e-06 9.102670000000000043e-05
-9.777549999999999246e-06 1.785570000000000050e-04
-1.952230000000000111e-05 2.964129999999999825e-04
-3.521790000000000039e-05 4.189390000000000084e-04
-5.675160000000000057e-05 5.028559999999999844e-04
-8.133599999999999511e-05 4.919720000000000256e-04
-1.031419999999999961e-04 3.471260000000000101e-04
-1.144630000000000051e-04 7.034779999999999755e-05
-1.083120000000000025e-04 -2.978689999999999767e-04
-8.127709999999999471e-05 -6.979399999999999753e-04
-3.507900000000000075e-05 -1.072059999999999897e-03
2.408490000000000042e-05 -1.378120000000000039e-03
8.823430000000000324e-05 -1.593470000000000043e-03
1.510480000000000080e-04 -1.703370000000000058e-03
2.101580000000000028e-04 -1.680000000000000070e-03
2.669840000000000039e-04 -1.485580000000000017e-03
3.244499999999999988e-04 -1.105120000000000017e-03
3.840849999999999928e-04 -5.601220000000000287e-04
4.437439999999999852e-04 1.013470000000000039e-04
4.966700000000000541e-04 8.059169999999999615e-04
5.323339999999999756e-04 1.456190000000000002e-03
5.387429999999999476e-04 1.956680000000000138e-03
5.051069999999999735e-04 2.244809999999999861e-03
4.237380000000000009e-04 2.306190000000000063e-03
2.907540000000000016e-04 2.174319999999999985e-03
1.061000000000000040e-04 1.905159999999999926e-03
-1.258990000000000087e-04 1.532799999999999961e-03
-3.948019999999999785e-04 1.064620000000000063e-03
-6.821390000000000092e-04 5.102120000000000136e-04
-9.609360000000000167e-04 -1.188270000000000060e-04
-1.197619999999999935e-03 -8.019999999999999785e-04
-1.356680000000000082e-03 -1.485189999999999948e-03
-1.407590000000000013e-03 -2.082570000000000168e-03
-1.332030000000000106e-03 -2.502199999999999997e-03
-1.128869999999999917e-03 -2.673350000000000119e-03
-8.150160000000000043e-04 -2.570180000000000034e-03
-4.216800000000000149e-04 -2.215050000000000092e-03
1.235819999999999969e-05 -1.665849999999999970e-03
4.482679999999999846e-04 -1.004459999999999988e-03
8.529100000000000180e-04 -3.091179999999999904e-04
1.201229999999999963e-03 3.617970000000000192e-04
1.475479999999999934e-03 9.581150000000000517e-04
1.662889999999999984e-03 1.430030000000000103e-03
1.753690000000000023e-03 1.738729999999999963e-03
1.740269999999999925e-03 1.876070000000000081e-03
1.617820000000000065e-03 1.860789999999999970e-03
1.386450000000000009e-03 1.713099999999999953e-03
1.054360000000000063e-03 1.439029999999999997e-03
6.409130000000000079e-04 1.028739999999999993e-03
1.777910000000000059e-04 4.869429999999999896e-04
-2.935960000000000262e-04 -1.467159999999999959e-04
-7.279450000000000243e-04 -8.360999999999999942e-04
-1.083130000000000074e-03 -1.550949999999999942e-03
-1.326920000000000096e-03 -2.225420000000000089e-03
-1.442319999999999974e-03 -2.764659999999999947e-03
-1.430199999999999961e-03 -3.054680000000000156e-03
-1.308469999999999946e-03 -2.986920000000000113e-03
-1.107279999999999983e-03 -2.525209999999999955e-03
-8.608519999999999497e-04 -1.721529999999999979e-03
-5.986210000000000272e-04 -6.846960000000000459e-04
-3.394299999999999943e-04 4.633190000000000138e-04
-9.116330000000000180e-05 1.615209999999999953e-03
1.445150000000000080e-04 2.670449999999999994e-03
3.651379999999999860e-04 3.533500000000000182e-03
5.614689999999999872e-04 4.124410000000000229e-03
7.151829999999999863e-04 4.384169999999999734e-03
8.014180000000000305e-04 4.272719999999999817e-03
7.957240000000000407e-04 3.766010000000000191e-03
6.832379999999999660e-04 2.859889999999999915e-03
4.669489999999999774e-04 1.573930000000000077e-03
1.719439999999999922e-04 -3.091529999999999859e-05
-1.567340000000000074e-04 -1.815159999999999907e-03
-4.630060000000000187e-04 -3.559979999999999915e-03
-6.927510000000000221e-04 -5.018820000000000225e-03
-8.062660000000000356e-04 -5.964739999999999626e-03
-7.861549999999999701e-04 -6.232879999999999671e-03
-6.384900000000000211e-04 -5.759120000000000385e-03
-3.875069999999999882e-04 -4.602179999999999986e-03
-6.691380000000000299e-05 -2.893810000000000132e-03
2.878150000000000218e-04 -8.092159999999999718e-04
6.439889999999999764e-04 1.395130000000000068e-03
9.728990000000000511e-04 3.443480000000000065e-03
1.248039999999999957e-03 5.089149999999999750e-03
1.442200000000000036e-03 6.132379999999999776e-03
1.526049999999999933e-03 6.457250000000000316e-03
1.470100000000000009e-03 6.030480000000000389e-03
1.251050000000000079e-03 4.880200000000000336e-03
8.614739999999999854e-04 3.091800000000000017e-03
3.197669999999999896e-04 7.942249999999999657e-04
-3.240469999999999961e-04 -1.811579999999999918e-03
-9.913990000000000129e-04 -4.373919999999999891e-03
-1.588769999999999983e-03 -6.464430000000000176e-03
-2.027399999999999949e-03 -7.693919999999999926e-03
-2.242220000000000064e-03 -7.797169999999999969e-03
-2.203880000000000075e-03 -6.709620000000000341e-03
-1.921469999999999992e-03 -4.546170000000000419e-03
-1.437059999999999987e-03 -1.589590000000000100e-03
-8.147319999999999779e-04 1.715479999999999913e-03
-1.283389999999999921e-04 4.888220000000000412e-03
5.475709999999999519e-04 7.508469999999999728e-03
1.142629999999999948e-03 9.208879999999999150e-03
1.593709999999999918e-03 9.719900000000000068e-03
1.848739999999999975e-03 8.884500000000000036e-03
1.872940000000000021e-03 6.697090000000000161e-03
1.656010000000000077e-03 3.380150000000000168e-03
1.217940000000000038e-03 -6.793030000000000249e-04
6.112770000000000226e-04 -4.928179999999999887e-03
-8.305979999999999375e-05 -8.677709999999999937e-03
-7.667159999999999687e-04 -1.126519999999999952e-02
-1.338439999999999986e-03 -1.220770000000000015e-02
-1.708120000000000038e-03 -1.133160000000000070e-02
-1.808149999999999905e-03 -8.772260000000000474e-03
-1.602700000000000088e-03 -4.887800000000000304e-03
-1.095739999999999995e-03 -2.152549999999999982e-04
-3.358769999999999963e-04 4.562069999999999667e-03
5.844770000000000217e-04 8.731749999999999928e-03
1.537020000000000053e-03 1.166090000000000008e-02
2.373269999999999807e-03 1.285479999999999956e-02
2.947620000000000188e-03 1.201269999999999942e-02
3.144220000000000088e-03 9.105290000000000258e-03
2.901079999999999891e-03 4.477619999999999864e-03
2.223849999999999872e-03 -1.148270000000000063e-03
1.186259999999999962e-03 -6.806409999999999717e-03
-8.161610000000000620e-05 -1.147869999999999967e-02
-1.412939999999999899e-03 -1.428630000000000004e-02
-2.627130000000000090e-03 -1.467210000000000042e-02
-3.552430000000000084e-03 -1.252939999999999957e-02
-4.046570000000000202e-03 -8.181859999999999133e-03
-4.015999999999999605e-03 -2.295510000000000172e-03
-3.433009999999999794e-03 4.192900000000000273e-03
-2.347450000000000057e-03 1.021889999999999951e-02
-8.891669999999999522e-04 1.476779999999999933e-02
7.423939999999999532e-04 1.699749999999999872e-02
2.303669999999999850e-03 1.637510000000000007e-02
3.544690000000000080e-03 1.283609999999999959e-02
4.251320000000000272e-03 6.893800000000000275e-03
4.283050000000000052e-03 -4.216709999999999816e-04
3.600229999999999837e-03 -7.807200000000000251e-03
2.277560000000000088e-03 -1.394079999999999972e-02
5.007479999999999700e-04 -1.768480000000000052e-02
-1.455630000000000075e-03 -1.828480000000000036e-02
-3.267229999999999874e-03 -1.557189999999999963e-02
-4.610160000000000299e-03 -1.001849999999999963e-02
-5.215720000000000078e-03 -2.618130000000000197e-03
-4.921749999999999910e-03 5.302349999999999945e-03
-3.711270000000000020e-03 1.230559999999999987e-02
-1.728560000000000079e-03 1.704839999999999828e-02
7.340689999999999542e-04 1.854290000000000105e-02
3.278249999999999914e-03 1.641909999999999897e-02
5.463260000000000165e-03 1.103490000000000026e-02
6.880780000000000403e-03 3.430879999999999867e-03
7.228739999999999992e-03 -4.889339999999999832e-03
6.372230000000000429e-03 -1.227499999999999945e-02
4.379939999999999702e-03 -1.723979999999999957e-02
1.527589999999999894e-03 -1.879530000000000090e-02
-1.734990000000000056e-03 -1.668669999999999876e-02
-4.851560000000000421e-03 -1.136060000000000021e-02
-7.255170000000000022e-03 -3.838809999999999792e-03
-8.475909999999999694e-03 4.425069999999999698e-03
-8.237849999999999687e-03 1.176619999999999923e-02
-6.523469999999999963e-03 1.666979999999999851e-02
-3.591449999999999938e-03 1.816359999999999850e-02
5.750670000000000288e-05 1.599880000000000052e-02
3.763760000000000109e-03 1.068209999999999993e-02
6.828230000000000237e-03 3.355780000000000048e-03
8.646549999999999375e-03 -4.425019999999999995e-03
8.830799999999999761e-03 -1.096669999999999937e-02
7.293710000000000124e-03 -1.488330000000000035e-02
4.278780000000000257e-03 -1.545039999999999955e-02
3.276889999999999859e-04 -1.268249999999999933e-02
-3.813560000000000127e-03 -7.315979999999999706e-03
-7.333890000000000027e-03 -6.845860000000000486e-04
-9.515980000000000272e-03 5.654809999999999698e-03
-9.884560000000000568e-03 1.032689999999999997e-02
-8.312850000000000100e-03 1.237839999999999947e-02
-5.061210000000000014e-03 1.149219999999999929e-02
-7.362620000000000059e-04 8.040939999999999893e-03
3.824650000000000185e-03 2.943219999999999864e-03
7.721170000000000290e-03 -2.503809999999999977e-03
1.017419999999999956e-02 -6.941509999999999694e-03
1.068900000000000058e-02 -9.398899999999999963e-03
9.162969999999999449e-03 -9.498569999999999583e-03
5.912429999999999769e-03 -7.464290000000000161e-03
1.609360000000000001e-03 -4.021120000000000423e-03
-2.860609999999999976e-03 -1.998679999999999912e-04
-6.587179999999999772e-03 2.918850000000000177e-03
-8.830279999999999380e-03 4.609519999999999763e-03
-9.178820000000000728e-03 4.669659999999999957e-03
-7.635669999999999784e-03 3.356249999999999858e-03
-4.607280000000000056e-03 1.276879999999999986e-03
-8.011830000000000167e-04 -8.046060000000000278e-04
2.942719999999999798e-03 -2.213049999999999826e-03
5.845640000000000037e-03 -2.589870000000000193e-03
7.360369999999999760e-03 -1.903610000000000024e-03
7.277879999999999593e-03 -4.726479999999999917e-04
5.748829999999999912e-03 1.092040000000000068e-03
3.219899999999999932e-03 2.199389999999999852e-03
3.046589999999999845e-04 2.490299999999999979e-03
-2.374010000000000183e-03 1.904139999999999912e-03
-4.325650000000000328e-03 6.164179999999999790e-04
-5.283170000000000227e-03 -9.531789999999999621e-04
-5.227719999999999936e-03 -2.203160000000000014e-03
-4.349310000000000329e-03 -2.709809999999999997e-03
-2.960379999999999869e-03 -2.358890000000000205e-03
-1.393839999999999923e-03 -1.295090000000000043e-03
8.094859999999999946e-05 1.130600000000000051e-04
1.301990000000000048e-03 1.406879999999999893e-03
2.212249999999999807e-03 2.196889999999999954e-03
2.821230000000000092e-03 2.307510000000000030e-03
3.152879999999999832e-03 1.809150000000000038e-03
3.205429999999999998e-03 9.399620000000000241e-04
2.941809999999999998e-03 1.911280000000000105e-05
2.314300000000000038e-03 -6.909559999999999487e-04
1.312390000000000084e-03 -1.102450000000000045e-03
1.052210000000000044e-05 -1.241689999999999938e-03
-1.410580000000000037e-03 -1.170999999999999949e-03
-2.684199999999999867e-03 -1.010239999999999923e-03
-3.517499999999999793e-03 -8.787740000000000265e-04
-3.674760000000000006e-03 -7.830489999999999630e-04
-3.057499999999999888e-03 -6.475689999999999658e-04
-1.751830000000000010e-03 -4.067780000000000007e-04
-2.302660000000000075e-05 -4.301190000000000064e-05
1.744689999999999913e-03 3.938009999999999926e-04
3.146490000000000051e-03 7.931789999999999761e-04
3.863709999999999801e-03 1.031079999999999974e-03
3.746579999999999789e-03 1.025890000000000005e-03
2.848240000000000147e-03 7.768130000000000044e-04
1.401890000000000037e-03 3.696160000000000201e-04
-2.493570000000000183e-04 -5.592499999999999734e-05
-1.746130000000000035e-03 -3.611910000000000186e-04
-2.801109999999999885e-03 -4.649119999999999967e-04
-3.257589999999999878e-03 -3.713869999999999867e-04
-3.105929999999999802e-03 -1.577120000000000106e-04
-2.460190000000000120e-03 6.621750000000000086e-05
-1.508720000000000070e-03 2.056290000000000060e-04
-4.578930000000000153e-04 2.183850000000000038e-04
5.137899999999999716e-04 1.262079999999999951e-04
1.281210000000000074e-03 -3.441099999999999969e-06
1.776950000000000014e-03 -9.265390000000000409e-05
1.980969999999999866e-03 -8.707069999999999968e-05
1.905360000000000040e-03 2.455859999999999895e-05
1.582489999999999982e-03 2.081709999999999962e-04
1.060610000000000025e-03 3.962729999999999920e-04
4.054700000000000058e-04 5.081350000000000536e-04
-2.970739999999999817e-04 4.767840000000000077e-04
-9.437010000000000233e-04 2.773769999999999838e-04
-1.425470000000000079e-03 -5.992489999999999948e-05
-1.648319999999999994e-03 -4.584599999999999982e-04
-1.556979999999999909e-03 -8.185160000000000352e-04
-1.154209999999999915e-03 -1.047619999999999975e-03
-5.078310000000000376e-04 -1.087440000000000065e-03
2.589150000000000240e-04 -9.289090000000000064e-04
9.925360000000000259e-04 -6.118420000000000282e-04
1.543929999999999999e-03 -2.105150000000000131e-04
1.803050000000000052e-03 1.887779999999999873e-04
1.723989999999999898e-03 5.105430000000000211e-04
1.333710000000000104e-03 7.064400000000000193e-04
7.226609999999999848e-04 7.614979999999999926e-04
2.050879999999999920e-05 6.903420000000000389e-04
-6.354740000000000215e-04 5.267810000000000374e-04
-1.130759999999999968e-03 3.116120000000000109e-04
-1.395079999999999931e-03 8.294390000000000389e-05
-1.410910000000000029e-03 -1.286369999999999951e-04
-1.208899999999999949e-03 -3.002449999999999824e-04
-8.535679999999999700e-04 -4.143850000000000246e-04
-4.248200000000000153e-04 -4.569770000000000125e-04
-4.286460000000000122e-07 -4.178140000000000217e-04
3.565539999999999747e-04 -2.938630000000000018e-04
6.041510000000000370e-04 -9.399860000000000496e-05
7.223190000000000209e-04 1.574369999999999904e-04
7.104070000000000306e-04 4.208069999999999844e-04
5.834279999999999848e-04 6.464720000000000405e-04
3.685750000000000007e-04 7.846729999999999461e-04
1.022659999999999997e-04 7.976020000000000115e-04
-1.729690000000000036e-04 6.701310000000000253e-04
-4.126819999999999902e-04 4.157790000000000184e-04
-5.762519999999999708e-04 7.572510000000000450e-05
-6.336739999999999777e-04 -2.892449999999999861e-04
-5.719530000000000447e-04 -6.119160000000000007e-04
-3.991409999999999923e-04 -8.334920000000000219e-04
-1.443369999999999972e-04 -9.162550000000000425e-04
1.470520000000000009e-04 -8.509340000000000220e-04
4.221329999999999917e-04 -6.572350000000000457e-04
6.314499999999999801e-04 -3.779349999999999789e-04
7.393210000000000320e-04 -6.849959999999999719e-05
