-3.633430000000000263e-08 6.678780000000000199e-07
-2.139149999999999935e-07 2.146960000000000108e-06
-6.038939999999999944e-07 3.118329999999999839e-06
-1.247560000000000088e-06 5.384720000000000005e-06
-2.529610000000000163e-06 1.410090000000000081e-05
-5.466040000000000101e-06 3.230420000000000150e-05
-1.125039999999999989e-05 5.538489999999999890e-05
-1.995389999999999881e-05 7.021819999999999798e-05
-2.935260000000000083e-05 6.810140000000000496e-05
-3.490829999999999915e-05 4.636610000000000319e-05
-3.086390000000000108e-05 2.715210000000000131e-06
-1.287879999999999941e-05 -5.344580000000000251e-05
1.816299999999999873e-05 -1.027630000000000053e-04
5.460319999999999925e-05 -1.349929999999999999e-04
8.522180000000000456e-05 -1.558270000000000109e-04
1.009190000000000006e-04 -1.739110000000000092e-04
9.874219999999999796e-05 -1.881289999999999872e-04
8.244259999999999566e-05 -1.896599999999999968e-04
5.971240000000000109e-05 -1.682769999999999882e-04
3.704389999999999951e-05 -1.140889999999999981e-04
1.548490000000000145e-05 -3.032270000000000023e-05
-8.243800000000000590e-06 5.574309999999999828e-05
-3.624390000000000039e-05 1.199070000000000024e-04
-6.603879999999999527e-05 1.672230000000000081e-04
-9.200950000000000057e-05 2.100720000000000040e-04
-1.084499999999999933e-04 2.408800000000000112e-04
-1.119879999999999991e-04 2.469160000000000191e-04
-1.032409999999999963e-04 2.319929999999999996e-04
-8.649830000000000496e-05 2.120199999999999928e-04
-6.729539999999999947e-05 1.987009999999999937e-04
-5.017109999999999810e-05 1.839060000000000109e-04
-3.704049999999999883e-05 1.373790000000000005e-04
-2.547430000000000104e-05 4.517059999999999744e-05
-8.828129999999999788e-06 -6.544599999999999647e-05
2.062589999999999847e-05 -1.698659999999999894e-04
6.679919999999999565e-05 -2.675910000000000202e-04
1.246750000000000083e-04 -3.542859999999999890e-04
1.793069999999999961e-04 -4.128660000000000142e-04
2.126979999999999886e-04 -4.286079999999999729e-04
2.136379999999999898e-04 -3.987320000000000035e-04
1.817219999999999925e-04 -3.327890000000000015e-04
1.243700000000000036e-04 -2.414870000000000005e-04
5.272699999999999848e-05 -1.308340000000000013e-04
-1.992609999999999884e-05 -1.181029999999999939e-05
-8.017120000000000247e-05 1.055779999999999978e-04
-1.194269999999999934e-04 2.132419999999999888e-04
-1.374509999999999957e-04 2.941619999999999934e-04
-1.398080000000000004e-04 3.323600000000000230e-04
-1.325940000000000115e-04 3.339160000000000197e-04
-1.203919999999999952e-04 3.274789999999999862e-04
-1.075049999999999948e-04 3.302830000000000089e-04
-9.788710000000000000e-05 3.240389999999999785e-04
-9.232130000000000663e-05 2.777489999999999864e-04
-8.569149999999999771e-05 1.797079999999999945e-04
-6.795749999999999437e-05 5.595029999999999860e-05
-3.003159999999999890e-05 -5.806059999999999769e-05
3.004460000000000030e-05 -1.758899999999999982e-04
1.054270000000000055e-04 -3.238769999999999757e-04
1.821310000000000084e-04 -4.698570000000000112e-04
2.431730000000000111e-04 -5.557169999999999515e-04
2.739929999999999905e-04 -5.448640000000000471e-04
2.644710000000000095e-04 -4.420210000000000155e-04
2.094329999999999987e-04 -3.000309999999999739e-04
1.134250000000000059e-04 -1.640599999999999979e-04
-4.100720000000000101e-06 -3.143159999999999905e-05
-1.130590000000000029e-04 1.230840000000000027e-04
-1.876550000000000050e-04 2.969879999999999829e-04
-2.200100000000000027e-04 4.406659999999999852e-04
-2.201419999999999939e-04 5.068549999999999575e-04
-2.036949999999999937e-04 4.993180000000000058e-04
-1.798729999999999904e-04 4.565430000000000096e-04
-1.495819999999999919e-04 4.019210000000000165e-04
-1.121609999999999990e-04 3.232999999999999980e-04
-7.031499999999999339e-05 1.977050000000000053e-04
-2.637309999999999996e-05 1.881829999999999904e-05
2.440220000000000160e-05 -1.907830000000000062e-04
9.107070000000000204e-05 -3.804729999999999874e-04
1.738359999999999938e-04 -5.079390000000000033e-04
2.553820000000000157e-04 -5.731659999999999533e-04
3.078539999999999836e-04 -5.893559999999999728e-04
3.091139999999999817e-04 -5.503809999999999605e-04
2.545059999999999922e-04 -4.420919999999999950e-04
1.571830000000000026e-04 -2.726870000000000270e-04
3.829100000000000320e-05 -4.987050000000000304e-05
-8.436370000000000002e-05 2.093069999999999935e-04
-1.972529999999999900e-04 4.319770000000000012e-04
-2.849799999999999989e-04 5.705449999999999931e-04
-3.312090000000000064e-04 6.305310000000000385e-04
-3.266109999999999803e-04 6.265729999999999520e-04
-2.745539999999999873e-04 5.683910000000000134e-04
-1.901569999999999888e-04 4.504569999999999733e-04
-9.284419999999999446e-05 2.604190000000000151e-04
3.354100000000000209e-06 8.472989999999999323e-06
9.530370000000000031e-05 -2.786910000000000190e-04
1.871710000000000008e-04 -5.513900000000000181e-04
2.770410000000000060e-04 -7.129299999999999657e-04
3.464769999999999829e-04 -7.234399999999999989e-04
3.676490000000000031e-04 -6.295639999999999917e-04
3.212980000000000263e-04 -4.846100000000000104e-04
2.094309999999999943e-04 -3.084779999999999966e-04
5.520249999999999875e-05 -7.318269999999999983e-05
-1.076940000000000026e-04 2.189000000000000082e-04
-2.470209999999999919e-04 4.819269999999999956e-04
-3.409099999999999869e-04 6.554469999999999741e-04
-3.821030000000000108e-04 7.457600000000000427e-04
-3.722430000000000205e-04 7.404990000000000400e-04
-3.129569999999999921e-04 6.194440000000000276e-04
-2.067299999999999943e-04 3.707639999999999894e-04
-6.344379999999999725e-05 2.371779999999999846e-05
9.796870000000000274e-05 -3.257530000000000234e-04
2.553720000000000209e-04 -6.240150000000000080e-04
3.877999999999999937e-04 -8.315949999999999688e-04
4.706310000000000007e-04 -8.873900000000000537e-04
4.753199999999999960e-04 -7.782999999999999988e-04
3.853160000000000222e-04 -5.503949999999999641e-04
2.136689999999999900e-04 -2.809879999999999735e-04
1.911469999999999844e-06 -3.566820000000000012e-06
-2.002879999999999906e-04 3.059870000000000233e-04
-3.554259999999999950e-04 6.284920000000000263e-04
-4.439390000000000198e-04 8.587939999999999637e-04
-4.611400000000000199e-04 9.173999999999999646e-04
-4.135400000000000013e-04 8.107810000000000017e-04
-3.120029999999999874e-04 5.749970000000000515e-04
-1.643539999999999921e-04 2.281949999999999929e-04
2.193860000000000032e-05 -2.033989999999999952e-04
2.274359999999999956e-04 -6.233319999999999876e-04
4.148859999999999983e-04 -9.060169999999999552e-04
5.401260000000000392e-04 -9.927329999999999835e-04
5.689100000000000537e-04 -9.035459999999999716e-04
4.855440000000000255e-04 -6.758099999999999958e-04
2.964229999999999773e-04 -3.419499999999999905e-04
3.559530000000000121e-05 4.759749999999999956e-05
-2.377679999999999909e-04 4.460180000000000112e-04
-4.606489999999999869e-04 8.091319999999999502e-04
-5.906390000000000078e-04 1.049959999999999956e-03
-6.124130000000000199e-04 1.086090000000000059e-03
-5.294110000000000309e-04 9.041379999999999686e-04
-3.549410000000000022e-04 5.294089999999999994e-04
-1.093289999999999963e-04 1.141510000000000020e-05
1.762450000000000041e-04 -5.462369999999999812e-04
4.538920000000000107e-04 -9.851989999999999706e-04
6.618280000000000473e-04 -1.183349999999999897e-03
7.426929999999999990e-04 -1.145170000000000042e-03
6.671410000000000014e-04 -9.337669999999999521e-04
4.447540000000000044e-04 -5.637720000000000361e-04
1.193779999999999944e-04 -3.427840000000000032e-05
-2.409760000000000049e-04 5.535359999999999803e-04
-5.574519999999999476e-04 1.023690000000000060e-03
-7.607409999999999997e-04 1.261559999999999895e-03
-8.094390000000000135e-04 1.248629999999999922e-03
-6.942619999999999608e-04 1.008699999999999961e-03
-4.330040000000000169e-04 5.446729999999999671e-04
-6.896390000000000560e-05 -9.957610000000000365e-05
3.279089999999999804e-04 -7.657780000000000533e-04
6.712400000000000311e-04 -1.253629999999999935e-03
8.813539999999999916e-04 -1.426399999999999977e-03
9.052420000000000041e-04 -1.269390000000000015e-03
7.257989999999999537e-04 -8.537930000000000432e-04
3.673479999999999801e-04 -2.568490000000000204e-04
-9.897659999999999694e-05 4.132100000000000096e-04
-5.607989999999999546e-04 9.905470000000000420e-04
-8.962500000000000197e-04 1.358739999999999991e-03
-1.020869999999999894e-03 1.471019999999999966e-03
-9.129560000000000322e-04 1.279790000000000051e-03
-6.031880000000000531e-04 7.451279999999999579e-04
-1.543709999999999896e-04 -4.467470000000000105e-05
3.453369999999999769e-04 -8.348160000000000519e-04
7.877140000000000140e-04 -1.388190000000000084e-03
1.065989999999999950e-03 -1.601409999999999943e-03
1.104439999999999936e-03 -1.479599999999999969e-03
8.805580000000000351e-04 -1.049379999999999931e-03
4.339820000000000201e-04 -3.256239999999999981e-04
-1.369689999999999959e-04 5.430499999999999997e-04
-6.936250000000000141e-04 1.277490000000000049e-03
-1.095330000000000045e-03 1.675910000000000073e-03
-1.241080000000000091e-03 1.665830000000000088e-03
-1.087920000000000033e-03 1.234019999999999952e-03
-6.541469999999999967e-04 4.789500000000000137e-04
-2.821050000000000036e-05 -3.888489999999999763e-04
6.352190000000000180e-04 -1.175599999999999952e-03
1.156240000000000002e-03 -1.705490000000000044e-03
1.389920000000000001e-03 -1.830660000000000013e-03
1.271250000000000028e-03 -1.502829999999999921e-03
8.266670000000000051e-04 -7.526699999999999884e-04
1.582920000000000084e-04 2.696229999999999764e-04
-5.775140000000000004e-04 1.231179999999999905e-03
-1.194519999999999913e-03 1.814850000000000014e-03
-1.518929999999999933e-03 1.892690000000000041e-03
-1.442979999999999957e-03 1.493780000000000108e-03
-9.639180000000000231e-04 7.074880000000000405e-04
-1.921450000000000111e-04 -3.382260000000000106e-04
6.699899999999999736e-04 -1.345009999999999999e-03
1.378050000000000021e-03 -1.970949999999999959e-03
1.721639999999999976e-03 -2.046050000000000212e-03
1.594090000000000047e-03 -1.577660000000000043e-03
1.019809999999999901e-03 -6.893760000000000079e-04
1.432340000000000045e-04 4.014409999999999940e-04
-8.012639999999999910e-04 1.389320000000000095e-03
-1.544269999999999931e-03 2.022400000000000152e-03
-1.863159999999999990e-03 2.114239999999999869e-03
-1.654829999999999929e-03 1.565790000000000064e-03
-9.679660000000000087e-04 5.399930000000000051e-04
8.982629999999999749e-06 -6.094559999999999735e-04
9.998089999999999408e-04 -1.546389999999999917e-03
1.720469999999999985e-03 -2.085270000000000179e-03
1.960060000000000014e-03 -2.089010000000000086e-03
1.637659999999999984e-03 -1.457299999999999915e-03
8.330009999999999889e-04 -3.857460000000000164e-04
-2.208710000000000068e-04 7.392769999999999897e-04
-1.207490000000000082e-03 1.598030000000000067e-03
-1.834270000000000041e-03 1.984919999999999827e-03
-1.920080000000000007e-03 1.816640000000000008e-03
-1.440670000000000015e-03 1.143450000000000065e-03
-5.381309999999999609e-04 1.682210000000000010e-04
5.120289999999999998e-04 -8.155670000000000064e-04
1.385960000000000100e-03 -1.533260000000000048e-03
1.821429999999999967e-03 -1.783349999999999953e-03
1.701449999999999968e-03 -1.512069999999999907e-03
1.082980000000000097e-03 -8.480049999999999828e-04
1.699480000000000066e-04 1.485919999999999997e-05
-7.564320000000000245e-04 8.716589999999999972e-04
-1.423369999999999974e-03 1.460930000000000041e-03
-1.643619999999999933e-03 1.577360000000000090e-03
-1.370410000000000074e-03 1.230680000000000055e-03
-7.104120000000000009e-04 5.826199999999999478e-04
1.188219999999999950e-04 -1.778930000000000127e-04
8.655050000000000287e-04 -8.581720000000000364e-04
1.318560000000000088e-03 -1.279680000000000054e-03
1.363709999999999966e-03 -1.328350000000000060e-03
1.013149999999999988e-03 -9.977510000000000632e-04
3.968139999999999992e-04 -3.985680000000000234e-04
-2.868600000000000013e-04 2.785040000000000020e-04
-8.387899999999999566e-04 8.316359999999999638e-04
-1.115850000000000045e-03 1.112399999999999934e-03
-1.061649999999999920e-03 1.062940000000000065e-03
-7.131919999999999709e-04 7.187660000000000229e-04
-1.864199999999999939e-04 1.916639999999999999e-04
3.583500000000000097e-04 -3.594100000000000029e-04
7.649720000000000478e-04 -7.737319999999999571e-04
9.277750000000000406e-04 -9.388690000000000533e-04
8.185430000000000266e-04 -8.235480000000000101e-04
4.872060000000000106e-04 -4.817949999999999772e-04
4.110870000000000165e-05 -2.978090000000000145e-05
-3.877989999999999779e-04 3.945800000000000067e-04
-6.796260000000000148e-04 6.745020000000000009e-04
-7.593769999999999904e-04 7.451960000000000528e-04
-6.171269999999999751e-04 6.047389999999999710e-04
-3.082709999999999899e-04 3.066990000000000124e-04
6.684460000000000033e-05 -5.917740000000000028e-05
3.962319999999999970e-04 -3.894969999999999878e-04
5.900649999999999689e-04 -5.910629999999999617e-04
6.041290000000000158e-04 -6.098429999999999953e-04
4.477899999999999936e-04 -4.511370000000000007e-04
1.767379999999999873e-04 -1.748859999999999922e-04
-1.257169999999999891e-04 1.295919999999999885e-04
-3.729800000000000238e-04 3.744330000000000249e-04
-4.989270000000000293e-04 4.970359999999999622e-04
-4.753529999999999735e-04 4.728280000000000070e-04
-3.184400000000000208e-04 3.180349999999999865e-04
-8.188960000000000282e-05 8.355949999999999847e-05
1.612729999999999990e-04 -1.597310000000000060e-04
3.416709999999999886e-04 -3.418499999999999881e-04
4.132030000000000078e-04 -4.145350000000000011e-04
3.637490000000000168e-04 -3.645710000000000031e-04
2.155179999999999921e-04 -2.150769999999999874e-04
1.653599999999999889e-05 -1.558599999999999951e-05
-1.739789999999999956e-04 1.743170000000000049e-04
-3.026880000000000130e-04 3.022020000000000045e-04
-3.370730000000000167e-04 3.364670000000000161e-04
-2.737020000000000165e-04 2.736390000000000003e-04
-1.373350000000000124e-04 1.377510000000000030e-04
2.830299999999999990e-05 -2.795590000000000114e-05
1.744690000000000130e-04 -1.745349999999999951e-04
2.614569999999999872e-04 -2.617699999999999823e-04
2.689190000000000048e-04 -2.690960000000000270e-04
2.001159999999999929e-04 -2.000039999999999913e-04
7.949209999999999740e-05 -7.927560000000000379e-05
-5.546489999999999813e-05 5.553679999999999994e-05
-1.656279999999999938e-04 1.655129999999999991e-04
-2.214940000000000040e-04 2.213559999999999996e-04
-2.109839999999999979e-04 2.109710000000000101e-04
-1.416579999999999912e-04 1.417559999999999892e-04
-3.714869999999999891e-05 3.722899999999999880e-05
7.067579999999999848e-05 -7.069330000000000297e-05
1.512300000000000005e-04 -1.513040000000000001e-04
1.836750000000000058e-04 -1.837160000000000008e-04
1.621109999999999934e-04 -1.620830000000000133e-04
9.625960000000000245e-05 -9.620850000000000560e-05
7.706390000000000598e-06 -7.691119999999999641e-06
-7.699320000000000003e-05 7.696500000000000596e-05
