-1.178809999999999986e-08 9.976410000000000592e-07
-8.565309999999999821e-08 4.188750000000000341e-06
-3.153219999999999962e-07 9.223080000000000132e-06
-8.420110000000000347e-07 1.858280000000000104e-05
-1.966379999999999798e-06 4.126620000000000142e-05
-4.398340000000000142e-06 9.128659999999999433e-05
-9.468590000000000429e-06 1.791060000000000026e-04
-1.895070000000000137e-05 2.974830000000000248e-04
-3.431370000000000318e-05 4.207969999999999896e-04
-5.559890000000000058e-05 5.056779999999999652e-04
-8.030550000000000557e-05 4.956729999999999687e-04
-1.029610000000000057e-04 3.512189999999999995e-04
-1.161219999999999971e-04 7.394169999999999714e-05
-1.127599999999999978e-04 -2.958570000000000102e-04
-8.897829999999999477e-05 -6.984139999999999576e-04
-4.560649999999999779e-05 -1.075369999999999972e-03
1.220439999999999957e-05 -1.383869999999999935e-03
7.730570000000000085e-05 -1.600660000000000060e-03
1.436590000000000013e-04 -1.710879999999999910e-03
2.085070000000000011e-04 -1.687050000000000051e-03
2.723509999999999950e-04 -1.492089999999999953e-03
3.370029999999999987e-04 -1.111690000000000031e-03
4.030260000000000136e-04 -5.676880000000000034e-04
4.676479999999999786e-04 9.203189999999999548e-05
5.238390000000000104e-04 7.947009999999999795e-04
5.609929999999999735e-04 1.443700000000000018e-03
5.670259999999999884e-04 1.944170000000000056e-03
5.309340000000000500e-04 2.233759999999999999e-03
4.447459999999999868e-04 2.297909999999999796e-03
3.044599999999999954e-04 2.169749999999999804e-03
1.103140000000000012e-04 1.904869999999999914e-03
-1.325610000000000070e-04 1.537240000000000047e-03
-4.125439999999999858e-04 1.074269999999999999e-03
-7.099250000000000308e-04 5.254539999999999602e-04
-9.967470000000000843e-04 -9.794310000000000082e-05
-1.238900000000000027e-03 -7.761410000000000487e-04
-1.400750000000000085e-03 -1.455970000000000007e-03
-1.451889999999999951e-03 -2.052439999999999994e-03
-1.374009999999999945e-03 -2.474039999999999833e-03
-1.165840000000000019e-03 -2.649809999999999839e-03
-8.440229999999999521e-04 -2.553140000000000184e-03
-4.397189999999999823e-04 -2.205350000000000019e-03
7.828789999999999629e-06 -1.663549999999999968e-03
4.586190000000000080e-04 -1.009249999999999948e-03
8.777620000000000301e-04 -3.208519999999999970e-04
1.238299999999999904e-03 3.429190000000000146e-04
1.520939999999999922e-03 9.317569999999999629e-04
1.712259999999999954e-03 1.396279999999999960e-03
1.802750000000000099e-03 1.698709999999999977e-03
1.785850000000000068e-03 1.832309999999999972e-03
1.658149999999999945e-03 1.817159999999999956e-03
1.420950000000000034e-03 1.674209999999999978e-03
1.082999999999999978e-03 1.409289999999999892e-03
6.634909999999999940e-04 1.011320000000000014e-03
1.932690000000000091e-04 4.829179999999999866e-04
-2.872010000000000036e-04 -1.386199999999999976e-04
-7.330750000000000243e-04 -8.190749999999999463e-04
-1.101750000000000082e-03 -1.529149999999999954e-03
-1.359509999999999972e-03 -2.202819999999999865e-03
-1.487059999999999901e-03 -2.744089999999999811e-03
-1.482790000000000106e-03 -3.037259999999999960e-03
-1.362560000000000073e-03 -2.972119999999999970e-03
-1.155570000000000078e-03 -2.511390000000000063e-03
-8.966160000000000362e-04 -1.706980000000000086e-03
-6.172719999999999813e-04 -6.686310000000000430e-04
-3.396049999999999850e-04 4.800040000000000209e-04
-7.496029999999999447e-05 1.629989999999999998e-03
1.722940000000000008e-04 2.680010000000000031e-03
3.984440000000000225e-04 3.535069999999999966e-03
5.946260000000000087e-04 4.117090000000000333e-03
7.440990000000000191e-04 4.369689999999999859e-03
8.239919999999999536e-04 4.255199999999999781e-03
8.113919999999999726e-04 3.750890000000000214e-03
6.919530000000000342e-04 2.852149999999999911e-03
4.681260000000000239e-04 1.576479999999999895e-03
1.639119999999999987e-04 -1.837910000000000162e-05
-1.764009999999999938e-04 -1.796089999999999970e-03
-4.962599999999999954e-04 -3.539839999999999827e-03
-7.393630000000000427e-04 -5.003119999999999790e-03
-8.623850000000000179e-04 -5.957099999999999895e-03
-8.438939999999999809e-04 -6.233749999999999708e-03
-6.869699999999999635e-04 -5.765840000000000375e-03
-4.152720000000000044e-04 -4.610409999999999682e-03
-6.502630000000000454e-05 -2.899590000000000067e-03
3.230400000000000242e-04 -8.109849999999999611e-04
7.095709999999999865e-04 1.395610000000000036e-03
1.059590000000000011e-03 3.441570000000000133e-03
1.342419999999999985e-03 5.079049999999999884e-03
1.529860000000000074e-03 6.109579999999999872e-03
1.594810000000000108e-03 6.420659999999999909e-03
1.512359999999999920e-03 5.983529999999999925e-03
1.264640000000000035e-03 4.830379999999999570e-03
8.489009999999999959e-04 3.048700000000000108e-03
2.862599999999999867e-04 7.666889999999999773e-04
-3.726900000000000113e-04 -1.818230000000000107e-03
-1.050300000000000105e-03 -4.359479999999999779e-03
-1.654120000000000026e-03 -6.433549999999999686e-03
-2.095370000000000045e-03 -7.654079999999999738e-03
-2.307459999999999893e-03 -7.755760000000000431e-03
-2.258679999999999889e-03 -6.671510000000000287e-03
-1.956429999999999888e-03 -4.512630000000000113e-03
-1.443320000000000106e-03 -1.559140000000000092e-03
-7.871510000000000399e-04 1.745079999999999982e-03
-6.831820000000000601e-05 4.917499999999999996e-03
6.308009999999999529e-04 7.534869999999999936e-03
1.233130000000000033e-03 9.226969999999999270e-03
1.672169999999999950e-03 9.723310000000000633e-03
1.897089999999999931e-03 8.868720000000000075e-03
1.878759999999999935e-03 6.661839999999999602e-03
1.615440000000000105e-03 3.330379999999999972e-03
1.136410000000000024e-03 -7.341819999999999987e-04
5.020649999999999983e-04 -4.976679999999999819e-03
-2.017789999999999937e-04 -8.709309999999999621e-03
-8.753710000000000050e-04 -1.127290000000000063e-02
-1.419249999999999939e-03 -1.218969999999999949e-02
-1.747580000000000097e-03 -1.129110000000000009e-02
-1.798689999999999924e-03 -8.717090000000000255e-03
-1.543569999999999968e-03 -4.828340000000000409e-03
-9.930349999999999681e-04 -1.627669999999999952e-04
-2.017710000000000033e-04 4.597419999999999632e-03
7.332099999999999815e-04 8.742490000000000330e-03
1.681049999999999905e-03 1.164330000000000052e-02
2.493140000000000026e-03 1.280929999999999916e-02
3.026239999999999920e-03 1.194360000000000040e-02
3.169229999999999877e-03 9.020000000000000240e-03
2.866689999999999863e-03 4.385380000000000354e-03
2.132300000000000167e-03 -1.237550000000000022e-03
1.048529999999999992e-03 -6.882880000000000074e-03
-2.461039999999999734e-04 -1.153299999999999985e-02
-1.578119999999999913e-03 -1.430999999999999980e-02
-2.763849999999999987e-03 -1.465879999999999961e-02
-3.633560000000000088e-03 -1.247580000000000043e-02
-4.052789999999999691e-03 -8.090240000000000278e-03
-3.940869999999999963e-03 -2.174769999999999915e-03
-3.285779999999999864e-03 4.327039999999999879e-03
-2.152520000000000214e-03 1.034569999999999934e-02
-6.821320000000000074e-04 1.486550000000000024e-02
9.214940000000000240e-04 1.704750000000000015e-02
2.418210000000000064e-03 1.636680000000000079e-02
3.568659999999999975e-03 1.276949999999999960e-02
4.174490000000000318e-03 6.779799999999999889e-03
4.113130000000000432e-03 -5.627689999999999646e-04
3.361960000000000209e-03 -7.949529999999999791e-03
2.008760000000000059e-03 -1.405759999999999996e-02
2.460830000000000222e-04 -1.775310000000000082e-02
-1.652169999999999897e-03 -1.829010000000000011e-02
-3.369889999999999951e-03 -1.551010000000000062e-02
-4.597949999999999954e-03 -9.897629999999999276e-03
-5.086600000000000149e-03 -2.456850000000000006e-03
-4.693750000000000006e-03 5.477260000000000288e-03
-3.420180000000000095e-03 1.246369999999999943e-02
-1.422319999999999921e-03 1.716080000000000036e-02
1.003320000000000036e-03 1.858730000000000104e-02
3.463159999999999850e-03 1.638370000000000104e-02
5.529840000000000276e-03 1.092070000000000020e-02
6.815090000000000210e-03 3.252189999999999855e-03
7.040470000000000061e-03 -5.106349999999999952e-03
6.094119999999999746e-03 -1.249620000000000071e-02
4.062790000000000151e-03 -1.742849999999999955e-02
1.231450000000000036e-03 -1.891850000000000129e-02
-1.952119999999999897e-03 -1.672150000000000025e-02
-4.945330000000000385e-03 -1.129950000000000052e-02
-7.204160000000000251e-03 -3.691799999999999856e-03
-8.286480000000000581e-03 4.631510000000000141e-03
-7.943399999999999767e-03 1.199390000000000005e-02
-6.178249999999999714e-03 1.687630000000000033e-02
-3.260159999999999794e-03 1.831040000000000098e-02
3.121789999999999938e-04 1.605909999999999976e-02
3.893279999999999831e-03 1.064629999999999917e-02
6.807500000000000183e-03 3.232950000000000060e-03
8.478579999999999450e-03 -4.608639999999999785e-03
8.545890000000000430e-03 -1.117340000000000000e-02
6.943490000000000079e-03 -1.507149999999999983e-02
3.926250000000000052e-03 -1.558260000000000027e-02
3.510499999999999678e-05 -1.273310000000000067e-02
-3.996409999999999720e-03 -7.275799999999999802e-03
-7.378860000000000106e-03 -5.627279999999999695e-04
-9.421260000000000745e-03 5.833289999999999656e-03
-9.674050000000000010e-03 1.052649999999999940e-02
-8.030449999999999741e-03 1.256069999999999930e-02
-4.761330000000000250e-03 1.162419999999999946e-02
-4.728290000000000227e-04 8.101560000000000705e-03
4.008249999999999660e-03 2.927139999999999950e-03
7.799269999999999640e-03 -2.586440000000000180e-03
1.014199999999999997e-02 -7.068579999999999655e-03
1.056119999999999975e-02 -9.542319999999999969e-03
8.969130000000000505e-03 -9.631169999999999662e-03
5.690009999999999686e-03 -7.565910000000000343e-03
1.396209999999999942e-03 -4.082269999999999822e-03
-3.032379999999999885e-03 -2.222079999999999975e-04
-6.694959999999999800e-03 2.925179999999999881e-03
-8.862359999999999682e-03 4.630630000000000163e-03
-9.133630000000000221e-03 4.693250000000000373e-03
-7.519890000000000428e-03 3.375790000000000041e-03
-4.434040000000000203e-03 1.293179999999999894e-03
-5.889839999999999702e-04 -7.850850000000000363e-04
3.170360000000000105e-03 -2.182470000000000156e-03
6.060560000000000426e-03 -2.544279999999999892e-03
7.531350000000000024e-03 -1.846999999999999901e-03
7.374300000000000299e-03 -4.179599999999999895e-04
5.746399999999999599e-03 1.125780000000000053e-03
3.107490000000000079e-03 2.193189999999999810e-03
9.012470000000000127e-05 2.432679999999999999e-03
-2.661090000000000070e-03 1.797409999999999937e-03
-4.636430000000000412e-03 4.791579999999999819e-04
-5.557819999999999774e-03 -1.089029999999999946e-03
-5.408180000000000279e-03 -2.300190000000000134e-03
-4.393560000000000347e-03 -2.735889999999999937e-03
-2.854380000000000112e-03 -2.297550000000000200e-03
-1.157480000000000011e-03 -1.152180000000000044e-03
3.964090000000000192e-04 3.090200000000000195e-04
1.625039999999999905e-03 1.611339999999999951e-03
2.468389999999999994e-03 2.361279999999999889e-03
2.951849999999999787e-03 2.393140000000000198e-03
3.130430000000000018e-03 1.798579999999999927e-03
3.040419999999999841e-03 8.422209999999999853e-04
2.679299999999999911e-03 -1.333639999999999923e-04
2.020849999999999817e-03 -8.527159999999999991e-04
1.057339999999999929e-03 -1.229559999999999985e-03
-1.527850000000000085e-04 -1.305530000000000058e-03
-1.457739999999999904e-03 -1.166560000000000080e-03
-2.623059999999999975e-03 -9.558449999999999802e-04
-3.381460000000000195e-03 -8.076729999999999630e-04
-3.508929999999999948e-03 -7.298299999999999970e-04
-2.902860000000000162e-03 -6.345870000000000417e-04
-1.633179999999999918e-03 -4.356890000000000090e-04
5.537450000000000320e-05 -9.474069999999999909e-05
1.794790000000000101e-03 3.505459999999999739e-04
3.185930000000000012e-03 7.881049999999999904e-04
3.903980000000000037e-03 1.078629999999999910e-03
3.785160000000000087e-03 1.117289999999999950e-03
2.868219999999999884e-03 8.812170000000000029e-04
1.379470000000000045e-03 4.444939999999999764e-04
-3.325809999999999791e-04 -4.885199999999999916e-05
-1.891330000000000094e-03 -4.403780000000000043e-04
-2.986139999999999975e-03 -6.198179999999999532e-04
-3.439980000000000034e-03 -5.635049999999999521e-04
-3.234649999999999938e-03 -3.318929999999999884e-04
-2.492439999999999847e-03 -3.606850000000000203e-05
-1.425679999999999916e-03 2.099319999999999951e-04
-2.734659999999999869e-04 3.328110000000000226e-04
7.548379999999999717e-04 3.216429999999999832e-04
1.515539999999999899e-03 2.206320000000000113e-04
1.941470000000000045e-03 1.012840000000000013e-04
2.031879999999999797e-03 2.991149999999999983e-05
1.831050000000000082e-03 4.328710000000000099e-05
1.406099999999999971e-03 1.372930000000000016e-04
8.316579999999999849e-04 2.687359999999999966e-04
1.838090000000000015e-04 3.681189999999999766e-04
-4.594380000000000013e-04 3.642839999999999837e-04
-1.016830000000000034e-03 2.159829999999999953e-04
-1.407459999999999918e-03 -6.806130000000000513e-05
-1.561749999999999987e-03 -4.293950000000000045e-04
-1.438040000000000021e-03 -7.770570000000000515e-04
-1.039009999999999934e-03 -1.015850000000000000e-03
-4.208689999999999849e-04 -1.075860000000000097e-03
3.102089999999999839e-04 -9.334649999999999675e-04
1.016060000000000053e-03 -6.176130000000000378e-04
1.555549999999999945e-03 -2.001500000000000132e-04
1.817129999999999917e-03 2.256460000000000009e-04
1.745980000000000058e-03 5.708930000000000515e-04
1.357670000000000057e-03 7.731969999999999902e-04
7.344219999999999828e-04 8.089850000000000209e-04
5.007629999999999691e-06 6.938110000000000154e-04
-6.860679999999999643e-04 4.723859999999999865e-04
-1.211540000000000099e-03 2.029819999999999888e-04
-1.487969999999999918e-03 -5.821589999999999941e-05
-1.489630000000000034e-03 -2.682990000000000006e-04
-1.247650000000000104e-03 -4.022429999999999907e-04
-8.362130000000000387e-04 -4.515429999999999965e-04
-3.511380000000000252e-04 -4.194070000000000046e-04
1.128560000000000050e-04 -3.156729999999999844e-04
4.804039999999999764e-04 -1.538389999999999886e-04
7.059329999999999512e-04 4.908299999999999745e-05
7.756170000000000382e-04 2.709289999999999940e-04
7.026419999999999584e-04 4.830699999999999946e-04
5.188700000000000517e-04 6.515670000000000316e-04
2.660119999999999867e-04 7.418420000000000439e-04
-1.158730000000000000e-05 7.262990000000000201e-04
-2.718730000000000040e-04 5.927639999999999645e-04
-4.782130000000000105e-04 3.508410000000000109e-04
-6.018150000000000105e-04 3.351810000000000016e-05
-6.242729999999999503e-04 -3.072850000000000234e-04
-5.403180000000000266e-04 -6.107210000000000503e-04
-3.600249999999999826e-04 -8.202100000000000363e-04
-1.092179999999999968e-04 -8.964049999999999666e-04
1.730350000000000128e-04 -8.264159999999999562e-04
4.402140000000000241e-04 -6.268180000000000149e-04
6.466710000000000296e-04 -3.397049999999999874e-04
7.567420000000000266e-04 -2.294440000000000008e-05
