-4.083369999999999724e-08 6.571359999999999625e-07
-2.290320000000000090e-07 2.094230000000000191e-06
-6.107000000000000356e-07 3.003420000000000036e-06
-1.215240000000000074e-06 5.193359999999999859e-06
-2.486839999999999893e-06 1.369340000000000005e-05
-5.464229999999999690e-06 3.132720000000000052e-05
-1.115049999999999937e-05 5.344220000000000139e-05
-1.928740000000000104e-05 6.722750000000000644e-05
-2.758139999999999989e-05 6.446290000000000245e-05
-3.194010000000000273e-05 4.280989999999999817e-05
-2.726540000000000156e-05 2.101240000000000093e-07
-9.748469999999999518e-06 -5.377129999999999795e-05
1.936209999999999882e-05 -1.000990000000000050e-04
5.253539999999999848e-05 -1.292669999999999941e-04
7.958619999999999367e-05 -1.474280000000000122e-04
9.283350000000000488e-05 -1.632639999999999873e-04
8.999209999999999512e-05 -1.758770000000000103e-04
7.444530000000000364e-05 -1.770370000000000060e-04
5.321660000000000138e-05 -1.569599999999999880e-04
3.236379999999999666e-05 -1.058150000000000025e-04
1.277379999999999957e-05 -2.665409999999999947e-05
-8.598160000000000701e-06 5.392949999999999925e-05
-3.347129999999999919e-05 1.130299999999999935e-04
-5.977669999999999978e-05 1.565729999999999932e-04
-8.316340000000000407e-05 1.967419999999999944e-04
-9.866300000000000048e-05 2.257629999999999999e-04
-1.024869999999999964e-04 2.314999999999999892e-04
-9.480990000000000175e-05 2.181170000000000125e-04
-8.007820000000000183e-05 2.007210000000000049e-04
-6.366789999999999396e-05 1.898559999999999929e-04
-4.902199999999999922e-05 1.769910000000000135e-04
-3.683949999999999855e-05 1.323990000000000041e-04
-2.461119999999999909e-05 4.294440000000000171e-05
-7.114639999999999868e-06 -6.395880000000000163e-05
2.166370000000000063e-05 -1.642340000000000000e-04
6.520869999999999791e-05 -2.575139999999999743e-04
1.191819999999999983e-04 -3.392229999999999876e-04
1.692590000000000002e-04 -3.928250000000000209e-04
1.981399999999999969e-04 -4.049160000000000107e-04
1.960669999999999915e-04 -3.737219999999999973e-04
1.641430000000000037e-04 -3.091869999999999927e-04
1.100690000000000061e-04 -2.221930000000000053e-04
4.402809999999999948e-05 -1.186270000000000011e-04
-2.189159999999999891e-05 -8.546849999999999324e-06
-7.528099999999999972e-05 9.955670000000000177e-05
-1.087270000000000044e-04 1.988699999999999984e-04
-1.230220000000000022e-04 2.733309999999999755e-04
-1.239509999999999928e-04 3.080760000000000096e-04
-1.173259999999999944e-04 3.098779999999999764e-04
-1.077159999999999966e-04 3.065179999999999814e-04
-9.917649999999999480e-05 3.132690000000000257e-04
-9.412649999999999403e-05 3.106779999999999958e-04
-9.122220000000000220e-05 2.680560000000000234e-04
-8.469569999999999616e-05 1.742070000000000077e-04
-6.601419999999999554e-05 5.479210000000000010e-05
-2.817190000000000042e-05 -5.550640000000000104e-05
3.016990000000000061e-05 -1.699190000000000108e-04
1.029429999999999934e-04 -3.130559999999999788e-04
1.762219999999999943e-04 -4.520349999999999911e-04
2.320389999999999920e-04 -5.306630000000000114e-04
2.562509999999999831e-04 -5.151160000000000331e-04
2.415639999999999931e-04 -4.116670000000000008e-04
1.859719999999999874e-04 -2.733109999999999858e-04
9.525439999999999385e-05 -1.445180000000000011e-04
-1.252099999999999921e-05 -2.177690000000000151e-05
-1.103280000000000048e-04 1.206380000000000061e-04
-1.752230000000000129e-04 2.810329999999999773e-04
-2.005219999999999887e-04 4.121099999999999828e-04
-1.961909999999999924e-04 4.700300000000000246e-04
-1.781870000000000068e-04 4.607009999999999925e-04
-1.566650000000000052e-04 4.219159999999999903e-04
-1.325379999999999972e-04 3.748140000000000065e-04
-1.032570000000000043e-04 3.055709999999999785e-04
-6.900019999999999710e-05 1.905289999999999913e-04
-3.068510000000000204e-05 2.277470000000000067e-05
1.633260000000000012e-05 -1.761040000000000066e-04
8.008529999999999707e-05 -3.568609999999999838e-04
1.596819999999999934e-04 -4.786190000000000062e-04
2.378369999999999931e-04 -5.417539999999999769e-04
2.880889999999999992e-04 -5.583819999999999539e-04
2.895309999999999898e-04 -5.213789999999999831e-04
2.374280000000000043e-04 -4.170879999999999748e-04
1.443559999999999982e-04 -2.546429999999999809e-04
3.122320000000000287e-05 -4.183450000000000070e-05
-8.446279999999999370e-05 2.047560000000000027e-04
-1.893099999999999883e-04 4.137510000000000168e-04
-2.679889999999999985e-04 5.404309999999999626e-04
-3.058329999999999838e-04 5.924689999999999818e-04
-2.965910000000000204e-04 5.848270000000000031e-04
-2.453879999999999755e-04 5.273660000000000327e-04
-1.665249999999999955e-04 4.154259999999999897e-04
-7.751349999999999571e-05 2.371340000000000101e-04
8.970340000000000583e-06 1.666670000000000087e-06
9.050339999999999817e-05 -2.665330000000000043e-04
1.718470000000000099e-04 -5.205389999999999844e-04
2.514330000000000167e-04 -6.674040000000000224e-04
3.118090000000000228e-04 -6.712670000000000225e-04
3.284939999999999757e-04 -5.798549999999999972e-04
2.860369999999999992e-04 -4.442059999999999954e-04
1.864260000000000071e-04 -2.819499999999999958e-04
4.844780000000000055e-05 -6.453480000000000425e-05
-9.885709999999999918e-05 2.066020000000000118e-04
-2.249250000000000056e-04 4.494739999999999998e-04
-3.082930000000000110e-04 6.086909999999999630e-04
-3.438299999999999928e-04 6.925720000000000227e-04
-3.351420000000000245e-04 6.880970000000000359e-04
-2.825510000000000261e-04 5.750549999999999889e-04
-1.858519999999999953e-04 3.419140000000000200e-04
-5.415630000000000189e-05 1.614750000000000083e-05
9.301219999999999692e-05 -3.103289999999999760e-04
2.347550000000000114e-04 -5.877439999999999618e-04
3.536470000000000108e-04 -7.789980000000000385e-04
4.277099999999999826e-04 -8.258140000000000185e-04
4.293769999999999922e-04 -7.183159999999999849e-04
3.438539999999999913e-04 -5.026730000000000304e-04
1.860219999999999886e-04 -2.524289999999999781e-04
-4.751770000000000416e-06 2.847289999999999974e-06
-1.854950000000000121e-04 2.887690000000000265e-04
-3.245640000000000048e-04 5.876930000000000261e-04
-4.031060000000000264e-04 7.993380000000000233e-04
-4.149210000000000073e-04 8.500479999999999495e-04
-3.676269999999999820e-04 7.479099999999999594e-04
-2.743320000000000155e-04 5.265800000000000168e-04
-1.417760000000000060e-04 2.020170000000000006e-04
2.618370000000000140e-05 -2.010290000000000026e-04
2.120690000000000053e-04 -5.902970000000000439e-04
3.791940000000000154e-04 -8.474599999999999668e-04
4.868609999999999995e-04 -9.196900000000000257e-04
5.073639999999999487e-04 -8.287960000000000249e-04
4.291680000000000082e-04 -6.117699999999999787e-04
2.572750000000000059e-04 -3.003169999999999776e-04
2.146649999999999852e-05 5.809920000000000102e-05
-2.236200000000000037e-04 4.225950000000000019e-04
-4.204429999999999995e-04 7.549310000000000265e-04
-5.322010000000000499e-04 9.728579999999999476e-04
-5.464159999999999807e-04 9.990179999999999547e-04
-4.667189999999999880e-04 8.239179999999999811e-04
-3.061040000000000223e-04 4.724570000000000202e-04
-8.378820000000000527e-05 -1.013229999999999953e-05
1.721120000000000083e-04 -5.262710000000000304e-04
4.180400000000000023e-04 -9.255170000000000497e-04
5.974879999999999688e-04 -1.095019999999999934e-03
6.603979999999999746e-04 -1.045759999999999962e-03
5.846999999999999550e-04 -8.416909999999999887e-04
3.814210000000000061e-04 -4.956929999999999583e-04
8.841149999999999877e-05 -5.054970000000000325e-06
-2.340470000000000040e-04 5.341630000000000423e-04
-5.124049999999999569e-04 9.571760000000000121e-04
-6.833520000000000262e-04 1.161549999999999909e-03
-7.143250000000000294e-04 1.135410000000000108e-03
-6.024850000000000431e-04 9.039919999999999466e-04
-3.643850000000000019e-04 4.698710000000000148e-04
-3.687679999999999902e-05 -1.259959999999999910e-04
3.161220000000000067e-04 -7.345099999999999589e-04
6.140159999999999976e-04 -1.169520000000000065e-03
7.863920000000000155e-04 -1.307210000000000056e-03
7.916439999999999848e-04 -1.140409999999999905e-03
6.198560000000000094e-04 -7.425059999999999820e-04
2.943350000000000068e-04 -1.882470000000000020e-04
-1.212910000000000014e-04 4.218730000000000179e-04
-5.251049999999999945e-04 9.352330000000000495e-04
-8.078560000000000255e-04 1.250299999999999979e-03
-8.989300000000000415e-04 1.331350000000000025e-03
-7.858919999999999491e-04 1.137350000000000080e-03
-4.991079999999999519e-04 6.322180000000000378e-04
-9.479810000000000298e-05 -9.811150000000000415e-05
3.457220000000000215e-04 -8.124680000000000010e-04
7.231050000000000368e-04 -1.294580000000000036e-03
9.461549999999999561e-04 -1.458179999999999893e-03
9.567300000000000370e-04 -1.317409999999999979e-03
7.411639999999999938e-04 -9.029109999999999480e-04
3.355380000000000255e-04 -2.298909999999999983e-04
-1.717490000000000119e-04 5.610749999999999635e-04
-6.533399999999999755e-04 1.209950000000000001e-03
-9.838049999999999226e-04 1.537849999999999894e-03
-1.081860000000000026e-03 1.488979999999999991e-03
-9.197030000000000136e-04 1.059180000000000061e-03
-5.184439999999999578e-04 3.492780000000000125e-04
4.059890000000000189e-05 -4.389080000000000065e-04
6.165160000000000041e-04 -1.131510000000000068e-03
1.050200000000000048e-03 -1.575629999999999956e-03
1.220369999999999918e-03 -1.643179999999999944e-03
1.079440000000000087e-03 -1.300909999999999957e-03
6.594390000000000538e-04 -5.867700000000000216e-04
5.704079999999999773e-05 3.539780000000000183e-04
-5.844589999999999551e-04 1.208239999999999965e-03
-1.098610000000000081e-03 1.688660000000000031e-03
-1.338430000000000045e-03 1.694949999999999972e-03
-1.222929999999999894e-03 1.273080000000000002e-03
-7.632469999999999923e-04 5.186049999999999991e-04
-6.464020000000000497e-05 -4.441539999999999898e-04
6.889189999999999680e-04 -1.334440000000000105e-03
1.277719999999999984e-03 -1.842129999999999983e-03
1.521699999999999962e-03 -1.831020000000000043e-03
1.345089999999999958e-03 -1.330980000000000054e-03
7.897660000000000140e-04 -4.742449999999999834e-04
-4.441369999999999966e-06 5.265120000000000303e-04
-8.249540000000000302e-04 1.386770000000000060e-03
-1.433470000000000057e-03 1.889049999999999974e-03
-1.642900000000000089e-03 1.882760000000000032e-03
-1.381649999999999892e-03 1.296400000000000070e-03
-7.154970000000000514e-04 3.059289999999999774e-04
1.694420000000000084e-04 -7.426239999999999968e-04
1.019560000000000084e-03 -1.540609999999999983e-03
1.590140000000000086e-03 -1.939399999999999978e-03
1.713899999999999972e-03 -1.838259999999999981e-03
1.341680000000000043e-03 -1.167630000000000013e-03
5.667530000000000267e-04 -1.383160000000000086e-04
-3.819040000000000217e-04 8.747110000000000215e-04
-1.213270000000000017e-03 1.584689999999999927e-03
-1.680290000000000082e-03 1.825779999999999938e-03
-1.650360000000000021e-03 1.552830000000000052e-03
-1.131580000000000086e-03 8.466510000000000225e-04
-2.756789999999999740e-04 -7.806710000000000342e-05
6.537889999999999978e-04 -9.422099999999999660e-04
1.365609999999999958e-03 -1.505720000000000105e-03
1.644669999999999986e-03 -1.609500000000000037e-03
1.420019999999999919e-03 -1.239950000000000080e-03
7.780320000000000074e-04 -5.536049999999999825e-04
-7.219380000000000664e-05 2.489169999999999751e-04
-8.688129999999999638e-04 9.795220000000000315e-04
-1.376290000000000065e-03 1.412330000000000052e-03
-1.451529999999999921e-03 1.387379999999999907e-03
-1.088369999999999962e-03 9.550360000000000359e-04
-4.200070000000000192e-04 2.993860000000000098e-04
3.341500000000000178e-04 -3.903430000000000268e-04
9.467500000000000004e-04 -9.410619999999999966e-04
1.246839999999999928e-03 -1.210319999999999972e-03
1.162389999999999908e-03 -1.128099999999999936e-03
7.404529999999999662e-04 -7.255890000000000083e-04
1.304319999999999872e-04 -1.325239999999999936e-04
-4.718330000000000072e-04 4.639450000000000041e-04
-8.920679999999999842e-04 8.858289999999999784e-04
-1.025800000000000106e-03 1.022569999999999989e-03
-8.570259999999999901e-04 8.577390000000000491e-04
-4.540270000000000221e-04 4.591430000000000186e-04
5.299939999999999946e-05 -4.768570000000000323e-05
5.107179999999999576e-04 -5.115379999999999667e-04
7.892920000000000318e-04 -7.978469999999999659e-04
8.205859999999999934e-04 -8.313459999999999513e-04
6.138159999999999927e-04 -6.184540000000000523e-04
2.456590000000000141e-04 -2.402940000000000002e-04
-1.676310000000000083e-04 1.783870000000000117e-04
-5.052389999999999919e-04 5.114749999999999505e-04
-6.750280000000000429e-04 6.700159999999999493e-04
-6.379699999999999651e-04 6.245410000000000501e-04
-4.174890000000000003e-04 4.058490000000000101e-04
-9.000489999999999608e-05 8.857880000000000647e-05
2.410160000000000113e-04 -2.338019999999999953e-04
4.784580000000000191e-04 -4.722160000000000203e-04
5.603099999999999531e-04 -5.613299999999999670e-04
4.747779999999999730e-04 -4.801119999999999867e-04
2.590839999999999745e-04 -2.621389999999999918e-04
-1.546689999999999925e-05 1.723929999999999942e-05
-2.664100000000000192e-04 2.700189999999999774e-04
-4.238639999999999791e-04 4.251789999999999758e-04
-4.488909999999999819e-04 4.470809999999999975e-04
-3.426120000000000055e-04 3.402500000000000034e-04
-1.441369999999999923e-04 1.438140000000000024e-04
8.258490000000000275e-05 -8.097310000000000575e-05
2.693910000000000098e-04 -2.679730000000000176e-04
3.648810000000000052e-04 -3.651179999999999964e-04
3.483609999999999940e-04 -3.496290000000000097e-04
2.329739999999999958e-04 -2.336910000000000094e-04
5.885779999999999745e-05 -5.839399999999999691e-05
-1.201899999999999995e-04 1.210669999999999981e-04
-2.525329999999999893e-04 2.528019999999999963e-04
-3.030910000000000158e-04 3.026169999999999793e-04
-2.625869999999999984e-04 2.620440000000000139e-04
-1.488879999999999880e-04 1.488589999999999922e-04
-7.183150000000000367e-08 4.647979999999999775e-07
1.382549999999999968e-04 -1.379490000000000035e-04
2.269189999999999868e-04 -2.269980000000000110e-04
2.439970000000000019e-04 -2.442899999999999803e-04
1.896839999999999952e-04 -1.898360000000000032e-04
8.455039999999999605e-05 -8.443419999999999875e-05
-3.771300000000000298e-05 3.791370000000000260e-05
-1.407260000000000076e-04 1.407810000000000062e-04
-1.960440000000000088e-04 1.959289999999999871e-04
-1.909249999999999923e-04 1.908000000000000028e-04
-1.310310000000000131e-04 1.310290000000000087e-04
-3.751190000000000248e-05 3.760690000000000072e-05
6.026999999999999724e-05 -6.020110000000000202e-05
1.338400000000000061e-04 -1.338629999999999887e-04
1.637230000000000044e-04 -1.637929999999999952e-04
1.443620000000000114e-04 -1.443940000000000002e-04
8.473409999999999905e-05 -8.470399999999999403e-05
4.792759999999999832e-06 -4.746529999999999768e-06
-7.100489999999999504e-05 7.101510000000000385e-05
-1.210649999999999937e-04 1.210370000000000001e-04
