-4.316390000000000312e-08 6.466949999999999552e-07
-2.356239999999999928e-07 2.042939999999999790e-06
-6.081610000000000418e-07 2.892540000000000092e-06
-1.185269999999999919e-06 5.013949999999999657e-06
-2.441009999999999860e-06 1.331900000000000072e-05
-5.406959999999999813e-06 3.042010000000000035e-05
-1.096260000000000072e-05 5.162280000000000319e-05
-1.868000000000000072e-05 6.445839999999999936e-05
-2.625389999999999948e-05 6.124199999999999403e-05
-2.982919999999999894e-05 3.994529999999999853e-05
-2.465569999999999841e-05 -1.447850000000000038e-06
-7.308850000000000335e-06 -5.348890000000000214e-05
2.056719999999999851e-05 -9.754529999999999592e-05
5.140399999999999776e-05 -1.246150000000000122e-04
7.566930000000000411e-05 -1.409179999999999949e-04
8.663490000000000633e-05 -1.548329999999999997e-04
8.259059999999999492e-05 -1.655249999999999983e-04
6.701429999999999974e-05 -1.655000000000000113e-04
4.682509999999999998e-05 -1.459069999999999974e-04
2.781559999999999843e-05 -9.749140000000000648e-05
1.048369999999999925e-05 -2.318479999999999866e-05
-8.377729999999999831e-06 5.159680000000000039e-05
-3.044579999999999910e-05 1.058080000000000007e-04
-5.401340000000000026e-05 1.463869999999999928e-04
-7.551550000000000569e-05 1.849579999999999866e-04
-9.038849999999999695e-05 2.129660000000000071e-04
-9.464800000000000589e-05 2.185199999999999881e-04
-8.824790000000000596e-05 2.063169999999999967e-04
-7.545560000000000309e-05 1.911150000000000023e-04
-6.108879999999999692e-05 1.824130000000000033e-04
-4.787209999999999860e-05 1.709869999999999945e-04
-3.622409999999999763e-05 1.275969999999999915e-04
-2.390280000000000093e-05 4.042940000000000292e-05
-6.269710000000000150e-06 -6.259610000000000196e-05
2.209259999999999919e-05 -1.584520000000000069e-04
6.427219999999999765e-05 -2.478720000000000012e-04
1.156269999999999960e-04 -3.262040000000000230e-04
1.618009999999999913e-04 -3.764230000000000245e-04
1.864170000000000009e-04 -3.853600000000000103e-04
1.814329999999999958e-04 -3.522560000000000101e-04
1.491630000000000083e-04 -2.881860000000000086e-04
9.727900000000000154e-05 -2.045679999999999970e-04
3.537529999999999993e-05 -1.069720000000000051e-04
-2.487369999999999870e-05 -4.589130000000000225e-06
-7.168770000000000144e-05 9.504519999999999592e-05
-9.903870000000000436e-05 1.860499999999999958e-04
-1.092580000000000032e-04 2.537150000000000061e-04
-1.088089999999999945e-04 2.849589999999999936e-04
-1.033349999999999991e-04 2.874770000000000125e-04
-9.694049999999999792e-05 2.879119999999999770e-04
-9.287440000000000647e-05 2.991399999999999853e-04
-9.214210000000000672e-05 3.002479999999999754e-04
-9.195439999999999495e-05 2.608679999999999831e-04
-8.599599999999999454e-05 1.706429999999999991e-04
-6.628240000000000087e-05 5.505959999999999712e-05
-2.697999999999999918e-05 -5.237640000000000221e-05
3.206620000000000141e-05 -1.651289999999999974e-04
1.038760000000000063e-04 -3.057889999999999957e-04
1.738400000000000026e-04 -4.394180000000000134e-04
2.240649999999999901e-04 -5.107310000000000539e-04
2.419339999999999913e-04 -4.892419999999999755e-04
2.223760000000000135e-04 -3.841480000000000090e-04
1.651120000000000007e-04 -2.488750000000000185e-04
7.698109999999999383e-05 -1.261199999999999919e-04
-2.363899999999999847e-05 -1.098780000000000007e-05
-1.108879999999999995e-04 1.214950000000000014e-04
-1.645410000000000091e-04 2.686449999999999732e-04
-1.808930000000000043e-04 3.853649999999999806e-04
-1.717490000000000119e-04 4.331779999999999919e-04
-1.534829999999999940e-04 4.221350000000000232e-04
-1.357049999999999890e-04 3.893850000000000132e-04
-1.182390000000000041e-04 3.520039999999999996e-04
-9.716670000000000602e-05 2.927909999999999823e-04
-7.107289999999999506e-05 1.873880000000000023e-04
-3.902379999999999727e-05 2.940889999999999891e-05
5.114219999999999800e-06 -1.600729999999999970e-04
6.916240000000000040e-05 -3.339430000000000111e-04
1.500619999999999873e-04 -4.533820000000000038e-04
2.283309999999999930e-04 -5.182350000000000281e-04
2.772089999999999949e-04 -5.374520000000000035e-04
2.770100000000000058e-04 -5.014270000000000359e-04
2.242550000000000001e-04 -3.973219999999999747e-04
1.321919999999999974e-04 -2.370480000000000113e-04
2.189459999999999871e-05 -3.041159999999999865e-05
-8.918289999999999616e-05 2.056629999999999992e-04
-1.872490000000000092e-04 4.015739999999999739e-04
-2.567259999999999811e-04 5.160199999999999553e-04
-2.847419999999999921e-04 5.591180000000000498e-04
-2.685729999999999780e-04 5.462969999999999502e-04
-2.159560000000000039e-04 4.877820000000000268e-04
-1.414990000000000085e-04 3.802410000000000208e-04
-6.137560000000000238e-05 2.129819999999999880e-04
1.373440000000000016e-05 -5.393129999999999642e-06
8.351409999999999379e-05 -2.532769999999999943e-04
1.543829999999999888e-04 -4.880870000000000044e-04
2.255369999999999923e-04 -6.219090000000000252e-04
2.802920000000000194e-04 -6.226320000000000248e-04
2.960740000000000116e-04 -5.374229999999999806e-04
2.590390000000000249e-04 -4.130690000000000121e-04
1.701840000000000091e-04 -2.636110000000000211e-04
4.523190000000000310e-05 -6.009000000000000235e-05
-8.958620000000000634e-05 1.951470000000000071e-04
-2.052140000000000040e-04 4.217240000000000029e-04
-2.813420000000000178e-04 5.686410000000000466e-04
-3.141169999999999878e-04 6.473139999999999623e-04
-3.070929999999999819e-04 6.446619999999999477e-04
-2.590390000000000249e-04 5.392730000000000527e-04
-1.689870000000000001e-04 3.187369999999999808e-04
-4.661590000000000205e-05 9.752450000000000113e-06
8.878990000000000179e-05 -2.976650000000000173e-04
2.185409999999999935e-04 -5.570230000000000233e-04
3.276709999999999736e-04 -7.345500000000000466e-04
3.949199999999999933e-04 -7.747430000000000462e-04
3.930919999999999965e-04 -6.692020000000000347e-04
3.095330000000000195e-04 -4.630370000000000189e-04
1.612150000000000074e-04 -2.270180000000000006e-04
-1.384219999999999937e-05 1.133749999999999945e-05
-1.771549999999999937e-04 2.779379999999999806e-04
-3.010840000000000196e-04 5.557990000000000499e-04
-3.683830000000000134e-04 7.486479999999999784e-04
-3.738230000000000155e-04 7.891169999999999869e-04
-3.267190000000000003e-04 6.891300000000000377e-04
-2.408140000000000020e-04 4.815280000000000016e-04
-1.211510000000000061e-04 1.789100000000000065e-04
3.058099999999999740e-05 -1.976269999999999969e-04
1.981239999999999889e-04 -5.599479999999999996e-04
3.468599999999999960e-04 -7.949549999999999672e-04
4.405550000000000264e-04 -8.547459999999999780e-04
4.559960000000000163e-04 -7.635450000000000223e-04
3.828510000000000246e-04 -5.577610000000000423e-04
2.244550000000000050e-04 -2.664990000000000111e-04
8.578169999999999898e-06 6.639890000000000559e-05
-2.127230000000000028e-04 4.035509999999999857e-04
-3.867620000000000216e-04 7.095100000000000018e-04
-4.822820000000000015e-04 9.060090000000000461e-04
-4.897639999999999546e-04 9.220180000000000346e-04
-4.131620000000000128e-04 7.528920000000000144e-04
-2.648579999999999771e-04 4.228580000000000229e-04
-6.260089999999999893e-05 -2.764899999999999904e-05
1.681940000000000095e-04 -5.070269999999999552e-04
3.874579999999999756e-04 -8.720190000000000276e-04
5.432969999999999857e-04 -1.017890000000000027e-03
5.918170000000000158e-04 -9.607539999999999700e-04
5.161900000000000299e-04 -7.642700000000000535e-04
3.279520000000000070e-04 -4.386820000000000259e-04
6.090439999999999916e-05 2.015059999999999982e-05
-2.296130000000000122e-04 5.189619999999999823e-04
-4.748519999999999998e-04 9.010580000000000455e-04
-6.181799999999999665e-04 1.074969999999999962e-03
-6.345219999999999940e-04 1.036559999999999955e-03
-5.248880000000000472e-04 8.131559999999999917e-04
-3.046330000000000088e-04 4.055969999999999996e-04
-7.267290000000000007e-06 -1.489600000000000104e-04
3.072570000000000162e-04 -7.082699999999999933e-04
5.649919999999999465e-04 -1.096820000000000087e-03
7.053899999999999667e-04 -1.202780000000000082e-03
6.957940000000000132e-04 -1.027750000000000018e-03
5.302069999999999873e-04 -6.470090000000000389e-04
2.307839999999999913e-04 -1.305409999999999958e-04
-1.432349999999999932e-04 4.292899999999999776e-04
-4.973280000000000062e-04 8.893889999999999782e-04
-7.335269999999999855e-04 1.158460000000000045e-03
-7.941310000000000036e-04 1.210270000000000052e-03
-6.750989999999999682e-04 1.011600000000000086e-03
-4.071079999999999924e-04 5.313559999999999724e-04
-4.156469999999999864e-05 -1.463869999999999928e-04
3.466019999999999995e-04 -7.928949999999999497e-04
6.674120000000000399e-04 -1.211070000000000072e-03
8.433499999999999807e-04 -1.331010000000000092e-03
8.295600000000000196e-04 -1.175100000000000103e-03
6.191789999999999751e-04 -7.758659999999999472e-04
2.474760000000000002e-04 -1.468720000000000127e-04
-2.035120000000000126e-04 5.775069999999999986e-04
-6.176880000000000261e-04 1.151389999999999966e-03
-8.859200000000000018e-04 1.415620000000000029e-03
-9.439939999999999746e-04 1.331759999999999975e-03
-7.744260000000000423e-04 9.053190000000000239e-04
-3.997849999999999950e-04 2.372189999999999932e-04
1.028250000000000057e-04 -4.811619999999999851e-04
6.026550000000000093e-04 -1.093030000000000043e-03
9.588869999999999555e-04 -1.462790000000000054e-03
1.071860000000000000e-03 -1.478560000000000074e-03
9.099750000000000416e-04 -1.121819999999999935e-03
5.108380000000000039e-04 -4.387489999999999966e-04
-3.329459999999999798e-05 4.293729999999999834e-04
-5.912730000000000156e-04 1.187490000000000030e-03
-1.015150000000000037e-03 1.575549999999999997e-03
-1.180990000000000035e-03 1.518669999999999959e-03
-1.029399999999999976e-03 1.077620000000000054e-03
-5.835000000000000343e-04 3.517889999999999754e-04
5.300769999999999733e-05 -5.388250000000000461e-04
7.097149999999999770e-04 -1.327540000000000100e-03
1.190059999999999946e-03 -1.729789999999999930e-03
1.343709999999999913e-03 -1.639100000000000106e-03
1.122249999999999984e-03 -1.108009999999999984e-03
5.813040000000000438e-04 -2.785309999999999934e-04
-1.425250000000000085e-04 6.416009999999999986e-04
-8.527260000000000482e-04 1.387640000000000097e-03
-1.337260000000000055e-03 1.771570000000000089e-03
-1.442839999999999921e-03 1.673360000000000038e-03
-1.129269999999999927e-03 1.047820000000000088e-03
-4.796649999999999959e-04 8.641679999999999566e-05
3.218149999999999808e-04 -8.697520000000000034e-04
1.042439999999999947e-03 -1.538209999999999925e-03
1.472800000000000021e-03 -1.805650000000000007e-03
1.484929999999999974e-03 -1.604820000000000075e-03
1.060979999999999996e-03 -8.944060000000000421e-04
3.109179999999999800e-04 9.892599999999999441e-05
-5.382479999999999600e-04 1.007660000000000066e-03
-1.220820000000000065e-03 1.574450000000000025e-03
-1.533700000000000037e-03 1.672869999999999913e-03
-1.389830000000000102e-03 1.296840000000000059e-03
-8.292300000000000278e-04 5.571999999999999913e-04
-1.642280000000000139e-05 -3.200979999999999971e-04
7.940339999999999942e-04 -1.068039999999999918e-03
1.343299999999999963e-03 -1.477760000000000054e-03
1.464430000000000072e-03 -1.432370000000000084e-03
1.133600000000000016e-03 -9.618110000000000244e-04
4.680619999999999920e-04 -2.536470000000000196e-04
-3.162500000000000163e-04 4.844790000000000077e-04
-9.762730000000000496e-04 1.082330000000000054e-03
-1.315669999999999904e-03 1.350999999999999987e-03
-1.239749999999999967e-03 1.178330000000000002e-03
-7.868009999999999501e-04 6.591560000000000431e-04
-1.174019999999999984e-04 2.891480000000000055e-06
5.488910000000000273e-04 -6.019740000000000204e-04
1.012029999999999917e-03 -1.006900000000000026e-03
1.145449999999999897e-03 -1.111259999999999982e-03
9.251710000000000229e-04 -8.932099999999999675e-04
4.376800000000000243e-04 -4.240390000000000240e-04
-1.483950000000000048e-04 1.468300000000000020e-04
-6.453150000000000379e-04 6.389850000000000087e-04
-9.115829999999999897e-04 9.061349999999999700e-04
-8.887359999999999965e-04 8.848629999999999473e-04
-6.060759999999999889e-04 6.058889999999999719e-04
-1.642520000000000124e-04 1.693239999999999936e-04
2.960929999999999855e-04 -2.903240000000000074e-04
6.366129999999999576e-04 -6.372660000000000477e-04
7.635180000000000309e-04 -7.721349999999999655e-04
6.543760000000000245e-04 -6.649320000000000230e-04
3.595930000000000112e-04 -3.637979999999999751e-04
-1.964329999999999877e-05 2.513499999999999906e-05
-3.659420000000000142e-04 3.762589999999999902e-04
-5.803260000000000406e-04 5.859430000000000107e-04
-6.083879999999999627e-04 6.032340000000000185e-04
-4.532909999999999804e-04 4.404599999999999943e-04
-1.726280000000000013e-04 1.618950000000000077e-04
1.410310000000000123e-04 -1.420140000000000128e-04
3.905979999999999760e-04 -3.837660000000000116e-04
5.053469999999999577e-04 -4.998510000000000496e-04
4.609579999999999732e-04 -4.622839999999999805e-04
2.828800000000000021e-04 -2.878240000000000008e-04
3.423779999999999939e-05 -3.671350000000000009e-05
-2.061370000000000086e-04 2.080580000000000060e-04
-3.681739999999999752e-04 3.714230000000000114e-04
-4.100460000000000107e-04 4.109350000000000220e-04
-3.277919999999999814e-04 3.259280000000000141e-04
-1.538839999999999924e-04 1.518470000000000117e-04
5.403020000000000321e-05 -5.403369999999999734e-05
2.314170000000000105e-04 -2.298299999999999866e-04
3.270489999999999921e-04 -3.259340000000000002e-04
3.181969999999999894e-04 -3.186479999999999890e-04
2.154570000000000075e-04 -2.166249999999999936e-04
5.650720000000000000e-05 -5.696920000000000337e-05
-1.075539999999999938e-04 1.081229999999999946e-04
-2.281119999999999871e-04 2.288550000000000035e-04
-2.727000000000000149e-04 2.727860000000000137e-04
-2.332849999999999865e-04 2.327829999999999971e-04
-1.272330000000000065e-04 1.268150000000000115e-04
9.275209999999999580e-06 -9.188260000000000353e-06
1.333150000000000068e-04 -1.329360000000000025e-04
2.087489999999999897e-04 -2.085459999999999918e-04
2.166860000000000053e-04 -2.168340000000000046e-04
1.597729999999999897e-04 -1.600329999999999906e-04
5.962690000000000335e-05 -5.969639999999999989e-05
-5.102379999999999757e-05 5.117460000000000297e-05
-1.387120000000000096e-04 1.388709999999999923e-04
-1.790619999999999875e-04 1.790580000000000058e-04
-1.633759999999999889e-04 1.632509999999999994e-04
-1.002299999999999941e-04 1.001459999999999997e-04
-1.177510000000000014e-05 1.181160000000000055e-05
7.384749999999999388e-05 -7.375810000000000114e-05
1.313859999999999919e-04 -1.313510000000000101e-04
1.457929999999999914e-04 -1.458370000000000066e-04
1.159150000000000040e-04 -1.159729999999999957e-04
5.378689999999999828e-05 -5.379369999999999963e-05
-1.988030000000000005e-05 1.991920000000000065e-05
-8.241819999999999637e-05 8.245070000000000664e-05
-1.160450000000000045e-04 1.160380000000000027e-04
-1.128130000000000056e-04 1.127829999999999940e-04
