-5.288160000000000152e-08 5.985210000000000163e-07
-2.454259999999999902e-07 1.819220000000000007e-06
-5.181940000000000144e-07 2.432150000000000083e-06
-9.175059999999999573e-07 4.254470000000000112e-06
-2.062979999999999855e-06 1.165049999999999967e-05
-4.741759999999999812e-06 2.645240000000000105e-05
-9.062879999999999531e-06 4.391039999999999890e-05
-1.408140000000000040e-05 5.283420000000000314e-05
-1.815389999999999910e-05 4.747569999999999677e-05
-1.908030000000000094e-05 2.721540000000000035e-05
-1.365810000000000057e-05 -9.048050000000000556e-06
1.690420000000000124e-07 -5.184510000000000274e-05
1.972170000000000127e-05 -8.456529999999999484e-05
3.882029999999999829e-05 -1.009710000000000062e-04
5.215070000000000198e-05 -1.085280000000000017e-04
5.664460000000000312e-05 -1.158679999999999958e-04
5.137790000000000152e-05 -1.229790000000000028e-04
3.907039999999999781e-05 -1.235610000000000050e-04
2.553709999999999983e-05 -1.096550000000000064e-04
1.471149999999999967e-05 -7.274169999999999508e-05
5.521450000000000304e-06 -1.533480000000000097e-05
-4.730710000000000146e-06 4.081969999999999815e-05
-1.701509999999999909e-05 7.989590000000000190e-05
-3.166229999999999669e-05 1.104659999999999957e-04
-4.760989999999999965e-05 1.420109999999999927e-04
-5.988330000000000313e-05 1.651839999999999960e-04
-6.358880000000000348e-05 1.697889999999999968e-04
-5.990170000000000282e-05 1.610670000000000081e-04
-5.327079999999999825e-05 1.519720000000000012e-04
-4.545620000000000026e-05 1.493739999999999966e-04
-3.624090000000000059e-05 1.423189999999999904e-04
-2.586139999999999942e-05 1.034920000000000046e-04
-1.412189999999999942e-05 2.618180000000000062e-05
2.219280000000000004e-07 -6.006999999999999916e-05
2.033409999999999900e-05 -1.361230000000000111e-04
5.003990000000000179e-05 -2.058379999999999899e-04
8.581619999999999331e-05 -2.649500000000000162e-04
1.143219999999999940e-04 -2.980169999999999759e-04
1.239919999999999879e-04 -2.955359999999999975e-04
1.139240000000000023e-04 -2.607390000000000120e-04
8.914720000000000597e-05 -2.073049999999999947e-04
5.433659999999999743e-05 -1.456060000000000015e-04
1.479070000000000054e-05 -7.664089999999999325e-05
-2.116640000000000118e-05 -4.648050000000000331e-06
-4.557309999999999909e-05 6.616930000000000359e-05
-5.691330000000000277e-05 1.325379999999999972e-04
-5.989049999999999859e-05 1.834670000000000105e-04
-5.998899999999999773e-05 2.095130000000000115e-04
-6.084730000000000271e-05 2.177609999999999908e-04
-6.462390000000000311e-05 2.287880000000000057e-04
-7.102630000000000130e-05 2.486739999999999979e-04
-7.638470000000000069e-05 2.545970000000000156e-04
-7.609829999999999611e-05 2.194590000000000006e-04
-6.677769999999999594e-05 1.373129999999999913e-04
-4.555359999999999699e-05 3.521039999999999749e-05
-1.071389999999999918e-05 -5.554789999999999717e-05
3.672110000000000321e-05 -1.491479999999999889e-04
9.046209999999999570e-05 -2.639869999999999782e-04
1.359689999999999987e-04 -3.642699999999999801e-04
1.583619999999999993e-04 -4.037579999999999923e-04
1.546270000000000088e-04 -3.648030000000000240e-04
1.293140000000000023e-04 -2.650390000000000081e-04
8.524350000000000471e-05 -1.568530000000000109e-04
2.714649999999999835e-05 -7.298240000000000109e-05
-3.278030000000000191e-05 4.434590000000000007e-07
-7.857669999999999596e-05 8.975419999999999525e-05
-9.957479999999999402e-05 1.930260000000000049e-04
-9.744689999999999700e-05 2.739819999999999799e-04
-8.551430000000000218e-05 3.066699999999999895e-04
-7.872549999999999698e-05 3.050509999999999767e-04
-8.145140000000000420e-05 2.975079999999999847e-04
-8.591369999999999704e-05 2.880690000000000095e-04
-8.281149999999999818e-05 2.525420000000000225e-04
-6.943819999999999528e-05 1.681080000000000107e-04
-4.533600000000000097e-05 3.325340000000000251e-05
-5.870820000000000315e-06 -1.292769999999999889e-04
5.210740000000000190e-05 -2.763239999999999924e-04
1.197530000000000035e-04 -3.744600000000000164e-04
1.775029999999999978e-04 -4.238150000000000207e-04
2.054100000000000001e-04 -4.302490000000000069e-04
1.917119999999999968e-04 -3.862410000000000040e-04
1.386749999999999962e-04 -2.872150000000000072e-04
6.286979999999999901e-05 -1.512109999999999995e-04
-1.633209999999999903e-05 1.185969999999999929e-05
-8.776280000000000615e-05 1.891890000000000076e-04
-1.421910000000000079e-04 3.227060000000000236e-04
-1.689360000000000102e-04 3.874339999999999772e-04
-1.669739999999999907e-04 4.023680000000000073e-04
-1.444630000000000024e-04 3.839000000000000073e-04
-1.090590000000000006e-04 3.423310000000000263e-04
-6.841810000000000144e-05 2.724579999999999992e-04
-3.082150000000000297e-05 1.584430000000000007e-04
1.476229999999999925e-06 2.461079999999999906e-06
3.516970000000000312e-05 -1.819380000000000053e-04
7.885850000000000401e-05 -3.624890000000000187e-04
1.296989999999999927e-04 -4.636350000000000020e-04
1.721299999999999935e-04 -4.615910000000000195e-04
1.911430000000000095e-04 -3.990430000000000214e-04
1.764280000000000123e-04 -3.109879999999999979e-04
1.223049999999999886e-04 -2.039719999999999912e-04
3.582380000000000080e-05 -4.801109999999999845e-05
-6.084000000000000025e-05 1.539140000000000039e-04
-1.406400000000000087e-04 3.273880000000000171e-04
-1.887500000000000072e-04 4.337279999999999781e-04
-2.084619999999999973e-04 4.916299999999999533e-04
-2.027329999999999985e-04 4.886540000000000415e-04
-1.645709999999999935e-04 4.034460000000000129e-04
-9.435950000000000349e-05 2.235410000000000066e-04
-7.583040000000000330e-06 -2.495719999999999883e-05
7.765159999999999359e-05 -2.578260000000000079e-04
1.530039999999999872e-04 -4.422769999999999805e-04
2.150750000000000101e-04 -5.600229999999999878e-04
2.487340000000000211e-04 -5.692190000000000400e-04
2.336499999999999873e-04 -4.692720000000000159e-04
1.684280000000000076e-04 -3.029199999999999796e-04
7.305000000000000024e-05 -1.318199999999999949e-04
-2.877790000000000106e-05 2.703930000000000046e-05
-1.203319999999999992e-04 2.091999999999999893e-04
-1.878030000000000042e-04 4.080940000000000132e-04
-2.179129999999999988e-04 5.428180000000000331e-04
-2.095490000000000091e-04 5.622189999999999783e-04
-1.778440000000000001e-04 4.843650000000000017e-04
-1.335049999999999898e-04 3.361349999999999928e-04
-6.946859999999999418e-05 1.182880000000000032e-04
2.085929999999999864e-05 -1.615599999999999914e-04
1.230460000000000006e-04 -4.303069999999999985e-04
2.098000000000000038e-04 -5.921150000000000458e-04
2.622820000000000208e-04 -6.152659999999999466e-04
2.720539999999999807e-04 -5.326019999999999669e-04
2.295390000000000126e-04 -3.778690000000000239e-04
1.298190000000000119e-04 -1.680850000000000009e-04
-8.099189999999999615e-06 6.890090000000000298e-05
-1.446540000000000011e-04 3.089720000000000227e-04
-2.462939999999999834e-04 5.267639999999999866e-04
-2.970660000000000184e-04 6.596780000000000222e-04
-2.921810000000000271e-04 6.571990000000000210e-04
-2.364339999999999931e-04 5.232490000000000448e-04
-1.406319999999999912e-04 2.737139999999999886e-04
-1.413690000000000012e-05 -6.441399999999999687e-05
1.280909999999999905e-04 -4.161239999999999752e-04
2.553850000000000087e-04 -6.646879999999999759e-04
3.331520000000000249e-04 -7.351410000000000279e-04
3.438280000000000156e-04 -6.597060000000000294e-04
2.868880000000000085e-04 -5.006929999999999714e-04
1.666559999999999982e-04 -2.610339999999999948e-04
-1.303349999999999981e-06 7.189069999999999933e-05
-1.758379999999999926e-04 4.234110000000000022e-04
-3.055560000000000134e-04 6.694649999999999473e-04
-3.636290000000000247e-04 7.530040000000000431e-04
-3.518570000000000161e-04 6.920729999999999721e-04
-2.756810000000000055e-04 5.187629999999999932e-04
-1.376249999999999978e-04 2.237399999999999957e-04
4.295199999999999805e-05 -1.750979999999999963e-04
2.207529999999999920e-04 -5.630340000000000171e-04
3.478159999999999781e-04 -8.020110000000000433e-04
3.992949999999999776e-04 -8.207940000000000158e-04
3.699409999999999873e-04 -6.481339999999999714e-04
2.600750000000000197e-04 -3.584449999999999876e-04
7.922689999999999865e-05 3.043220000000000062e-06
-1.370649999999999896e-04 3.774429999999999842e-04
-3.255309999999999974e-04 6.587999999999999672e-04
-4.285630000000000234e-04 7.939320000000000144e-04
-4.281539999999999803e-04 7.863390000000000483e-04
-3.359470000000000143e-04 6.204290000000000325e-04
-1.690449999999999917e-04 2.684259999999999945e-04
4.396549999999999775e-05 -2.072210000000000002e-04
2.513850000000000199e-04 -6.286720000000000416e-04
4.002610000000000087e-04 -8.594959999999999579e-04
4.620329999999999858e-04 -8.748700000000000313e-04
4.252869999999999958e-04 -7.184350000000000154e-04
2.864860000000000215e-04 -4.216930000000000027e-04
6.381700000000000241e-05 2.034720000000000062e-05
-1.881350000000000004e-04 5.078259999999999589e-04
-3.933280000000000261e-04 8.493939999999999520e-04
-4.976860000000000051e-04 9.486860000000000171e-04
-4.873209999999999782e-04 8.134849999999999677e-04
-3.620750000000000053e-04 4.669969999999999742e-04
-1.314280000000000027e-04 -6.593620000000000408e-06
1.536390000000000108e-04 -4.678950000000000188e-04
4.082290000000000246e-04 -8.235280000000000204e-04
5.586529999999999925e-04 -9.920820000000000333e-04
5.639549999999999902e-04 -9.112779999999999579e-04
4.207950000000000123e-04 -5.987069999999999718e-04
1.645720000000000093e-04 -9.984859999999999808e-05
-1.435309999999999917e-04 4.842080000000000234e-04
-4.257889999999999852e-04 9.310250000000000383e-04
-6.008409999999999619e-04 1.070439999999999977e-03
-6.158789999999999491e-04 8.988250000000000146e-04
-4.628200000000000174e-04 5.045069999999999590e-04
-1.701349999999999965e-04 -2.452179999999999958e-05
1.967569999999999866e-04 -6.087640000000000282e-04
5.299130000000000203e-04 -1.053949999999999896e-03
7.133940000000000073e-04 -1.171979999999999984e-03
6.888550000000000445e-04 -9.411950000000000307e-04
4.720959999999999740e-04 -4.575529999999999745e-04
1.188080000000000050e-04 1.426490000000000093e-04
-2.871080000000000030e-04 7.089260000000000223e-04
-6.271679999999999963e-04 1.074740000000000027e-03
-7.862389999999999917e-04 1.155379999999999905e-03
-7.102550000000000226e-04 9.104459999999999767e-04
-4.187320000000000018e-04 3.467429999999999970e-04
5.062490000000000382e-06 -3.428150000000000034e-04
4.306189999999999779e-04 -8.932229999999999554e-04
7.290719999999999883e-04 -1.146370000000000071e-03
8.202500000000000156e-04 -1.103409999999999981e-03
6.761290000000000312e-04 -7.778379999999999886e-04
3.180990000000000185e-04 -1.739789999999999956e-04
-1.533249999999999999e-04 4.981119999999999905e-04
-5.715559999999999738e-04 9.653109999999999469e-04
-7.984879999999999756e-04 1.100999999999999982e-03
-7.816840000000000463e-04 9.007620000000000470e-04
-5.318039999999999790e-04 4.486499999999999820e-04
-1.123610000000000038e-04 -1.178740000000000034e-04
3.480889999999999939e-04 -6.269440000000000473e-04
6.903449999999999778e-04 -9.207189999999999645e-04
7.986360000000000290e-04 -9.169850000000000440e-04
6.449799999999999674e-04 -6.192969999999999899e-04
2.876059999999999836e-04 -1.399379999999999873e-04
-1.500499999999999881e-04 3.303590000000000129e-04
-5.220430000000000296e-04 6.624849999999999836e-04
-7.143260000000000451e-04 8.063880000000000050e-04
-6.718540000000000493e-04 7.030079999999999749e-04
-4.085140000000000125e-04 3.547949999999999802e-04
-1.889059999999999833e-05 -8.818060000000000069e-05
3.518309999999999862e-04 -4.468130000000000062e-04
5.816239999999999865e-04 -6.277989999999999569e-04
6.128109999999999981e-04 -6.091449999999999556e-04
4.467510000000000057e-04 -4.168800000000000066e-04
1.413879999999999955e-04 -1.160810000000000021e-04
-1.942149999999999964e-04 2.031919999999999885e-04
-4.402310000000000207e-04 4.404449999999999750e-04
-5.189479999999999787e-04 5.168150000000000044e-04
-4.199130000000000028e-04 4.152210000000000146e-04
-1.925689999999999921e-04 1.870220000000000129e-04
7.823490000000000544e-05 -7.904510000000000659e-05
3.023820000000000197e-04 -2.970450000000000130e-04
4.117600000000000014e-04 -4.062210000000000126e-04
3.785780000000000200e-04 -3.793870000000000185e-04
2.227340000000000125e-04 -2.305650000000000126e-04
5.012240000000000312e-06 -1.423409999999999980e-05
-1.962450000000000023e-04 1.930079999999999925e-04
-3.157069999999999777e-04 3.210229999999999789e-04
-3.224370000000000166e-04 3.312640000000000051e-04
-2.245810000000000102e-04 2.285830000000000034e-04
-6.167140000000000046e-05 5.661389999999999679e-05
1.096100000000000026e-04 -1.202730000000000053e-04
2.332629999999999925e-04 -2.415480000000000123e-04
2.717570000000000207e-04 -2.720929999999999985e-04
2.179729999999999949e-04 -2.125109999999999987e-04
9.631020000000000498e-05 -9.244520000000000049e-05
-4.778609999999999976e-05 4.628130000000000021e-05
-1.649529999999999909e-04 1.611460000000000052e-04
-2.185470000000000067e-04 2.170840000000000107e-04
-1.958510000000000058e-04 1.977140000000000115e-04
-1.107040000000000026e-04 1.131080000000000019e-04
3.543659999999999797e-06 -3.347049999999999997e-06
1.073089999999999987e-04 -1.090370000000000065e-04
1.680759999999999947e-04 -1.693680000000000088e-04
1.695610000000000118e-04 -1.690899999999999955e-04
1.154630000000000023e-04 -1.141799999999999944e-04
2.733650000000000161e-05 -2.685080000000000049e-05
-6.323979999999999717e-05 6.259869999999999410e-05
-1.259320000000000133e-04 1.251410000000000001e-04
-1.420919999999999941e-04 1.420469999999999903e-04
-1.102509999999999986e-04 1.108189999999999973e-04
-4.494720000000000226e-05 4.536239999999999787e-05
2.973900000000000106e-05 -2.989480000000000048e-05
8.885139999999999434e-05 -8.927119999999999327e-05
1.144399999999999953e-04 -1.145999999999999938e-04
1.006530000000000001e-04 -1.004409999999999960e-04
5.485989999999999969e-05 -5.459850000000000250e-05
-5.506820000000000073e-06 5.519249999999999715e-06
-5.939510000000000330e-05 5.920590000000000179e-05
-8.950799999999999750e-05 8.937279999999999920e-05
-8.784120000000000188e-05 8.789439999999999655e-05
-5.753340000000000044e-05 5.767119999999999766e-05
-1.081289999999999942e-05 1.086430000000000032e-05
3.577679999999999939e-05 -3.584719999999999790e-05
6.705179999999999387e-05 -6.713749999999999883e-05
7.396179999999999378e-05 -7.396540000000000168e-05
5.608599999999999800e-05 -5.602340000000000304e-05
2.117590000000000168e-05 -2.113169999999999963e-05
-1.797969999999999999e-05 1.796160000000000096e-05
-4.817290000000000087e-05 4.812750000000000296e-05
-6.019220000000000283e-05 6.017570000000000053e-05
-5.153709999999999823e-05 5.156060000000000233e-05
-2.667980000000000162e-05 2.670789999999999886e-05
4.970979999999999796e-06 -4.970069999999999664e-06
3.252909999999999997e-05 -3.254979999999999793e-05
4.728930000000000140e-05 -4.730369999999999909e-05
