-9.436949999999999346e-09 1.000210000000000034e-06
-6.932030000000000432e-08 4.206920000000000033e-06
-2.590720000000000053e-07 9.287319999999999706e-06
-7.041429999999999810e-07 1.874620000000000019e-05
-1.670799999999999953e-06 4.163120000000000216e-05
-3.778230000000000077e-06 9.207899999999999711e-05
-8.198869999999999989e-06 1.807760000000000053e-04
-1.656989999999999868e-05 3.007360000000000155e-04
-3.044660000000000085e-05 4.264320000000000263e-04
-5.039780000000000052e-05 5.142050000000000006e-04
-7.499329999999999907e-05 5.067809999999999850e-04
-1.001960000000000009e-04 3.633430000000000210e-04
-1.197929999999999964e-04 8.427899999999999725e-05
-1.269839999999999890e-04 -2.906550000000000149e-04
-1.164499999999999981e-04 -7.009969999999999700e-04
-8.590769999999999743e-05 -1.086429999999999991e-03
-3.642630000000000054e-05 -1.401530000000000007e-03
2.861230000000000048e-05 -1.620979999999999947e-03
1.052840000000000037e-04 -1.729330000000000060e-03
1.905130000000000105e-04 -1.700550000000000108e-03
2.821810000000000008e-04 -1.500500000000000098e-03
3.780580000000000182e-04 -1.118120000000000008e-03
4.743530000000000034e-04 -5.775819999999999869e-04
5.645350000000000151e-04 7.268829999999999996e-05
6.388709999999999485e-04 7.614269999999999589e-04
6.850520000000000134e-04 1.395060000000000050e-03
6.899399999999999977e-04 1.882360000000000023e-03
6.418329999999999652e-04 2.164189999999999864e-03
5.325150000000000066e-04 2.228190000000000118e-03
3.586670000000000136e-04 2.108599999999999971e-03
1.226850000000000087e-04 1.861320000000000075e-03
-1.665279999999999885e-04 1.519909999999999968e-03
-4.925279999999999979e-04 1.090459999999999910e-03
-8.307570000000000015e-04 5.799089999999999800e-04
-1.149400000000000074e-03 -4.490240000000000058e-06
-1.412129999999999939e-03 -6.480840000000000515e-04
-1.582669999999999997e-03 -1.303080000000000080e-03
-1.630949999999999935e-03 -1.888850000000000078e-03
-1.539149999999999980e-03 -2.315919999999999958e-03
-1.306089999999999985e-03 -2.512509999999999917e-03
-9.483329999999999885e-04 -2.448629999999999817e-03
-4.975920000000000430e-04 -2.140940000000000031e-03
4.678939999999999624e-06 -1.642089999999999913e-03
5.140509999999999611e-04 -1.030620000000000104e-03
9.893110000000000966e-04 -3.836879999999999761e-04
1.396579999999999913e-03 2.401380000000000105e-04
1.710879999999999910e-03 7.909809999999999541e-04
1.915899999999999895e-03 1.221319999999999914e-03
2.002719999999999934e-03 1.497070000000000085e-03
1.968460000000000001e-03 1.616440000000000021e-03
1.815109999999999987e-03 1.604409999999999907e-03
1.549330000000000021e-03 1.485020000000000090e-03
1.183440000000000013e-03 1.263940000000000072e-03
7.372639999999999532e-04 9.257669999999999745e-04
2.394180000000000039e-04 4.650540000000000099e-04
-2.733869999999999898e-04 -9.096269999999999562e-05
-7.594109999999999836e-04 -7.175950000000000167e-04
-1.176490000000000088e-03 -1.392170000000000083e-03
-1.487510000000000047e-03 -2.050909999999999973e-03
-1.665990000000000006e-03 -2.595389999999999937e-03
-1.700660000000000106e-03 -2.903900000000000058e-03
-1.597569999999999980e-03 -2.858579999999999888e-03
-1.378759999999999925e-03 -2.415449999999999976e-03
-1.077190000000000005e-03 -1.622930000000000076e-03
-7.293339999999999936e-04 -5.918569999999999951e-04
-3.683889999999999994e-04 5.490039999999999634e-04
-2.045200000000000002e-05 1.683919999999999991e-03
2.956300000000000139e-04 2.706399999999999865e-03
5.656959999999999723e-04 3.520870000000000163e-03
7.767759999999999639e-04 4.054460000000000182e-03
9.145429999999999749e-04 4.260830000000000173e-03
9.632129999999999815e-04 4.114269999999999733e-03
9.085329999999999968e-04 3.601950000000000030e-03
7.432889999999999506e-04 2.723619999999999947e-03
4.736049999999999895e-04 1.493619999999999974e-03
1.236649999999999891e-04 -4.037439999999999752e-05
-2.636539999999999934e-04 -1.756149999999999942e-03
-6.317539999999999961e-04 -3.450630000000000103e-03
-9.200950000000000057e-04 -4.886299999999999671e-03
-1.076090000000000033e-03 -5.836039999999999804e-03
-1.065839999999999973e-03 -6.126689999999999740e-03
-8.808530000000000179e-04 -5.681920000000000026e-03
-5.391579999999999767e-04 -4.550049999999999928e-03
-8.122800000000000224e-05 -2.858920000000000038e-03
4.371420000000000102e-04 -7.877640000000000423e-04
9.532880000000000520e-04 1.397259999999999995e-03
1.406059999999999992e-03 3.409929999999999819e-03
1.742389999999999911e-03 4.997999999999999839e-03
1.921420000000000072e-03 5.965340000000000399e-03
1.916490000000000077e-03 6.209830000000000384e-03
1.716010000000000018e-03 5.719290000000000138e-03
1.324529999999999978e-03 4.544079999999999821e-03
7.647150000000000128e-04 2.785510000000000156e-03
7.969469999999999441e-05 5.758850000000000470e-04
-6.659780000000000127e-04 -1.895629999999999928e-03
-1.389950000000000040e-03 -4.301710000000000256e-03
-2.001970000000000052e-03 -6.243750000000000168e-03
-2.418260000000000201e-03 -7.358850000000000113e-03
-2.576440000000000154e-03 -7.397670000000000287e-03
-2.447289999999999969e-03 -6.298619999999999566e-03
-2.040590000000000112e-03 -4.168970000000000141e-03
-1.404510000000000090e-03 -1.278669999999999980e-03
-6.185620000000000181e-04 1.939849999999999908e-03
2.181960000000000095e-04 5.013450000000000024e-03
1.000470000000000049e-03 7.525300000000000392e-03
1.629610000000000086e-03 9.110250000000000292e-03
2.025490000000000016e-03 9.504340000000000011e-03
2.136780000000000016e-03 8.562310000000000060e-03
1.948829999999999920e-03 6.295929999999999929e-03
1.487409999999999991e-03 2.946869999999999871e-03
8.171469999999999472e-04 -1.082639999999999948e-03
3.446599999999999832e-05 -5.234130000000000033e-03
-7.451590000000000123e-04 -8.826640000000000180e-03
-1.404059999999999944e-03 -1.121819999999999935e-02
-1.839780000000000061e-03 -1.195659999999999952e-02
-1.979299999999999810e-03 -1.090299999999999950e-02
-1.788180000000000108e-03 -8.226370000000000210e-03
-1.275029999999999913e-03 -4.310920000000000203e-03
-4.925660000000000541e-04 2.930839999999999878e-04
4.656010000000000031e-04 4.905729999999999640e-03
1.473279999999999989e-03 8.835410000000000139e-03
2.385169999999999825e-03 1.148500000000000042e-02
3.055249999999999806e-03 1.240450000000000060e-02
3.359099999999999846e-03 1.133930000000000007e-02
3.217139999999999844e-03 8.298619999999999608e-03
2.613330000000000080e-03 3.651209999999999786e-03
1.603690000000000063e-03 -1.875390000000000000e-03
3.114990000000000207e-04 -7.327239999999999621e-03
-1.089750000000000007e-03 -1.171239999999999955e-02
-2.402379999999999967e-03 -1.418780000000000041e-02
-3.434439999999999975e-03 -1.423810000000000006e-02
-4.028480000000000082e-03 -1.180029999999999968e-02
-4.084990000000000149e-03 -7.241120000000000195e-03
-3.578700000000000197e-03 -1.263999999999999933e-03
-2.565730000000000007e-03 5.169110000000000198e-03
-1.180010000000000000e-03 1.098769999999999955e-02
3.817569999999999839e-04 1.519560000000000008e-02
1.885959999999999893e-03 1.699509999999999910e-02
3.096649999999999837e-03 1.591920000000000140e-02
3.814039999999999878e-03 1.197969999999999938e-02
3.909140000000000184e-03 5.763459999999999764e-03
3.347619999999999936e-03 -1.643080000000000105e-03
2.198929999999999982e-03 -8.909099999999999658e-03
6.300569999999999478e-04 -1.472079999999999916e-02
-1.115670000000000030e-03 -1.798560000000000089e-02
-2.753110000000000019e-03 -1.802580000000000154e-02
-3.998800000000000271e-03 -1.476820000000000042e-02
-4.616699999999999623e-03 -8.784580000000000166e-03
-4.459430000000000338e-03 -1.152760000000000069e-03
-3.499169999999999798e-03 6.746890000000000179e-03
-1.842080000000000063e-03 1.346690000000000040e-02
2.788620000000000009e-04 1.770170000000000077e-02
2.534470000000000039e-03 1.854420000000000027e-02
4.549850000000000248e-03 1.573460000000000136e-02
5.966309999999999843e-03 9.751730000000000120e-03
6.504280000000000304e-03 1.746439999999999928e-03
6.016379999999999992e-03 -6.698019999999999842e-03
4.521650000000000322e-03 -1.389740000000000072e-02
2.213469999999999934e-03 -1.838640000000000066e-02
-5.620570000000000297e-04 -1.925079999999999847e-02
-3.355579999999999934e-03 -1.635280000000000067e-02
-5.686100000000000355e-03 -1.028029999999999916e-02
-7.125339999999999972e-03 -2.194220000000000198e-03
-7.380549999999999611e-03 6.341849999999999571e-03
-6.358049999999999639e-03 1.360560000000000068e-02
-4.192740000000000355e-03 1.809070000000000122e-02
-1.236059999999999980e-03 1.889889999999999973e-02
1.997309999999999971e-03 1.590919999999999834e-02
4.916900000000000090e-03 9.785439999999999416e-03
6.964170000000000429e-03 1.825790000000000095e-03
7.720839999999999648e-03 -6.290559999999999728e-03
6.995839999999999698e-03 -1.280350000000000064e-02
4.872480000000000214e-03 -1.633180000000000048e-02
1.705750000000000018e-03 -1.622619999999999965e-02
-1.932459999999999994e-03 -1.263410000000000054e-02
-5.353680000000000418e-03 -6.455240000000000110e-03
-7.881469999999999795e-03 8.147850000000000535e-04
-8.984249999999999181e-03 7.492259999999999719e-03
-8.387159999999999407e-03 1.213660000000000086e-02
-6.139030000000000181e-03 1.380499999999999956e-02
-2.617270000000000100e-03 1.226469999999999991e-02
1.534189999999999946e-03 8.028540000000000676e-03
5.524679999999999695e-03 2.179429999999999996e-03
8.572019999999999640e-03 -3.832970000000000214e-03
1.006119999999999931e-02 -8.542569999999999331e-03
9.674149999999999416e-03 -1.093839999999999917e-02
7.464049999999999851e-03 -1.067740000000000009e-02
3.854390000000000073e-03 -8.082199999999999454e-03
-4.400249999999999756e-04 -4.015300000000000293e-03
-4.556690000000000393e-03 3.501590000000000063e-04
-7.663760000000000364e-03 3.820660000000000028e-03
-9.135809999999999417e-03 5.612810000000000195e-03
-8.689409999999999842e-03 5.532289999999999604e-03
-6.446789999999999986e-03 3.903900000000000078e-03
-2.910100000000000100e-03 1.440239999999999966e-03
1.149309999999999958e-03 -9.844920000000000060e-04
4.861960000000000240e-03 -2.611120000000000194e-03
7.452880000000000268e-03 -3.045659999999999947e-03
8.410620000000000596e-03 -2.275880000000000090e-03
7.592840000000000006e-03 -6.823769999999999619e-04
5.245610000000000377e-03 1.043569999999999958e-03
1.933730000000000041e-03 2.241930000000000051e-03
-1.600419999999999968e-03 2.520699999999999850e-03
-4.613410000000000080e-03 1.833940000000000049e-03
-6.527400000000000042e-03 4.132159999999999956e-04
-7.046489999999999872e-03 -1.246369999999999900e-03
-6.199330000000000292e-03 -2.478090000000000067e-03
-4.302369999999999806e-03 -2.829770000000000115e-03
-1.857149999999999903e-03 -2.210349999999999815e-03
5.866429999999999735e-04 -8.363059999999999852e-04
2.563049999999999877e-03 8.247239999999999866e-04
3.783059999999999982e-03 2.220580000000000210e-03
4.169479999999999714e-03 2.907489999999999988e-03
3.831670000000000128e-03 2.717180000000000029e-03
2.996420000000000073e-03 1.791540000000000103e-03
1.922239999999999973e-03 4.850540000000000082e-04
8.264309999999999755e-04 -7.579660000000000000e-04
-1.545949999999999928e-04 -1.581949999999999936e-03
-9.647230000000000128e-04 -1.869760000000000042e-03
-1.596369999999999950e-03 -1.693169999999999918e-03
-2.048270000000000039e-03 -1.220050000000000084e-03
-2.294200000000000145e-03 -6.997029999999999786e-04
-2.276649999999999854e-03 -3.605530000000000020e-04
-1.929029999999999981e-03 -2.604560000000000013e-04
-1.217659999999999966e-03 -3.010180000000000104e-04
-1.842389999999999957e-04 -3.297490000000000035e-04
1.031919999999999973e-03 -2.119830000000000065e-04
2.205610000000000209e-03 1.042450000000000023e-04
3.072469999999999889e-03 5.557539999999999919e-04
3.398640000000000081e-03 9.924619999999999449e-04
3.051939999999999948e-03 1.242880000000000026e-03
2.050800000000000192e-03 1.187059999999999981e-03
5.735859999999999527e-04 8.093790000000000446e-04
-1.077059999999999910e-03 2.077480000000000038e-04
-2.546249999999999902e-03 -4.411619999999999886e-04
-3.514980000000000014e-03 -9.473409999999999817e-04
-3.779559999999999951e-03 -1.171979999999999984e-03
-3.300270000000000113e-03 -1.065350000000000064e-03
-2.206699999999999807e-03 -6.735419999999999558e-04
-7.600280000000000490e-04 -1.163840000000000024e-04
7.156830000000000526e-04 4.546640000000000230e-04
1.913329999999999979e-03 9.014309999999999554e-04
2.612320000000000007e-03 1.132069999999999995e-03
2.721020000000000209e-03 1.116790000000000100e-03
2.283970000000000184e-03 8.875419999999999534e-04
1.455820000000000031e-03 5.239150000000000144e-04
4.525490000000000068e-04 1.273299999999999888e-04
-5.048200000000000083e-04 -2.108769999999999937e-04
-1.238830000000000009e-03 -4.380289999999999900e-04
-1.645530000000000083e-03 -5.508229999999999810e-04
-1.701639999999999923e-03 -5.821729999999999570e-04
-1.451999999999999949e-03 -5.778349999999999589e-04
-9.848019999999998997e-04 -5.742759999999999749e-04
-4.042429999999999852e-04 -5.832809999999999471e-04
1.917260000000000004e-04 -5.888350000000000094e-04
7.242579999999999765e-04 -5.565789999999999713e-04
1.137079999999999948e-03 -4.515289999999999929e-04
1.393869999999999961e-03 -2.568749999999999961e-04
1.473979999999999952e-03 1.347849999999999979e-05
1.370429999999999955e-03 3.135580000000000225e-04
1.091460000000000043e-03 5.760529999999999817e-04
6.644399999999999742e-04 7.317899999999999579e-04
1.390789999999999876e-04 7.315789999999999967e-04
-4.137729999999999837e-04 5.632750000000000170e-04
-9.098519999999999481e-04 2.583959999999999838e-04
-1.265609999999999912e-03 -1.139860000000000027e-04
-1.415859999999999905e-03 -4.644009999999999740e-04
-1.330239999999999895e-03 -7.061739999999999511e-04
-1.023339999999999970e-03 -7.779440000000000313e-04
-5.547870000000000535e-04 -6.591760000000000327e-04
-1.833019999999999943e-05 -3.746399999999999774e-04
4.779790000000000124e-04 1.290359999999999958e-05
8.357180000000000511e-04 4.192159999999999788e-04
9.880309999999998920e-04 7.593619999999999710e-04
9.139979999999999589e-04 9.670769999999999974e-04
6.418749999999999760e-04 1.007950000000000079e-03
2.407060000000000091e-04 8.837930000000000135e-04
-1.971809999999999947e-04 6.281960000000000278e-04
-5.779859999999999512e-04 2.956139999999999788e-04
-8.269969999999999969e-04 -5.242039999999999704e-05
-9.030140000000000519e-04 -3.601480000000000219e-04
-8.037870000000000344e-04 -5.867039999999999582e-04
-5.621270000000000476e-04 -7.102410000000000190e-04
-2.347499999999999869e-04 -7.274199999999999980e-04
1.125340000000000037e-04 -6.497820000000000071e-04
4.192819999999999880e-04 -4.988730000000000464e-04
6.412339999999999663e-04 -3.017429999999999874e-04
7.556659999999999983e-04 -8.757790000000000052e-05
7.612069999999999644e-04 1.145839999999999993e-04
6.734240000000000495e-04 2.777020000000000053e-04
