-4.130059999999999860e-08 6.492349999999999766e-07
-2.302680000000000076e-07 2.054430000000000166e-06
-6.095579999999999582e-07 2.916049999999999804e-06
-1.205950000000000075e-06 5.056350000000000301e-06
-2.464979999999999988e-06 1.342029999999999922e-05
-5.418049999999999735e-06 3.065460000000000293e-05
-1.104029999999999999e-05 5.206020000000000005e-05
-1.902790000000000124e-05 6.513360000000000265e-05
-2.704110000000000102e-05 6.215629999999999983e-05
-3.097349999999999745e-05 4.102379999999999845e-05
-2.581100000000000072e-05 -4.896619999999999546e-07
-8.007209999999999184e-06 -5.315089999999999962e-05
2.080579999999999992e-05 -9.826740000000000041e-05
5.286740000000000140e-05 -1.265179999999999972e-04
7.814870000000000616e-05 -1.437999999999999988e-04
8.943970000000000360e-05 -1.582400000000000028e-04
8.501419999999999659e-05 -1.688019999999999874e-04
6.874090000000000452e-05 -1.680449999999999945e-04
4.790559999999999751e-05 -1.475199999999999971e-04
2.845000000000000035e-05 -9.835870000000000409e-05
1.084149999999999945e-05 -2.350029999999999928e-05
-8.363260000000000629e-06 5.185559999999999866e-05
-3.110299999999999681e-05 1.067920000000000035e-04
-5.552669999999999812e-05 1.482850000000000075e-04
-7.762299999999999864e-05 1.878589999999999915e-04
-9.273279999999999414e-05 2.165660000000000133e-04
-9.715890000000000247e-05 2.221590000000000121e-04
-9.085240000000000449e-05 2.095250000000000107e-04
-7.771459999999999620e-05 1.938949999999999994e-04
-6.252819999999999537e-05 1.848569999999999955e-04
-4.856200000000000024e-05 1.729430000000000008e-04
-3.678290000000000319e-05 1.288729999999999975e-04
-2.485249999999999965e-05 4.106149999999999980e-05
-7.345009999999999832e-06 -6.247890000000000247e-05
2.186010000000000099e-05 -1.590800000000000016e-04
6.567459999999999628e-05 -2.500199999999999948e-04
1.187340000000000053e-04 -3.305679999999999968e-04
1.662749999999999894e-04 -3.827619999999999786e-04
1.918319999999999889e-04 -3.925430000000000260e-04
1.870879999999999950e-04 -3.590719999999999936e-04
1.539859999999999992e-04 -2.937859999999999821e-04
1.002540000000000061e-04 -2.082999999999999945e-04
3.607019999999999899e-05 -1.083279999999999969e-04
-2.619009999999999849e-05 -3.543339999999999858e-06
-7.429409999999999736e-05 9.789169999999999653e-05
-1.021039999999999968e-04 1.898509999999999955e-04
-1.122169999999999998e-04 2.578090000000000112e-04
-1.115690000000000019e-04 2.889540000000000121e-04
-1.059919999999999976e-04 2.912309999999999769e-04
-9.934960000000000167e-05 2.915319999999999999e-04
-9.480450000000000346e-05 3.027969999999999945e-04
-9.385170000000000133e-05 3.038809999999999862e-04
-9.415820000000000255e-05 2.642529999999999922e-04
-8.898919999999999834e-05 1.736530000000000126e-04
-6.928800000000000475e-05 5.753780000000000331e-05
-2.858569999999999975e-05 -5.103669999999999876e-05
3.274839999999999972e-05 -1.660330000000000009e-04
1.066529999999999968e-04 -3.098590000000000025e-04
1.782250000000000088e-04 -4.464480000000000054e-04
2.300810000000000084e-04 -5.193689999999999939e-04
2.494899999999999982e-04 -4.980670000000000409e-04
2.302249999999999989e-04 -3.922430000000000187e-04
1.710430000000000088e-04 -2.552729999999999800e-04
7.914649999999999854e-05 -1.294660000000000103e-04
-2.547999999999999999e-05 -1.024449999999999992e-05
-1.152869999999999958e-04 1.260880000000000030e-04
-1.695939999999999893e-04 2.754750000000000146e-04
-1.856430000000000113e-04 3.924040000000000058e-04
-1.762989999999999870e-04 4.392309999999999964e-04
-1.579039999999999979e-04 4.273169999999999746e-04
-1.393889999999999897e-04 3.943549999999999877e-04
-1.206469999999999987e-04 3.568189999999999730e-04
-9.874199999999999752e-05 2.967560000000000163e-04
-7.281939999999999605e-05 1.899240000000000064e-04
-4.121609999999999998e-05 3.055009999999999741e-05
3.501660000000000030e-06 -1.602970000000000002e-04
6.978889999999999855e-05 -3.361869999999999984e-04
1.540529999999999970e-04 -4.586120000000000062e-04
2.354350000000000117e-04 -5.267549999999999533e-04
2.858970000000000174e-04 -5.482829999999999952e-04
2.854800000000000111e-04 -5.124160000000000216e-04
2.312319999999999979e-04 -4.060059999999999884e-04
1.367300000000000004e-04 -2.418180000000000080e-04
2.308619999999999929e-05 -3.090519999999999677e-05
-9.173270000000000350e-05 2.092030000000000094e-04
-1.931190000000000055e-04 4.086439999999999994e-04
-2.649390000000000057e-04 5.255960000000000276e-04
-2.937920000000000223e-04 5.697820000000000142e-04
-2.766220000000000224e-04 5.565729999999999853e-04
-2.217210000000000003e-04 4.961730000000000350e-04
-1.448060000000000091e-04 3.855330000000000237e-04
-6.271029999999999487e-05 2.148610000000000016e-04
1.397979999999999954e-05 -6.355129999999999918e-06
8.529330000000000548e-05 -2.564840000000000197e-04
1.578960000000000075e-04 -4.936019999999999948e-04
2.312600000000000051e-04 -6.299689999999999717e-04
2.885329999999999969e-04 -6.328030000000000330e-04
3.057919999999999887e-04 -5.485260000000000266e-04
2.677240000000000002e-04 -4.233160000000000243e-04
1.755340000000000036e-04 -2.706450000000000218e-04
4.655499999999999726e-05 -6.183269999999999500e-05
-9.184350000000000250e-05 1.991259999999999905e-04
-2.107439999999999867e-04 4.298969999999999940e-04
-2.899120000000000256e-04 5.789569999999999526e-04
-3.243529999999999894e-04 6.586709999999999961e-04
-3.166800000000000105e-04 6.563129999999999485e-04
-2.664260000000000001e-04 5.494299999999999488e-04
-1.738859999999999950e-04 3.250920000000000242e-04
-4.884360000000000107e-05 1.109690000000000043e-05
9.013810000000000355e-05 -3.011560000000000148e-04
2.243419999999999876e-04 -5.649220000000000370e-04
3.375739999999999904e-04 -7.466109999999999977e-04
4.073959999999999734e-04 -7.897190000000000329e-04
4.060140000000000060e-04 -6.841879999999999620e-04
3.201850000000000117e-04 -4.747609999999999764e-04
1.667740000000000129e-04 -2.332640000000000082e-04
-1.474869999999999992e-05 1.161399999999999926e-05
-1.834499999999999868e-04 2.848080000000000013e-04
-3.103739999999999798e-04 5.678719999999999732e-04
-3.789880000000000245e-04 7.629709999999999834e-04
-3.850030000000000271e-04 8.027079999999999589e-04
-3.372070000000000124e-04 7.006109999999999638e-04
-2.485580000000000146e-04 4.904500000000000222e-04
-1.247999999999999977e-04 1.839140000000000013e-04
3.108519999999999843e-05 -1.986240000000000011e-04
2.027649999999999873e-04 -5.676869999999999876e-04
3.562139999999999881e-04 -8.080130000000000038e-04
4.543600000000000069e-04 -8.708379999999999723e-04
4.716620000000000252e-04 -7.804560000000000100e-04
3.962969999999999904e-04 -5.726050000000000107e-04
2.322559999999999935e-04 -2.754939999999999885e-04
9.083410000000000841e-06 6.608029999999999818e-05
-2.193990000000000046e-04 4.119789999999999802e-04
-3.989010000000000082e-04 7.244369999999999759e-04
-4.972540000000000337e-04 9.242890000000000134e-04
-5.051269999999999632e-04 9.402949999999999546e-04
-4.267230000000000003e-04 7.680630000000000356e-04
-2.741630000000000109e-04 4.325399999999999753e-04
-6.551589999999999389e-05 -2.527030000000000096e-05
1.725099999999999865e-04 -5.132010000000000217e-04
3.987230000000000244e-04 -8.864670000000000492e-04
5.603910000000000358e-04 -1.038110000000000074e-03
6.118529999999999846e-04 -9.828580000000000823e-04
5.342069999999999761e-04 -7.840069999999999765e-04
3.391679999999999890e-04 -4.516160000000000074e-04
6.323020000000000322e-05 1.787540000000000168e-05
-2.359750000000000031e-04 5.283930000000000484e-04
-4.891070000000000183e-04 9.194200000000000029e-04
-6.384799999999999720e-04 1.097759999999999925e-03
-6.565559999999999799e-04 1.059840000000000044e-03
-5.429820000000000133e-04 8.331019999999999528e-04
-3.147180000000000181e-04 4.175539999999999937e-04
-8.044239999999999404e-06 -1.489080000000000048e-04
3.156899999999999810e-04 -7.205449999999999529e-04
5.820379999999999998e-04 -1.118180000000000085e-03
7.287809999999999601e-04 -1.228630000000000087e-03
7.205329999999999808e-04 -1.053429999999999948e-03
5.497259999999999473e-04 -6.672829999999999604e-04
2.396400000000000028e-04 -1.398080000000000004e-04
-1.473640000000000074e-04 4.346800000000000056e-04
-5.134850000000000482e-04 9.086170000000000184e-04
-7.580389999999999568e-04 1.186430000000000037e-03
-8.211339999999999481e-04 1.240210000000000054e-03
-6.981350000000000099e-04 1.036980000000000063e-03
-4.214169999999999939e-04 5.463840000000000190e-04
-4.463039999999999878e-05 -1.455530000000000072e-04
3.561200000000000259e-04 -8.064219999999999982e-04
6.891230000000000359e-04 -1.235680000000000068e-03
8.729119999999999935e-04 -1.361889999999999932e-03
8.589580000000000522e-04 -1.206360000000000071e-03
6.405309999999999563e-04 -7.999699999999999997e-04
2.563159999999999766e-04 -1.563470000000000127e-04
-2.084940000000000133e-04 5.861129999999999769e-04
-6.362880000000000445e-04 1.175400000000000056e-03
-9.156099999999999699e-04 1.448510000000000075e-03
-9.780279999999999269e-04 1.366449999999999956e-03
-8.033380000000000121e-04 9.343980000000000211e-04
-4.154370000000000003e-04 2.526650000000000076e-04
1.049049999999999993e-04 -4.850090000000000044e-04
6.225630000000000226e-04 -1.116049999999999941e-03
9.918119999999999020e-04 -1.499200000000000012e-03
1.109249999999999993e-03 -1.519120000000000106e-03
9.424229999999999587e-04 -1.156069999999999928e-03
5.304980000000000155e-04 -4.575110000000000179e-04
-3.161319999999999744e-05 4.314219999999999904e-04
-6.093890000000000027e-04 1.210190000000000094e-03
-1.050289999999999948e-03 1.613349999999999940e-03
-1.224519999999999992e-03 1.562460000000000107e-03
-1.068390000000000008e-03 1.116459999999999892e-03
-6.059779999999999637e-04 3.744290000000000162e-04
5.323429999999999953e-05 -5.408589999999999795e-04
7.325090000000000030e-04 -1.355379999999999996e-03
1.230689999999999996e-03 -1.775469999999999913e-03
1.392709999999999912e-03 -1.689409999999999914e-03
1.165680000000000101e-03 -1.149690000000000087e-03
6.052400000000000531e-04 -3.004120000000000098e-04
-1.458870000000000078e-04 6.469919999999999881e-04
-8.826259999999999618e-04 1.420500000000000105e-03
-1.385439999999999935e-03 1.822920000000000009e-03
-1.495760000000000058e-03 1.728099999999999992e-03
-1.171940000000000004e-03 1.089970000000000001e-03
-4.998980000000000307e-04 1.036200000000000006e-04
3.306979999999999837e-04 -8.827169999999999852e-04
1.079510000000000105e-03 -1.577939999999999898e-03
1.527780000000000067e-03 -1.861529999999999912e-03
1.540719999999999980e-03 -1.661420000000000041e-03
1.100840000000000065e-03 -9.345350000000000098e-04
3.239690000000000148e-04 8.842030000000000451e-05
-5.560530000000000377e-04 1.029629999999999912e-03
-1.265550000000000052e-03 1.621229999999999980e-03
-1.592150000000000076e-03 1.730769999999999965e-03
-1.443260000000000029e-03 1.349530000000000044e-03
-8.609820000000000450e-04 5.884949999999999687e-04
-1.738860000000000153e-05 -3.206780000000000221e-04
8.237249999999999781e-04 -1.099970000000000028e-03
1.394309999999999950e-03 -1.529900000000000053e-03
1.520499999999999933e-03 -1.488050000000000093e-03
1.177010000000000035e-03 -1.004160000000000035e-03
4.857160000000000232e-04 -2.701940000000000223e-04
-3.290219999999999950e-04 4.981039999999999730e-04
-1.014359999999999958e-03 1.121070000000000053e-03
-1.366119999999999965e-03 1.402059999999999895e-03
-1.286679999999999898e-03 1.225240000000000053e-03
-8.163369999999999871e-04 6.875120000000000406e-04
-1.210349999999999957e-04 5.364639999999999683e-06
5.714980000000000364e-04 -6.244170000000000493e-04
1.052320000000000035e-03 -1.046489999999999964e-03
1.189439999999999942e-03 -1.155449999999999923e-03
9.591800000000000152e-04 -9.279299999999999875e-04
4.524449999999999956e-04 -4.388199999999999761e-04
-1.558639999999999971e-04 1.549479999999999944e-04
-6.713539999999999829e-04 6.654000000000000192e-04
-9.471320000000000520e-04 9.414760000000000099e-04
-9.224170000000000286e-04 9.181939999999999980e-04
-6.278920000000000117e-04 6.275840000000000411e-04
-1.684740000000000001e-04 1.736709999999999979e-04
3.094829999999999912e-04 -3.035040000000000134e-04
6.622349999999999504e-04 -6.628159999999999911e-04
7.927029999999999623e-04 -8.015000000000000206e-04
6.782220000000000262e-04 -6.890139999999999459e-04
3.715939999999999933e-04 -3.757950000000000027e-04
-2.212529999999999974e-05 2.785429999999999859e-05
-3.812919999999999808e-04 3.917680000000000207e-04
-6.032500000000000535e-04 6.087549999999999949e-04
-6.315189999999999823e-04 6.261269999999999770e-04
-4.695430000000000003e-04 4.566139999999999891e-04
-1.774789999999999994e-04 1.668589999999999960e-04
1.482330000000000019e-04 -1.490510000000000066e-04
4.067380000000000214e-04 -3.998800000000000271e-04
5.248660000000000261e-04 -5.195199999999999861e-04
4.777930000000000111e-04 -4.792889999999999846e-04
2.922970000000000104e-04 -2.972340000000000073e-04
3.401970000000000227e-05 -3.630779999999999820e-05
-2.152970000000000090e-04 2.173610000000000082e-04
-3.830010000000000012e-04 3.861749999999999948e-04
-4.257150000000000127e-04 4.264149999999999755e-04
-3.394769999999999754e-04 3.375469999999999990e-04
-1.583189999999999999e-04 1.563989999999999912e-04
5.762159999999999732e-05 -5.748619999999999858e-05
2.413200000000000002e-04 -2.397319999999999876e-04
3.398329999999999971e-04 -3.388299999999999797e-04
3.298759999999999974e-04 -3.304119999999999800e-04
2.226669999999999875e-04 -2.238089999999999980e-04
5.741950000000000141e-05 -5.778919999999999890e-05
-1.128029999999999972e-04 1.134219999999999993e-04
-2.375490000000000121e-04 2.382519999999999950e-04
-2.831989999999999833e-04 2.832110000000000096e-04
-2.415940000000000047e-04 2.410719999999999985e-04
-1.310050000000000103e-04 1.306360000000000008e-04
1.082219999999999949e-05 -1.068260000000000001e-05
1.393090000000000040e-04 -1.389320000000000041e-04
2.170770000000000089e-04 -2.169209999999999921e-04
2.247200000000000033e-04 -2.248969999999999984e-04
1.651509999999999914e-04 -1.653939999999999957e-04
6.092420000000000192e-05 -6.095830000000000215e-05
-5.392380000000000030e-05 5.408639999999999769e-05
-1.446519999999999967e-04 1.447909999999999898e-04
-1.860390000000000123e-04 1.860110000000000051e-04
-1.692189999999999938e-04 1.690929999999999885e-04
-1.032719999999999965e-04 1.032060000000000009e-04
-1.131749999999999964e-05 1.136829999999999922e-05
7.741059999999999369e-05 -7.732550000000000361e-05
1.367709999999999954e-04 -1.367510000000000058e-04
1.512709999999999955e-04 -1.513220000000000125e-04
1.198460000000000042e-04 -1.198960000000000054e-04
5.510130000000000046e-05 -5.509739999999999869e-05
-2.139460000000000011e-05 2.143569999999999875e-05
-8.610779999999999574e-05 8.613339999999999766e-05
-1.206480000000000009e-04 1.206349999999999995e-04
-1.168860000000000054e-04 1.168569999999999960e-04
