-4.452450000000000274e-08 6.372390000000000325e-07
-2.388569999999999795e-07 1.996620000000000206e-06
-6.037910000000000099e-07 2.793320000000000134e-06
-1.161630000000000006e-06 4.856530000000000409e-06
-2.402349999999999962e-06 1.299280000000000035e-05
-5.343139999999999973e-06 2.962300000000000081e-05
-1.078129999999999959e-05 5.001909999999999684e-05
-1.819259999999999926e-05 6.204320000000000256e-05
-2.526750000000000160e-05 5.851749999999999666e-05
-2.827769999999999863e-05 3.766970000000000290e-05
-2.268180000000000025e-05 -2.573309999999999847e-06
-5.367689999999999594e-06 -5.297029999999999664e-05
2.164810000000000031e-05 -9.525980000000000569e-05
5.071730000000000313e-05 -1.207900000000000006e-04
7.276760000000000444e-05 -1.357089999999999978e-04
8.176729999999999892e-05 -1.480230000000000022e-04
7.650899999999999541e-05 -1.569130000000000069e-04
6.073159999999999973e-05 -1.556139999999999910e-04
4.142740000000000251e-05 -1.362939999999999931e-04
2.415089999999999945e-05 -9.035510000000000503e-05
8.935869999999999878e-06 -2.055310000000000147e-05
-7.713009999999999528e-06 4.899749999999999971e-05
-2.755149999999999871e-05 9.909820000000000607e-05
-4.916119999999999952e-05 1.375550000000000069e-04
-6.946069999999999718e-05 1.752760000000000071e-04
-8.407590000000000592e-05 2.027639999999999987e-04
-8.887529999999999931e-05 2.082370000000000054e-04
-8.363710000000000599e-05 1.969419999999999992e-04
-7.232360000000000665e-05 1.834480000000000095e-04
-5.920439999999999850e-05 1.763169999999999993e-04
-4.665950000000000278e-05 1.656729999999999976e-04
-3.525399999999999823e-05 1.228909999999999996e-04
-2.303110000000000045e-05 3.766620000000000200e-05
-5.508580000000000375e-06 -6.159439999999999425e-05
2.253949999999999994e-05 -1.532190000000000114e-04
6.377770000000000433e-05 -2.393399999999999955e-04
1.130019999999999999e-04 -3.151440000000000036e-04
1.557800000000000027e-04 -3.627279999999999871e-04
1.767539999999999953e-04 -3.689149999999999873e-04
1.694479999999999945e-04 -3.340600000000000101e-04
1.369929999999999943e-04 -2.704709999999999927e-04
8.686110000000000087e-05 -1.899109999999999915e-04
2.829280000000000125e-05 -9.742720000000000124e-05
-2.714869999999999979e-05 -1.499559999999999963e-06
-6.822879999999999971e-05 9.091610000000000186e-05
-9.034660000000000672e-05 1.747080000000000085e-04
-9.735509999999999900e-05 2.366050000000000022e-04
-9.631179999999999494e-05 2.652759999999999992e-04
-9.251290000000000663e-05 2.690969999999999886e-04
-8.933740000000000290e-05 2.733689999999999775e-04
-8.912160000000000405e-05 2.885939999999999816e-04
-9.175489999999999796e-05 2.925210000000000136e-04
-9.346230000000000130e-05 2.552669999999999939e-04
-8.750309999999999913e-05 1.675349999999999875e-04
-6.618859999999999848e-05 5.481150000000000198e-05
-2.471870000000000103e-05 -5.056200000000000142e-05
3.557299999999999975e-05 -1.623569999999999907e-04
1.064090000000000039e-04 -3.010980000000000232e-04
1.726900000000000017e-04 -4.296190000000000078e-04
2.172909999999999902e-04 -4.935410000000000101e-04
2.293929999999999906e-04 -4.660579999999999888e-04
2.056349999999999921e-04 -3.595329999999999880e-04
1.468250000000000046e-04 -2.275119999999999996e-04
6.080060000000000195e-05 -1.104119999999999993e-04
-3.334320000000000290e-05 -1.903370000000000083e-06
-1.106089999999999976e-04 1.218160000000000006e-04
-1.536479999999999899e-04 2.568299999999999923e-04
-1.621519999999999884e-04 3.604640000000000101e-04
-1.498779999999999904e-04 3.998420000000000251e-04
-1.330869999999999948e-04 3.889210000000000258e-04
-1.200339999999999963e-04 3.634879999999999730e-04
-1.091090000000000018e-04 3.358650000000000242e-04
-9.529790000000000114e-05 2.853299999999999803e-04
-7.590399999999999697e-05 1.872669999999999944e-04
-4.812050000000000116e-05 3.638700000000000246e-05
-4.357090000000000325e-06 -1.464690000000000100e-04
6.247669999999999764e-05 -3.161460000000000051e-04
1.463769999999999980e-04 -4.353459999999999752e-04
2.251400000000000027e-04 -5.026170000000000160e-04
2.716630000000000043e-04 -5.234060000000000231e-04
2.679000000000000066e-04 -4.860460000000000149e-04
2.122860000000000068e-04 -3.793849999999999870e-04
1.192880000000000004e-04 -2.189220000000000022e-04
1.046389999999999988e-05 -1.690999999999999903e-05
-9.652040000000000511e-05 2.094289999999999900e-04
-1.874780000000000099e-04 3.925239999999999979e-04
-2.471180000000000013e-04 4.946660000000000510e-04
-2.649959999999999816e-04 5.286310000000000011e-04
-2.420950000000000055e-04 5.106620000000000516e-04
-1.886240000000000020e-04 4.515200000000000138e-04
-1.193380000000000016e-04 3.489829999999999755e-04
-4.883859999999999688e-05 1.930950000000000071e-04
1.468490000000000064e-05 -8.579669999999999799e-06
7.355590000000000500e-05 -2.377090000000000106e-04
1.360819999999999890e-04 -4.562759999999999798e-04
2.021009999999999951e-04 -5.809349999999999800e-04
2.550769999999999839e-04 -5.821580000000000461e-04
2.729580000000000114e-04 -5.053559999999999910e-04
2.419330000000000027e-04 -3.923709999999999741e-04
1.615879999999999986e-04 -2.534340000000000269e-04
4.562269999999999943e-05 -5.949839999999999941e-05
-8.116589999999999482e-05 1.851439999999999878e-04
-1.905239999999999939e-04 4.002839999999999914e-04
-2.628339999999999843e-04 5.382959999999999568e-04
-2.945530000000000240e-04 6.133929999999999461e-04
-2.884200000000000067e-04 6.122719999999999682e-04
-2.422090000000000115e-04 5.120460000000000506e-04
-1.555019999999999894e-04 2.998219999999999900e-04
-3.923149999999999869e-05 2.868510000000000002e-06
8.763630000000000660e-05 -2.894500000000000154e-04
2.084060000000000101e-04 -5.336849999999999971e-04
3.096999999999999927e-04 -6.995820000000000250e-04
3.704499999999999785e-04 -7.339710000000000375e-04
3.641420000000000247e-04 -6.292020000000000382e-04
2.806400000000000236e-04 -4.295570000000000074e-04
1.390399999999999969e-04 -2.042040000000000120e-04
-2.359540000000000113e-05 2.051580000000000100e-05
-1.722059999999999975e-04 2.706979999999999890e-04
-2.824120000000000059e-04 5.299280000000000396e-04
-3.390399999999999794e-04 7.054710000000000494e-04
-3.386710000000000241e-04 7.360999999999999488e-04
-2.921929999999999992e-04 6.380620000000000042e-04
-2.132439999999999932e-04 4.435670000000000173e-04
-1.050490000000000034e-04 1.611560000000000000e-04
3.245349999999999684e-05 -1.922729999999999936e-04
1.843389999999999981e-04 -5.320509999999999649e-04
3.185230000000000266e-04 -7.490850000000000286e-04
4.026270000000000196e-04 -7.997949999999999547e-04
4.160410000000000236e-04 -7.105650000000000247e-04
3.481189999999999784e-04 -5.163169999999999695e-04
2.006199999999999867e-04 -2.424890000000000021e-04
2.765900000000000170e-07 7.038539999999999868e-05
-2.025709999999999956e-04 3.866380000000000207e-04
-3.592199999999999929e-04 6.719799999999999732e-04
-4.428580000000000212e-04 8.514599999999999556e-04
-4.460929999999999995e-04 8.598969999999999834e-04
-3.727930000000000067e-04 6.967090000000000002e-04
-2.345199999999999976e-04 3.850169999999999764e-04
-4.773979999999999988e-05 -3.912349999999999904e-05
1.639909999999999957e-04 -4.890359999999999846e-04
3.630570000000000173e-04 -8.272209999999999459e-04
5.012320000000000013e-04 -9.554159999999999476e-04
5.394199999999999820e-04 -8.935800000000000470e-04
4.643189999999999839e-04 -7.043690000000000454e-04
2.874250000000000069e-04 -3.952660000000000201e-04
3.992170000000000099e-05 3.885159999999999916e-05
-2.258849999999999964e-04 5.059920000000000303e-04
-4.451519999999999826e-04 8.553049999999999976e-04
-5.671849999999999982e-04 1.004649999999999944e-03
-5.726589999999999936e-04 9.570289999999999743e-04
-4.648389999999999857e-04 7.412840000000000401e-04
-2.581959999999999789e-04 3.558219999999999959e-04
1.547289999999999885e-05 -1.655899999999999918e-04
2.991010000000000218e-04 -6.853599999999999840e-04
5.249449999999999689e-04 -1.036140000000000064e-03
6.409459999999999854e-04 -1.116809999999999982e-03
6.208999999999999676e-04 -9.370160000000000424e-04
4.608869999999999937e-04 -5.726210000000000458e-04
1.820779999999999870e-04 -8.789080000000000221e-05
-1.590460000000000083e-04 4.318570000000000091e-04
-4.735440000000000049e-04 8.500400000000000404e-04
-6.729190000000000128e-04 1.082709999999999966e-03
-7.101660000000000307e-04 1.111629999999999953e-03
-5.877150000000000473e-04 9.105610000000000526e-04
-3.361199999999999735e-04 4.523859999999999882e-04
-2.729230000000000041e-06 -1.809129999999999940e-04
3.431029999999999844e-04 -7.713620000000000459e-04
6.195250000000000019e-04 -1.138139999999999942e-03
7.598439999999999708e-04 -1.225119999999999898e-03
7.288639999999999659e-04 -1.060809999999999921e-03
5.245399999999999889e-04 -6.774860000000000387e-04
1.816909999999999923e-04 -8.605589999999999713e-05
-2.228449999999999984e-04 5.838990000000000282e-04
-5.831639999999999480e-04 1.097319999999999936e-03
-8.040849999999999560e-04 1.311639999999999985e-03
-8.341009999999999614e-04 1.203379999999999988e-03
-6.620709999999999703e-04 7.850580000000000449e-04
-3.108599999999999883e-04 1.551140000000000060e-04
1.455369999999999993e-04 -5.054429999999999513e-04
5.845410000000000536e-04 -1.053359999999999930e-03
8.804890000000000329e-04 -1.365759999999999934e-03
9.510680000000000089e-04 -1.343360000000000040e-03
7.766949999999999896e-04 -9.795780000000000459e-04
3.983600000000000010e-04 -3.265060000000000076e-04
-9.630480000000000670e-05 4.792209999999999981e-04
-5.868720000000000013e-04 1.158450000000000105e-03
-9.406500000000000148e-04 1.474080000000000008e-03
-1.051489999999999977e-03 1.371709999999999943e-03
-8.759090000000000192e-04 9.224710000000000115e-04
-4.455969999999999961e-04 2.262459999999999883e-04
1.373670000000000013e-04 -6.022799999999999595e-04
7.141800000000000231e-04 -1.307999999999999918e-03
1.108339999999999976e-03 -1.626730000000000060e-03
1.194030000000000005e-03 -1.476400000000000108e-03
9.433259999999999736e-04 -9.278799999999999592e-04
4.204769999999999927e-04 -1.291409999999999889e-04
-2.417569999999999962e-04 7.192179999999999841e-04
-8.601159999999999622e-04 1.370530000000000012e-03
-1.244630000000000042e-03 1.660559999999999944e-03
-1.270419999999999969e-03 1.493170000000000044e-03
-9.225830000000000402e-04 8.442130000000000163e-04
-2.962749999999999780e-04 -8.303289999999999575e-05
4.289159999999999978e-04 -9.543989999999999809e-04
1.039900000000000069e-03 -1.512490000000000015e-03
1.357160000000000050e-03 -1.674780000000000062e-03
1.284479999999999953e-03 -1.400540000000000031e-03
8.286619999999999750e-04 -6.694300000000000467e-04
1.118720000000000023e-04 2.812399999999999839e-04
-6.438029999999999751e-04 1.092859999999999969e-03
-1.197939999999999986e-03 1.535799999999999926e-03
-1.386199999999999976e-03 1.519029999999999990e-03
-1.158380000000000087e-03 1.069099999999999911e-03
-5.783970000000000257e-04 3.185199999999999794e-04
1.817330000000000030e-04 -5.022779999999999910e-04
8.791450000000000133e-04 -1.140540000000000000e-03
1.286720000000000095e-03 -1.416570000000000025e-03
1.280670000000000029e-03 -1.251259999999999916e-03
8.761069999999999925e-04 -7.114139999999999483e-04
2.125180000000000005e-04 -7.195030000000000127e-06
-4.941620000000000301e-04 6.544419999999999795e-04
-1.023100000000000094e-03 1.124989999999999974e-03
-1.216370000000000038e-03 1.251369999999999913e-03
-1.022619999999999909e-03 9.637960000000000537e-04
-5.161799999999999809e-04 3.934060000000000074e-04
1.251520000000000106e-04 -2.343749999999999913e-04
6.902530000000000471e-04 -7.403180000000000090e-04
1.010459999999999917e-03 -1.005510000000000041e-03
1.002319999999999904e-03 -9.703990000000000445e-04
6.839650000000000287e-04 -6.545560000000000397e-04
1.715390000000000122e-04 -1.590449999999999926e-04
-3.586509999999999785e-04 3.579820000000000159e-04
-7.368249999999999800e-04 7.321289999999999829e-04
-8.589189999999999802e-04 8.539280000000000004e-04
-7.104000000000000288e-04 7.056570000000000507e-04
-3.576550000000000172e-04 3.567399999999999760e-04
7.853590000000000137e-05 -7.325930000000000517e-05
4.600979999999999849e-04 -4.538739999999999984e-04
6.735929999999999999e-04 -6.742410000000000113e-04
6.648840000000000262e-04 -6.736720000000000512e-04
4.532359999999999818e-04 -4.635889999999999824e-04
1.195560000000000053e-04 -1.232700000000000039e-04
-2.248870000000000036e-04 2.305789999999999890e-04
-4.754270000000000002e-04 4.853309999999999786e-04
-5.638140000000000469e-04 5.687589999999999530e-04
-4.744889999999999763e-04 4.691179999999999764e-04
-2.458350000000000205e-04 2.335960000000000044e-04
4.336299999999999801e-05 -5.314729999999999850e-05
2.996620000000000186e-04 -3.002009999999999943e-04
4.454640000000000162e-04 -4.390660000000000006e-04
4.433360000000000122e-04 -4.386200000000000255e-04
3.050959999999999805e-04 -3.067049999999999985e-04
8.381809999999999630e-05 -8.832179999999999859e-05
-1.462509999999999928e-04 1.443770000000000036e-04
-3.142260000000000235e-04 3.162659999999999972e-04
-3.738890000000000247e-04 3.767250000000000091e-04
-3.154559999999999829e-04 3.159009999999999965e-04
-1.652749999999999922e-04 1.634039999999999961e-04
2.471520000000000013e-05 -2.636910000000000135e-05
1.938569999999999974e-04 -1.935460000000000067e-04
2.915220000000000051e-04 -2.900259999999999774e-04
2.924620000000000062e-04 -2.916899999999999940e-04
2.034449999999999876e-04 -2.040749999999999867e-04
5.878560000000000176e-05 -5.979479999999999881e-05
-9.285480000000000415e-05 9.265890000000000151e-05
-2.047770000000000081e-04 2.054070000000000071e-04
-2.460599999999999853e-04 2.466300000000000154e-04
-2.093650000000000122e-04 2.092759999999999933e-04
-1.113790000000000055e-04 1.108890000000000017e-04
1.369779999999999953e-05 -1.396470000000000031e-05
1.256069999999999919e-04 -1.254190000000000133e-04
1.908649999999999962e-04 -1.905330000000000001e-04
1.927999999999999972e-04 -1.927160000000000028e-04
1.355489999999999993e-04 -1.357449999999999954e-04
4.112029999999999998e-05 -4.131850000000000090e-05
-5.884990000000000045e-05 5.886469999999999902e-05
-1.334920000000000019e-04 1.336540000000000048e-04
-1.619319999999999939e-04 1.620299999999999920e-04
-1.388299999999999972e-04 1.387740000000000100e-04
-7.493520000000000042e-05 7.482250000000000402e-05
7.266609999999999872e-06 -7.300000000000000411e-06
8.125019999999999671e-05 -8.118739999999999453e-05
1.249310000000000004e-04 -1.248629999999999868e-04
1.271640000000000042e-04 -1.271660000000000086e-04
9.034509999999999666e-05 -9.039770000000000357e-05
2.862490000000000100e-05 -2.865949999999999894e-05
-3.731060000000000154e-05 3.732699999999999685e-05
-8.702020000000000415e-05 8.705760000000000484e-05
-1.065000000000000002e-04 1.065130000000000016e-04
-9.198829999999999475e-05 9.196870000000000598e-05
-5.039240000000000223e-05 5.036909999999999857e-05
