-5.150219999999999778e-08 6.010659999999999640e-07
-2.468489999999999891e-07 1.828309999999999991e-06
-5.438349999999999990e-07 2.448060000000000072e-06
-9.790109999999999512e-07 4.293599999999999854e-06
-2.144769999999999796e-06 1.175910000000000063e-05
-4.891719999999999813e-06 2.666980000000000002e-05
-9.482930000000000702e-06 4.426990000000000113e-05
-1.502599999999999979e-05 5.343189999999999913e-05
-1.964379999999999986e-05 4.845869999999999735e-05
-2.072319999999999837e-05 2.855759999999999912e-05
-1.480489999999999949e-05 -7.812879999999999641e-06
1.860919999999999964e-07 -5.148060000000000309e-05
2.138979999999999975e-05 -8.564610000000000658e-05
4.206960000000000121e-05 -1.036059999999999970e-04
5.615389999999999781e-05 -1.122860000000000020e-04
6.028559999999999757e-05 -1.197280000000000029e-04
5.394759999999999828e-05 -1.257200000000000093e-04
4.050050000000000297e-05 -1.246040000000000017e-04
2.622289999999999926e-05 -1.094810000000000043e-04
1.521119999999999931e-05 -7.236890000000000434e-05
6.121049999999999611e-06 -1.549990000000000046e-05
-4.357430000000000393e-06 4.008809999999999994e-05
-1.748609999999999848e-05 7.932589999999999889e-05
-3.320789999999999761e-05 1.111529999999999978e-04
-5.009200000000000084e-05 1.444729999999999973e-04
-6.331339999999999592e-05 1.688229999999999928e-04
-6.795030000000000568e-05 1.736370000000000047e-04
-6.455079999999999867e-05 1.647060000000000050e-04
-5.716089999999999680e-05 1.552830000000000106e-04
-4.799700000000000141e-05 1.519509999999999958e-04
-3.772069999999999953e-05 1.437630000000000125e-04
-2.711169999999999997e-05 1.039819999999999948e-04
-1.556680000000000146e-05 2.640610000000000117e-05
-6.016660000000000091e-07 -5.962290000000000135e-05
2.156200000000000125e-05 -1.360660000000000081e-04
5.387049999999999863e-05 -2.077950000000000120e-04
9.173629999999999784e-05 -2.699019999999999783e-04
1.216289999999999971e-04 -3.051139999999999929e-04
1.319229999999999904e-04 -3.029940000000000064e-04
1.212660000000000007e-04 -2.671509999999999770e-04
9.444659999999999796e-05 -2.117689999999999980e-04
5.659460000000000190e-05 -1.475129999999999953e-04
1.407210000000000034e-05 -7.593990000000000115e-05
-2.369420000000000093e-05 -2.119489999999999929e-06
-4.839769999999999912e-05 6.919659999999999407e-05
-5.917639999999999809e-05 1.349280000000000065e-04
-6.178839999999999951e-05 1.848870000000000071e-04
-6.226350000000000450e-05 2.105470000000000019e-04
-6.394510000000000547e-05 2.195119999999999949e-04
-6.850109999999999370e-05 2.320839999999999958e-04
-7.569040000000000295e-05 2.534169999999999760e-04
-8.214550000000000150e-05 2.599599999999999979e-04
-8.285960000000000200e-05 2.247159999999999945e-04
-7.322759999999999664e-05 1.420960000000000029e-04
-4.944239999999999947e-05 3.881959999999999675e-05
-1.021039999999999968e-05 -5.458059999999999713e-05
4.165739999999999862e-05 -1.523700000000000065e-04
9.827730000000000179e-05 -2.715239999999999841e-04
1.452910000000000020e-04 -3.740330000000000152e-04
1.686330000000000099e-04 -4.129709999999999870e-04
1.647379999999999938e-04 -3.721989999999999782e-04
1.369619999999999941e-04 -2.705690000000000178e-04
8.816059999999999750e-05 -1.599799999999999963e-04
2.484040000000000022e-05 -7.256650000000000394e-05
-3.822149999999999989e-05 4.703470000000000387e-06
-8.380680000000000540e-05 9.613100000000000507e-05
-1.027339999999999959e-04 1.983060000000000085e-04
-9.932689999999999933e-05 2.759130000000000263e-04
-8.789450000000000355e-05 3.061359999999999841e-04
-8.232360000000000578e-05 3.053129999999999820e-04
-8.600779999999999331e-05 3.010560000000000124e-04
-9.153069999999999425e-05 2.946359999999999756e-04
-9.007329999999999699e-05 2.601220000000000008e-04
-7.793830000000000560e-05 1.749929999999999964e-04
-5.259649999999999693e-05 3.844860000000000318e-05
-8.236839999999999898e-06 -1.270560000000000114e-04
5.721580000000000199e-05 -2.789719999999999982e-04
1.320209999999999884e-04 -3.832999999999999927e-04
1.936809999999999910e-04 -4.380349999999999760e-04
2.212009999999999985e-04 -4.462989999999999904e-04
2.038770000000000133e-04 -3.990950000000000270e-04
1.454449999999999873e-04 -2.931720000000000181e-04
6.334200000000000442e-05 -1.498670000000000069e-04
-2.187449999999999868e-05 1.838470000000000035e-05
-9.728069999999999849e-05 1.982189999999999939e-04
-1.529029999999999962e-04 3.317910000000000087e-04
-1.785120000000000012e-04 3.948010000000000169e-04
-1.736909999999999875e-04 4.075899999999999922e-04
-1.479150000000000094e-04 3.872060000000000194e-04
-1.106870000000000060e-04 3.438280000000000156e-04
-7.023960000000000425e-05 2.729200000000000094e-04
-3.392400000000000249e-05 1.595610000000000127e-04
-2.597620000000000042e-06 5.321789999999999746e-06
3.187220000000000293e-05 -1.782409999999999897e-04
7.910070000000000653e-05 -3.606980000000000082e-04
1.360529999999999932e-04 -4.667800000000000269e-04
1.850199999999999870e-04 -4.712650000000000085e-04
2.075749999999999904e-04 -4.141829999999999882e-04
1.915250000000000069e-04 -3.272190000000000125e-04
1.321130000000000004e-04 -2.151739999999999968e-04
3.845460000000000279e-05 -5.013590000000000223e-05
-6.568670000000000249e-05 1.605199999999999878e-04
-1.522670000000000111e-04 3.392509999999999948e-04
-2.049689999999999954e-04 4.473720000000000257e-04
-2.250909999999999901e-04 5.050820000000000136e-04
-2.155459999999999993e-04 5.000370000000000509e-04
-1.717920000000000113e-04 4.102679999999999825e-04
-9.642189999999999919e-05 2.246449999999999879e-04
-5.330509999999999892e-06 -2.840270000000000167e-05
8.406279999999999753e-05 -2.639389999999999814e-04
1.635229999999999995e-04 -4.503280000000000022e-04
2.284649999999999886e-04 -5.702049999999999523e-04
2.626870000000000008e-04 -5.807190000000000485e-04
2.455569999999999801e-04 -4.798070000000000091e-04
1.758180000000000029e-04 -3.101679999999999889e-04
7.449959999999999395e-05 -1.341980000000000050e-04
-3.273529999999999810e-05 3.022969999999999959e-05
-1.275880000000000124e-04 2.170460000000000087e-04
-1.963389999999999916e-04 4.177149999999999808e-04
-2.271320000000000066e-04 5.510089999999999823e-04
-2.195189999999999967e-04 5.682229999999999703e-04
-1.876869999999999938e-04 4.901219999999999535e-04
-1.416249999999999866e-04 3.429439999999999746e-04
-7.473169999999999466e-05 1.244229999999999978e-04
1.937589999999999858e-05 -1.591490000000000038e-04
1.270049999999999944e-04 -4.333289999999999842e-04
2.209120000000000018e-04 -6.007869999999999790e-04
2.799699999999999910e-04 -6.292309999999999527e-04
2.921970000000000079e-04 -5.501139999999999849e-04
2.461240000000000172e-04 -3.943850000000000263e-04
1.379619999999999913e-04 -1.776000000000000072e-04
-1.026819999999999937e-05 7.009519999999999933e-05
-1.558719999999999876e-04 3.201540000000000115e-04
-2.633140000000000068e-04 5.439130000000000353e-04
-3.164159999999999738e-04 6.777499999999999671e-04
-3.106830000000000203e-04 6.721739999999999920e-04
-2.504469999999999960e-04 5.333350000000000157e-04
-1.468580000000000091e-04 2.783759999999999924e-04
-1.157730000000000010e-05 -6.602949999999999521e-05
1.384640000000000079e-04 -4.245009999999999799e-04
2.722280000000000099e-04 -6.786109999999999712e-04
3.542220000000000112e-04 -7.523029999999999561e-04
3.645149999999999888e-04 -6.774930000000000405e-04
3.015210000000000156e-04 -5.152740000000000271e-04
1.718280000000000089e-04 -2.674509999999999843e-04
-5.642590000000000130e-06 7.641480000000000570e-05
-1.882209999999999992e-04 4.366880000000000176e-04
-3.241359999999999879e-04 6.864380000000000438e-04
-3.850670000000000048e-04 7.699920000000000505e-04
-3.709750000000000048e-04 7.072670000000000302e-04
-2.876290000000000205e-04 5.296879999999999471e-04
-1.402820000000000098e-04 2.270429999999999877e-04
4.891200000000000197e-05 -1.808310000000000039e-04
2.338349999999999999e-04 -5.756999999999999531e-04
3.667130000000000107e-04 -8.180620000000000426e-04
4.214749999999999855e-04 -8.378390000000000533e-04
3.902530000000000191e-04 -6.643309999999999927e-04
2.721269999999999917e-04 -3.702690000000000018e-04
7.897039999999999865e-05 5.090259999999999948e-07
-1.492160000000000025e-04 3.869470000000000071e-04
-3.459749999999999935e-04 6.779079999999999611e-04
-4.523570000000000195e-04 8.164739999999999758e-04
-4.497580000000000263e-04 8.061970000000000334e-04
-3.506240000000000094e-04 6.330679999999999771e-04
-1.741900000000000111e-04 2.711170000000000268e-04
4.946409999999999962e-05 -2.142690000000000046e-04
2.676630000000000155e-04 -6.426059999999999932e-04
4.246710000000000003e-04 -8.776219999999999941e-04
4.881330000000000239e-04 -8.954129999999999598e-04
4.456150000000000085e-04 -7.376820000000000295e-04
2.961850000000000246e-04 -4.332350000000000220e-04
6.164410000000000158e-05 2.162840000000000116e-05
-2.013759999999999910e-04 5.216539999999999762e-04
-4.161340000000000243e-04 8.706869999999999801e-04
-5.262570000000000268e-04 9.719589999999999957e-04
-5.140070000000000272e-04 8.348299999999999471e-04
-3.782130000000000192e-04 4.816849999999999799e-04
-1.314909999999999918e-04 -4.331080000000000213e-06
1.703800000000000052e-04 -4.807300000000000136e-04
4.371789999999999964e-04 -8.487660000000000387e-04
5.912899999999999580e-04 -1.022789999999999984e-03
5.917719999999999578e-04 -9.380939999999999938e-04
4.372900000000000094e-04 -6.133049999999999700e-04
1.650920000000000111e-04 -9.849100000000000281e-05
-1.604320000000000117e-04 5.005399999999999476e-04
-4.570250000000000094e-04 9.580020000000000072e-04
-6.388159999999999498e-04 1.101530000000000087e-03
-6.490460000000000196e-04 9.267589999999999812e-04
-4.793940000000000115e-04 5.215900000000000527e-04
-1.642340000000000000e-04 -2.579420000000000115e-05
2.228739999999999942e-04 -6.313379999999999513e-04
5.691029999999999483e-04 -1.091659999999999939e-03
7.562769999999999692e-04 -1.211959999999999990e-03
7.234459999999999849e-04 -9.713140000000000315e-04
4.861390000000000156e-04 -4.698530000000000024e-04
1.059070000000000009e-04 1.527300000000000098e-04
-3.238690000000000123e-04 7.407530000000000277e-04
-6.765070000000000198e-04 1.119599999999999892e-03
-8.322829999999999595e-04 1.198730000000000065e-03
-7.380979999999999659e-04 9.378560000000000412e-04
-4.203060000000000108e-04 3.486040000000000254e-04
3.009860000000000012e-05 -3.675039999999999969e-04
4.766990000000000246e-04 -9.361140000000000433e-04
7.835700000000000347e-04 -1.194439999999999955e-03
8.644580000000000233e-04 -1.143350000000000009e-03
6.939049999999999776e-04 -7.968229999999999974e-04
3.044139999999999758e-04 -1.630790000000000017e-04
-1.930599999999999981e-04 5.365339999999999693e-04
-6.257730000000000410e-04 1.016919999999999933e-03
-8.505360000000000437e-04 1.148469999999999960e-03
-8.134519999999999902e-04 9.301669999999999730e-04
-5.316529999999999867e-04 4.500339999999999809e-04
-7.979179999999999726e-05 -1.472570000000000031e-04
4.026640000000000059e-04 -6.783250000000000217e-04
7.481820000000000137e-04 -9.761089999999999611e-04
8.388789999999999485e-04 -9.566750000000000384e-04
6.534270000000000442e-04 -6.288510000000000410e-04
2.617610000000000032e-04 -1.153410000000000058e-04
-2.016060000000000074e-04 3.804769999999999962e-04
-5.819619999999999958e-04 7.203259999999999741e-04
-7.608170000000000037e-04 8.519470000000000341e-04
-6.876620000000000172e-04 7.199059999999999748e-04
-3.887779999999999968e-04 3.358769999999999963e-04
2.871150000000000115e-05 -1.359750000000000119e-04
4.108989999999999973e-04 -5.049300000000000056e-04
6.311379999999999465e-04 -6.754460000000000108e-04
6.342830000000000256e-04 -6.305030000000000313e-04
4.324819999999999836e-04 -4.043019999999999925e-04
9.731439999999999784e-05 -7.325759999999999466e-05
-2.515749999999999757e-04 2.606299999999999763e-04
-4.897789999999999739e-04 4.908059999999999897e-04
-5.428240000000000192e-04 5.414620000000000414e-04
-4.103450000000000023e-04 4.056449999999999965e-04
-1.539669999999999982e-04 1.476720000000000051e-04
1.317699999999999937e-04 -1.329769999999999975e-04
3.517719999999999788e-04 -3.459599999999999741e-04
4.392560000000000106e-04 -4.332410000000000080e-04
3.745409999999999907e-04 -3.756009999999999839e-04
1.895230000000000081e-04 -1.978220000000000043e-04
-4.440199999999999941e-05 3.522170000000000194e-05
-2.437680000000000012e-04 2.409859999999999997e-04
-3.448719999999999737e-04 3.504739999999999787e-04
-3.239389999999999761e-04 3.325630000000000209e-04
-1.989570000000000130e-04 2.024729999999999976e-04
-1.858570000000000063e-05 1.327299999999999980e-05
1.548759999999999991e-04 -1.652600000000000000e-04
2.650090000000000236e-04 -2.727599999999999838e-04
2.793149999999999778e-04 -2.794270000000000065e-04
1.994759999999999990e-04 -1.943079999999999970e-04
5.916079999999999776e-05 -5.576260000000000038e-05
-8.992639999999999336e-05 8.827440000000000308e-05
-1.973049999999999956e-04 1.938029999999999874e-04
-2.304519999999999952e-04 2.293820000000000071e-04
-1.841850000000000128e-04 1.860830000000000004e-04
-8.046470000000000228e-05 8.254259999999999809e-05
4.133370000000000035e-05 -4.141080000000000000e-05
1.395070000000000045e-04 -1.411589999999999948e-04
1.839060000000000109e-04 -1.849110000000000055e-04
1.642319999999999956e-04 -1.636099999999999870e-04
9.165759999999999468e-05 -9.050569999999999644e-05
-5.977470000000000386e-06 6.236179999999999981e-06
-9.420229999999999760e-05 9.350610000000000247e-05
-1.440799999999999893e-04 1.434440000000000042e-04
-1.419050000000000042e-04 1.420159999999999901e-04
-9.272219999999999800e-05 9.327079999999999475e-05
-1.684689999999999959e-05 1.711869999999999925e-05
5.843819999999999896e-05 -5.867670000000000015e-05
1.084379999999999941e-04 -1.087979999999999975e-04
1.187020000000000029e-04 -1.187539999999999950e-04
8.884880000000000219e-05 -8.860909999999999837e-05
3.176070000000000238e-05 -3.156870000000000151e-05
-3.149559999999999708e-05 3.143759999999999865e-05
-7.930999999999999790e-05 7.912860000000000672e-05
-9.693429999999999787e-05 9.686170000000000131e-05
-8.094360000000000205e-05 8.103339999999999567e-05
-3.939680000000000200e-05 3.950909999999999752e-05
1.187720000000000040e-05 -1.187260000000000047e-05
5.515979999999999999e-05 -5.524140000000000273e-05
7.677679999999999986e-05 -7.683280000000000068e-05
7.124879999999999452e-05 -7.122320000000000614e-05
4.249620000000000150e-05 -4.243750000000000153e-05
1.869149999999999926e-06 -1.850780000000000007e-06
-3.618659999999999672e-05 3.615410000000000000e-05
-5.921180000000000117e-05 5.917709999999999962e-05
-6.075150000000000271e-05 6.075370000000000076e-05
-4.201380000000000083e-05 4.204140000000000036e-05
-1.082929999999999981e-05 1.084529999999999931e-05
2.148330000000000148e-05 -2.149380000000000078e-05
4.412929999999999777e-05 -4.414809999999999834e-05
5.035760000000000046e-05 -5.036170000000000268e-05
