-4.491419999999999861e-08 6.295039999999999702e-07
-2.394740000000000174e-07 1.958539999999999802e-06
-6.010140000000000109e-07 2.712190000000000201e-06
-1.150579999999999917e-06 4.731670000000000388e-06
-2.379089999999999951e-06 1.273870000000000053e-05
-5.291989999999999624e-06 2.899100000000000076e-05
-1.065880000000000034e-05 4.873540000000000099e-05
-1.792300000000000102e-05 6.013680000000000333e-05
-2.474650000000000100e-05 5.646810000000000235e-05
-2.739439999999999982e-05 3.612980000000000092e-05
-2.140499999999999920e-05 -3.124209999999999942e-06
-3.914929999999999971e-06 -5.232710000000000253e-05
2.272070000000000085e-05 -9.349399999999999627e-05
5.070790000000000285e-05 -1.181319999999999999e-04
7.118400000000000151e-05 -1.321899999999999931e-04
7.854540000000000187e-05 -1.432489999999999968e-04
7.205459999999999957e-05 -1.504529999999999908e-04
5.587969999999999965e-05 -1.477659999999999944e-04
3.722639999999999988e-05 -1.284609999999999886e-04
2.144730000000000047e-05 -8.463759999999999751e-05
8.085910000000000650e-06 -1.877379999999999972e-05
-6.756949999999999740e-06 4.636689999999999817e-05
-2.503739999999999850e-05 9.329590000000000235e-05
-4.550870000000000018e-05 1.305169999999999974e-04
-6.526389999999999698e-05 1.681280000000000003e-04
-7.997719999999999721e-05 1.955670000000000065e-04
-8.543339999999999420e-05 2.010269999999999982e-04
-8.118719999999999409e-05 1.903429999999999901e-04
-7.076850000000000523e-05 1.780499999999999910e-04
-5.806079999999999813e-05 1.718540000000000117e-04
-4.554449999999999737e-05 1.613159999999999985e-04
-3.422990000000000239e-05 1.186110000000000067e-04
-2.230569999999999889e-05 3.501720000000000077e-05
-5.002820000000000324e-06 -6.075529999999999749e-05
2.302060000000000114e-05 -1.486889999999999989e-04
6.390610000000000127e-05 -2.324489999999999966e-04
1.116810000000000036e-04 -3.068449999999999802e-04
1.518579999999999952e-04 -3.527049999999999782e-04
1.700910000000000085e-04 -3.566740000000000210e-04
1.610980000000000083e-04 -3.202990000000000177e-04
1.283900000000000091e-04 -2.570730000000000237e-04
7.921019999999999591e-05 -1.788539999999999922e-04
2.282039999999999923e-05 -9.011479999999999989e-05
-2.898800000000000096e-05 1.020229999999999971e-06
-6.543829999999999992e-05 8.775230000000000345e-05
-8.335509999999999751e-05 1.656379999999999886e-04
-8.804930000000000417e-05 2.229079999999999874e-04
-8.705680000000000308e-05 2.498630000000000165e-04
-8.516089999999999977e-05 2.553160000000000065e-04
-8.486940000000000434e-05 2.631789999999999954e-04
-8.770689999999999877e-05 2.817450000000000206e-04
-9.284390000000000058e-05 2.876040000000000063e-04
-9.584159999999999392e-05 2.514920000000000241e-04
-8.946109999999999631e-05 1.652869999999999914e-04
-6.604860000000000321e-05 5.450520000000000121e-05
-2.179889999999999893e-05 -4.971119999999999933e-05
4.020099999999999677e-05 -1.614429999999999923e-04
1.102030000000000018e-04 -2.990870000000000182e-04
1.729620000000000018e-04 -4.231549999999999830e-04
2.126239999999999890e-04 -4.801970000000000240e-04
2.200199999999999975e-04 -4.472330000000000055e-04
1.927680000000000084e-04 -3.396739999999999872e-04
1.322720000000000102e-04 -2.106970000000000056e-04
4.749109999999999665e-05 -9.815709999999999572e-05
-4.134990000000000199e-05 5.389200000000000003e-06
-1.098729999999999965e-04 1.220960000000000047e-04
-1.436850000000000041e-04 2.467209999999999846e-04
-1.460210000000000034e-04 3.391860000000000014e-04
-1.323759999999999943e-04 3.721409999999999866e-04
-1.182690000000000022e-04 3.629160000000000198e-04
-1.101060000000000060e-04 3.452819999999999783e-04
-1.049390000000000061e-04 3.265030000000000146e-04
-9.708060000000000018e-05 2.826160000000000195e-04
-8.269189999999999343e-05 1.893440000000000086e-04
-5.700170000000000009e-05 4.289059999999999894e-05
-1.120459999999999942e-05 -1.360859999999999978e-04
6.040480000000000144e-05 -3.041750000000000074e-04
1.483380000000000018e-04 -4.249009999999999896e-04
2.275570000000000034e-04 -4.948339999999999857e-04
2.708100000000000177e-04 -5.159519999999999688e-04
2.620550000000000245e-04 -4.751949999999999794e-04
2.020120000000000032e-04 -3.638320000000000226e-04
1.065979999999999982e-04 -2.014209999999999948e-04
-1.908879999999999925e-06 -2.749289999999999812e-06
-1.053179999999999969e-04 2.149220000000000134e-04
-1.891549999999999872e-04 3.862100000000000038e-04
-2.391080000000000017e-04 4.768840000000000101e-04
-2.476040000000000098e-04 5.024260000000000444e-04
-2.190849999999999937e-04 4.801370000000000009e-04
-1.657750000000000044e-04 4.212460000000000119e-04
-1.022839999999999985e-04 3.241839999999999848e-04
-4.136979999999999819e-05 1.792300000000000035e-04
1.157549999999999954e-05 -7.470279999999999736e-06
6.169720000000000282e-05 -2.210659999999999871e-04
1.191019999999999991e-04 -4.278549999999999888e-04
1.839250000000000119e-04 -5.480040000000000475e-04
2.389240000000000049e-04 -5.530900000000000052e-04
2.610070000000000033e-04 -4.857910000000000114e-04
2.351169999999999920e-04 -3.827440000000000204e-04
1.596419999999999870e-04 -2.505450000000000212e-04
4.770640000000000118e-05 -6.075019999999999986e-05
-7.593950000000000027e-05 1.790999999999999895e-04
-1.831240000000000038e-04 3.875349999999999954e-04
-2.542910000000000222e-04 5.194400000000000276e-04
-2.853449999999999997e-04 5.916660000000000235e-04
-2.780950000000000132e-04 5.906569999999999659e-04
-2.304979999999999876e-04 4.921559999999999954e-04
-1.439839999999999957e-04 2.836819999999999988e-04
-3.104060000000000228e-05 -5.552039999999999786e-06
8.993899999999999389e-05 -2.861140000000000189e-04
2.040549999999999970e-04 -5.177880000000000373e-04
2.988719999999999940e-04 -6.740000000000000114e-04
3.533599999999999914e-04 -7.033039999999999735e-04
3.420739999999999914e-04 -5.982000000000000121e-04
2.574429999999999948e-04 -4.025890000000000176e-04
1.204070000000000010e-04 -1.849979999999999930e-04
-3.268209999999999665e-05 2.902830000000000124e-05
-1.693019999999999996e-04 2.659280000000000194e-04
-2.678059999999999902e-04 5.096929999999999733e-04
-3.154330000000000003e-04 6.705030000000000278e-04
-3.108780000000000007e-04 6.928939999999999969e-04
-2.660399999999999939e-04 5.974599999999999616e-04
-1.936979999999999876e-04 4.154289999999999827e-04
-9.523249999999999326e-05 1.505060000000000122e-04
3.092099999999999753e-05 -1.846849999999999978e-04
1.713370000000000030e-04 -5.078069999999999850e-04
2.963810000000000207e-04 -7.123849999999999497e-04
3.761209999999999857e-04 -7.583369999999999868e-04
3.903549999999999989e-04 -6.734249999999999568e-04
3.269260000000000070e-04 -4.898780000000000148e-04
1.864380000000000063e-04 -2.288539999999999878e-04
-4.274050000000000185e-06 7.127370000000000168e-05
-1.954220000000000002e-04 3.743619999999999912e-04
-3.409139999999999957e-04 6.456969999999999810e-04
-4.170269999999999901e-04 8.128519999999999756e-04
-4.177159999999999966e-04 8.156399999999999631e-04
-3.465060000000000058e-04 6.568000000000000270e-04
-2.142660000000000116e-04 3.584589999999999912e-04
-3.700170000000000184e-05 -4.677020000000000157e-05
1.623360000000000124e-04 -4.757280000000000232e-04
3.476719999999999876e-04 -7.948729999999999771e-04
4.736599999999999882e-04 -9.106599999999999851e-04
5.044869999999999693e-04 -8.458919999999999981e-04
4.287879999999999882e-04 -6.620620000000000454e-04
2.581799999999999980e-04 -3.640499999999999856e-04
2.317050000000000118e-05 5.355030000000000125e-05
-2.252780000000000071e-04 4.981999999999999667e-04
-4.255880000000000188e-04 8.226330000000000231e-04
-5.320070000000000311e-04 9.526820000000000514e-04
-5.291259999999999887e-04 8.979910000000000019e-04
-4.214670000000000222e-04 6.882600000000000003e-04
-2.234939999999999984e-04 3.190019999999999792e-04
3.319659999999999994e-05 -1.783389999999999878e-04
2.937130000000000253e-04 -6.684129999999999716e-04
4.959429999999999915e-04 -9.899480000000000432e-04
5.945660000000000398e-04 -1.051440000000000057e-03
5.673930000000000206e-04 -8.694689999999999927e-04
4.111809999999999922e-04 -5.190470000000000196e-04
1.466139999999999891e-04 -5.836049999999999799e-05
-1.709199999999999966e-04 4.324889999999999854e-04
-4.562689999999999780e-04 8.202899999999999948e-04
-6.284619999999999877e-04 1.025859999999999966e-03
-6.488019999999999725e-04 1.037670000000000085e-03
-5.243420000000000155e-04 8.353940000000000454e-04
-2.853379999999999979e-04 3.947569999999999747e-04
2.396989999999999898e-05 -2.042040000000000120e-04
3.387150000000000122e-04 -7.518909999999999743e-04
5.833760000000000334e-04 -1.080419999999999905e-03
6.988400000000000514e-04 -1.144660000000000035e-03
6.562770000000000322e-04 -9.770180000000000704e-04
4.570779999999999765e-04 -6.077090000000000053e-04
1.361430000000000008e-04 -4.474379999999999672e-05
-2.337320000000000044e-04 5.849069999999999617e-04
-5.551840000000000160e-04 1.053450000000000046e-03
-7.436190000000000508e-04 1.231630000000000051e-03
-7.555679999999999731e-04 1.108159999999999961e-03
-5.830679999999999544e-04 6.995919999999999656e-04
-2.491169999999999799e-04 1.000980000000000028e-04
1.738750000000000115e-04 -5.179479999999999544e-04
5.690439999999999951e-04 -1.020230000000000008e-03
8.219809999999999487e-04 -1.292009999999999903e-03
8.631199999999999897e-04 -1.243200000000000078e-03
6.813869999999999866e-04 -8.763090000000000289e-04
3.196550000000000151e-04 -2.475849999999999817e-04
-1.383740000000000003e-04 5.103729999999999465e-04
-5.803450000000000145e-04 1.130869999999999966e-03
-8.844610000000000145e-04 1.394440000000000046e-03
-9.568320000000000167e-04 1.261849999999999907e-03
-7.649329999999999758e-04 8.105060000000000086e-04
-3.468529999999999942e-04 1.387469999999999914e-04
1.959420000000000020e-04 -6.432589999999999749e-04
7.133730000000000019e-04 -1.287900000000000026e-03
1.044699999999999969e-03 -1.545420000000000040e-03
1.082349999999999935e-03 -1.352710000000000024e-03
8.122290000000000326e-04 -7.948560000000000347e-04
3.040599999999999857e-04 -2.293270000000000153e-05
-3.116670000000000096e-04 7.698009999999999705e-04
-8.608020000000000298e-04 1.350440000000000060e-03
-1.170250000000000066e-03 1.571410000000000081e-03
-1.137439999999999979e-03 1.353999999999999952e-03
-7.668570000000000204e-04 6.906380000000000375e-04
-1.620380000000000095e-04 -2.061800000000000080e-04
5.023920000000000512e-04 -1.008940000000000054e-03
1.029250000000000000e-03 -1.481459999999999982e-03
1.261479999999999936e-03 -1.565589999999999950e-03
1.126529999999999936e-03 -1.239840000000000083e-03
6.506180000000000513e-04 -4.984160000000000066e-04
-3.452060000000000285e-05 4.137049999999999972e-04
-7.126170000000000247e-04 1.145219999999999962e-03
-1.165519999999999968e-03 1.489840000000000088e-03
-1.259659999999999903e-03 1.386260000000000053e-03
-9.724210000000000059e-04 8.862209999999999706e-04
-3.852950000000000168e-04 1.364749999999999969e-04
3.249619999999999831e-04 -6.316349999999999656e-04
9.268059999999999623e-04 -1.177890000000000013e-03
1.220720000000000008e-03 -1.346930000000000089e-03
1.118539999999999899e-03 -1.091200000000000069e-03
6.658049999999999993e-04 -5.069599999999999844e-04
1.724369999999999890e-05 1.802440000000000043e-04
-6.149320000000000003e-04 7.682410000000000194e-04
-1.031390000000000085e-03 1.129749999999999895e-03
-1.107729999999999913e-03 1.142720000000000064e-03
-8.286259999999999503e-04 7.721250000000000249e-04
-2.958549999999999787e-04 1.769829999999999960e-04
3.035010000000000203e-04 -4.083739999999999766e-04
7.712129999999999767e-04 -8.184130000000000398e-04
9.690859999999999709e-04 -9.640640000000000450e-04
8.513680000000000249e-04 -8.216910000000000446e-04
4.700500000000000143e-04 -4.432339999999999783e-04
-3.859499999999999894e-05 5.022540000000000197e-05
-4.991740000000000153e-04 4.996980000000000258e-04
-7.645319999999999503e-04 7.613249999999999792e-04
-7.669540000000000298e-04 7.620590000000000436e-04
-5.292810000000000440e-04 5.235920000000000244e-04
-1.447800000000000063e-04 1.433709999999999932e-04
2.567700000000000234e-04 -2.510969999999999847e-04
5.487079999999999649e-04 -5.420639999999999790e-04
6.462809999999999605e-04 -6.470859999999999503e-04
5.323969999999999918e-04 -5.414799999999999995e-04
2.595249999999999792e-04 -2.696719999999999890e-04
-7.309429999999999573e-05 6.997159999999999936e-05
-3.563419999999999977e-04 3.623049999999999947e-04
-5.065910000000000291e-04 5.160469999999999467e-04
-4.879749999999999756e-04 4.921699999999999990e-04
-3.182710000000000161e-04 3.126769999999999745e-04
-6.012759999999999671e-05 4.852560000000000174e-05
1.996889999999999917e-04 -2.085350000000000083e-04
3.784470000000000173e-04 -3.786290000000000098e-04
4.244159999999999968e-04 -4.185130000000000230e-04
3.324660000000000115e-04 -3.284949999999999914e-04
1.423870000000000040e-04 -1.441950000000000111e-04
-7.795039999999999825e-05 7.392780000000000054e-05
-2.566870000000000176e-04 2.553809999999999999e-04
-3.409069999999999939e-04 3.429940000000000029e-04
-3.116940000000000010e-04 3.140770000000000085e-04
-1.871219999999999882e-04 1.871639999999999990e-04
-1.333859999999999965e-05 1.154260000000000024e-05
1.518719999999999988e-04 -1.531150000000000002e-04
2.573960000000000137e-04 -2.568359999999999784e-04
2.740929999999999929e-04 -2.727639999999999926e-04
2.029060000000000119e-04 -2.024720000000000090e-04
7.290920000000000322e-05 -7.364340000000000035e-05
-7.012760000000000261e-05 6.932730000000000283e-05
-1.800100000000000062e-04 1.800500000000000126e-04
-2.248949999999999940e-04 2.255210000000000114e-04
-1.958669999999999866e-04 1.962400000000000049e-04
-1.076229999999999960e-04 1.073980000000000041e-04
7.874060000000000298e-06 -8.300329999999999522e-06
1.124150000000000003e-04 -1.125259999999999997e-04
1.738479999999999930e-04 -1.735999999999999913e-04
1.758870000000000051e-04 -1.756390000000000035e-04
1.222940000000000051e-04 -1.223180000000000035e-04
3.422980000000000217e-05 -3.443380000000000225e-05
-5.788819999999999914e-05 5.777250000000000294e-05
-1.247950000000000003e-04 1.248739999999999974e-04
-1.474439999999999930e-04 1.475840000000000019e-04
-1.220879999999999871e-04 1.221189999999999873e-04
-6.025519999999999867e-05 6.016980000000000115e-05
1.593669999999999939e-05 -1.601569999999999982e-05
8.144290000000000589e-05 -8.142990000000000449e-05
1.164020000000000012e-04 -1.163340000000000012e-04
1.120739999999999980e-04 -1.120400000000000047e-04
7.278979999999999890e-05 -7.281850000000000085e-05
1.357390000000000060e-05 -1.361880000000000080e-05
-4.543689999999999860e-05 4.542910000000000183e-05
-8.571739999999999351e-05 8.574620000000000245e-05
-9.602469999999999561e-05 9.604940000000000233e-05
-7.536280000000000290e-05 7.535720000000000417e-05
-3.253779999999999872e-05 3.251549999999999726e-05
1.732170000000000053e-05 -1.733209999999999962e-05
