-6.155760000000000258e-09 1.001440000000000105e-06
-4.612609999999999770e-08 4.215300000000000112e-06
-1.771439999999999880e-07 9.315629999999999779e-06
-4.969079999999999653e-07 1.881399999999999978e-05
-1.213220000000000007e-06 4.177340000000000225e-05
-2.799599999999999843e-06 9.237450000000000131e-05
-6.168330000000000284e-06 1.813800000000000015e-04
-1.268770000000000051e-05 3.018650000000000109e-04
-2.390770000000000151e-05 4.282499999999999740e-04
-4.099299999999999868e-05 5.166139999999999838e-04
-6.394539999999999935e-05 5.092169999999999596e-04
-9.088659999999999816e-05 3.647200000000000181e-04
-1.178310000000000040e-04 8.329220000000000189e-05
-1.391569999999999960e-04 -2.948119999999999821e-04
-1.485869999999999921e-04 -7.077039999999999720e-04
-1.402610000000000044e-04 -1.092950000000000085e-03
-1.095430000000000047e-04 -1.403090000000000066e-03
-5.341599999999999815e-05 -1.611870000000000056e-03
2.939319999999999837e-05 -1.705010000000000076e-03
1.381800000000000085e-04 -1.660019999999999898e-03
2.696239999999999921e-04 -1.448110000000000066e-03
4.169360000000000210e-04 -1.064129999999999937e-03
5.693090000000000477e-04 -5.369650000000000334e-04
7.119900000000000187e-04 8.301799999999999696e-05
8.271380000000000485e-04 7.263200000000000255e-04
8.955779999999999557e-04 1.305020000000000052e-03
8.993579999999999500e-04 1.736630000000000075e-03
8.246030000000000330e-04 1.972390000000000081e-03
6.640510000000000293e-04 2.010119999999999789e-03
4.187840000000000074e-04 1.892250000000000052e-03
9.896290000000000078e-05 1.679249999999999970e-03
-2.762730000000000025e-04 1.404539999999999912e-03
-6.795399999999999618e-04 1.068780000000000077e-03
-1.076799999999999936e-03 6.683970000000000449e-04
-1.430099999999999904e-03 1.964040000000000122e-04
-1.701210000000000092e-03 -3.483839999999999767e-04
-1.856130000000000106e-03 -9.328329999999999912e-04
-1.869720000000000062e-03 -1.487009999999999981e-03
-1.729899999999999927e-03 -1.926159999999999895e-03
-1.440230000000000026e-03 -2.176439999999999972e-03
-1.020250000000000106e-03 -2.199840000000000215e-03
-5.031849999999999604e-04 -2.001259999999999931e-03
6.826939999999999387e-05 -1.620569999999999997e-03
6.473870000000000275e-04 -1.125029999999999954e-03
1.188819999999999938e-03 -5.836329999999999600e-04
1.652990000000000015e-03 -4.998589999999999858e-05
2.008820000000000137e-03 4.287100000000000069e-04
2.235070000000000025e-03 8.068520000000000466e-04
2.320469999999999824e-03 1.052800000000000003e-03
2.262870000000000159e-03 1.168229999999999920e-03
2.068009999999999900e-03 1.182050000000000028e-03
1.748250000000000021e-03 1.121330000000000026e-03
1.321850000000000065e-03 9.918259999999999056e-04
8.129740000000000534e-04 7.737729999999999522e-04
2.518110000000000053e-04 4.521430000000000110e-04
-3.259830000000000128e-04 4.029600000000000179e-05
-8.808929999999999972e-04 -4.529690000000000062e-04
-1.372039999999999935e-03 -1.019829999999999999e-03
-1.760559999999999990e-03 -1.607340000000000071e-03
-2.013790000000000111e-03 -2.121810000000000015e-03
-2.109629999999999925e-03 -2.439569999999999846e-03
-2.040170000000000004e-03 -2.435319999999999933e-03
-1.813619999999999946e-03 -2.054809999999999796e-03
-1.453520000000000029e-03 -1.336759999999999988e-03
-9.956060000000000083e-04 -3.857840000000000184e-04
-4.832179999999999939e-04 6.708769999999999534e-04
3.733339999999999733e-05 1.715270000000000076e-03
5.207849999999999546e-04 2.637870000000000058e-03
9.261480000000000103e-04 3.342809999999999879e-03
1.219250000000000065e-03 3.762629999999999881e-03
1.374779999999999926e-03 3.863070000000000132e-03
1.378150000000000078e-03 3.635549999999999980e-03
1.227320000000000060e-03 3.085560000000000212e-03
9.346040000000000120e-04 2.227199999999999926e-03
5.279129999999999717e-04 1.080440000000000003e-03
5.065740000000000054e-05 -3.131039999999999757e-04
-4.406270000000000217e-04 -1.848830000000000091e-03
-8.817070000000000202e-04 -3.349609999999999827e-03
-1.208780000000000011e-03 -4.606790000000000364e-03
-1.367970000000000037e-03 -5.419120000000000360e-03
-1.324370000000000061e-03 -5.631470000000000399e-03
-1.068850000000000095e-03 -5.175410000000000080e-03
-6.210830000000000300e-04 -4.097339999999999663e-03
-2.822729999999999993e-05 -2.515630000000000036e-03
6.401939999999999627e-04 -5.955939999999999629e-04
1.300689999999999963e-03 1.412449999999999990e-03
1.866529999999999925e-03 3.238580000000000018e-03
2.259080000000000116e-03 4.647130000000000184e-03
2.417970000000000189e-03 5.459519999999999824e-03
2.308919999999999896e-03 5.592439999999999738e-03
1.928280000000000098e-03 5.052929999999999748e-03
1.304210000000000091e-03 3.908270000000000147e-03
4.946380000000000438e-04 2.270120000000000037e-03
-4.174630000000000246e-04 2.698760000000000026e-04
-1.331570000000000019e-03 -1.918959999999999937e-03
-2.140099999999999815e-03 -4.000019999999999964e-03
-2.741739999999999889e-03 -5.617630000000000193e-03
-3.055739999999999932e-03 -6.457159999999999983e-03
-3.034339999999999954e-03 -6.314519999999999682e-03
-2.671150000000000174e-03 -5.162339999999999637e-03
-2.003839999999999788e-03 -3.124889999999999959e-03
-1.110850000000000032e-03 -4.687410000000000036e-04
-1.020710000000000058e-04 2.397240000000000135e-03
8.950730000000000275e-04 5.040590000000000175e-03
1.752000000000000085e-03 7.097049999999999713e-03
2.355579999999999914e-03 8.259600000000000622e-03
2.623569999999999982e-03 8.320819999999999605e-03
2.516959999999999944e-03 7.183209999999999769e-03
2.047839999999999990e-03 4.890969999999999693e-03
1.280590000000000070e-03 1.697619999999999945e-03
3.256670000000000246e-04 -2.006289999999999983e-03
-6.738070000000000084e-04 -5.697640000000000343e-03
-1.561770000000000085e-03 -8.751460000000000836e-03
-2.192719999999999999e-03 -1.059629999999999947e-02
-2.454889999999999937e-03 -1.085619999999999988e-02
-2.288829999999999944e-03 -9.465039999999999218e-03
-1.698059999999999934e-03 -6.650050000000000232e-03
-7.508779999999999621e-04 -2.830089999999999949e-03
4.267060000000000037e-04 1.441479999999999975e-03
1.666350000000000036e-03 5.517619999999999990e-03
2.779750000000000103e-03 8.774880000000000527e-03
3.585319999999999913e-03 1.071279999999999975e-02
3.935600000000000036e-03 1.099389999999999916e-02
3.742370000000000071e-03 9.474540000000000045e-03
2.995170000000000124e-03 6.253619999999999665e-03
1.769399999999999966e-03 1.751069999999999970e-03
2.206250000000000095e-04 -3.305010000000000153e-03
-1.435520000000000025e-03 -8.014369999999999827e-03
-2.954850000000000185e-03 -1.148730000000000064e-02
-4.102780000000000316e-03 -1.301730000000000075e-02
-4.692649999999999599e-03 -1.223950000000000038e-02
-4.617689999999999816e-03 -9.232000000000000622e-03
-3.871170000000000166e-03 -4.469779999999999587e-03
-2.551589999999999848e-03 1.287610000000000013e-03
-8.518210000000000018e-04 7.086659999999999834e-03
9.674030000000000346e-04 1.193319999999999971e-02
2.616199999999999949e-03 1.496759999999999931e-02
3.821329999999999952e-03 1.557109999999999918e-02
4.372520000000000399e-03 1.347019999999999988e-02
4.161380000000000114e-03 8.854610000000000605e-03
3.205190000000000122e-03 2.440830000000000170e-03
1.649480000000000043e-03 -4.627219999999999597e-03
-2.516689999999999921e-04 -1.104830000000000048e-02
-2.174619999999999938e-03 -1.562590000000000159e-02
-3.778600000000000014e-03 -1.745779999999999901e-02
-4.763640000000000409e-03 -1.610270000000000104e-02
-4.924340000000000141e-03 -1.173120000000000065e-02
-4.189589999999999981e-03 -5.124700000000000262e-03
-2.640889999999999904e-03 2.503140000000000052e-03
-5.055269999999999729e-04 9.739199999999999940e-03
1.875390000000000000e-03 1.521959999999999980e-02
4.100470000000000156e-03 1.783140000000000072e-02
5.775640000000000288e-03 1.694170000000000051e-02
6.584300000000000395e-03 1.260110000000000050e-02
6.347120000000000366e-03 5.579650000000000235e-03
5.059899999999999988e-03 -2.754560000000000081e-03
2.901659999999999916e-03 -1.071989999999999922e-02
2.105080000000000113e-04 -1.667839999999999948e-02
-2.569779999999999807e-03 -1.935479999999999839e-02
-4.964220000000000091e-03 -1.814220000000000069e-02
-6.549440000000000123e-03 -1.327550000000000084e-02
-7.030690000000000030e-03 -5.713320000000000030e-03
-6.299800000000000365e-03 3.085319999999999903e-03
-4.462899999999999680e-03 1.139319999999999916e-02
-1.830070000000000047e-03 1.749749999999999917e-02
1.133670000000000034e-03 2.008000000000000063e-02
3.888550000000000166e-03 1.858119999999999911e-02
5.917210000000000004e-03 1.330860000000000029e-02
6.821790000000000319e-03 5.363520000000000093e-03
6.402889999999999623e-03 -3.595230000000000040e-03
4.704749999999999731e-03 -1.167939999999999950e-02
2.015659999999999848e-03 -1.711789999999999839e-02
-1.178309999999999904e-03 -1.872429999999999928e-02
-4.278810000000000079e-03 -1.621749999999999928e-02
-6.684950000000000267e-03 -1.021599999999999939e-02
-7.907920000000000574e-03 -2.101630000000000165e-03
-7.668409999999999636e-03 6.235379999999999569e-03
-5.957279999999999694e-03 1.288650000000000038e-02
-3.046819999999999997e-03 1.640619999999999926e-02
5.516530000000000392e-04 1.607199999999999948e-02
4.178320000000000124e-03 1.205520000000000029e-02
7.147920000000000315e-03 5.374180000000000103e-03
8.882579999999999296e-03 -2.385509999999999974e-03
9.028150000000000411e-03 -9.381290000000000462e-03
7.529740000000000044e-03 -1.394800000000000033e-02
4.650310000000000381e-03 -1.511299999999999970e-02
9.273009999999999500e-04 -1.280159999999999978e-02
-2.926310000000000109e-03 -7.776520000000000307e-03
-6.159539999999999807e-03 -1.416589999999999907e-03
-8.132719999999999533e-03 4.626690000000000143e-03
-8.448360000000000244e-03 8.824270000000000377e-03
-7.036259999999999910e-03 1.027280000000000033e-02
-4.174790000000000272e-03 8.897189999999999266e-03
-4.412360000000000154e-04 5.348839999999999671e-03
3.401389999999999796e-03 7.949120000000000491e-04
6.559459999999999597e-03 -3.416409999999999933e-03
8.373719999999999428e-03 -6.143749999999999906e-03
8.459539999999999768e-03 -6.789339999999999611e-03
6.791110000000000375e-03 -5.356849999999999806e-03
3.709810000000000017e-03 -2.448529999999999977e-03
-1.460870000000000126e-04 8.811720000000000533e-04
-3.976129999999999595e-03 3.564540000000000156e-03
-6.989040000000000183e-03 4.861700000000000049e-03
-8.573030000000000581e-03 4.522840000000000193e-03
-8.426309999999999356e-03 2.762259999999999889e-03
-6.618050000000000321e-03 2.353660000000000095e-04
-3.567410000000000025e-03 -2.108839999999999847e-03
5.441809999999999996e-05 -3.499149999999999917e-03
3.477050000000000193e-03 -3.578860000000000114e-03
6.002949999999999953e-03 -2.421759999999999798e-03
7.157959999999999670e-03 -5.058849999999999719e-04
6.786150000000000342e-03 1.469260000000000010e-03
5.068800000000000042e-03 2.830889999999999969e-03
2.465719999999999804e-03 3.176140000000000040e-03
-4.040250000000000221e-04 2.479780000000000005e-03
-2.910709999999999947e-03 1.044320000000000057e-03
-4.554800000000000341e-03 -6.136750000000000494e-04
-5.067290000000000336e-03 -1.972830000000000070e-03
-4.448510000000000138e-03 -2.715589999999999931e-03
-2.941259999999999795e-03 -2.745739999999999986e-03
-9.516919999999999677e-04 -2.148870000000000207e-03
1.058069999999999931e-03 -1.201019999999999909e-03
2.677389999999999978e-03 -2.536549999999999829e-04
3.629049999999999984e-03 4.586850000000000172e-04
3.809299999999999839e-03 8.615790000000000124e-04
3.282730000000000196e-03 9.915699999999999948e-04
2.240929999999999919e-03 9.559160000000000140e-04
9.408689999999999935e-04 8.693369999999999743e-04
-3.586430000000000152e-04 7.949199999999999582e-04
-1.447170000000000010e-03 7.283699999999999940e-04
-2.190820000000000007e-03 6.179920000000000422e-04
-2.537380000000000104e-03 4.057290000000000180e-04
-2.503650000000000059e-03 7.065829999999999399e-05
-2.153650000000000009e-03 -3.477819999999999848e-04
-1.576179999999999942e-03 -7.549050000000000508e-04
-8.676930000000000016e-04 -1.033339999999999996e-03
-1.224270000000000122e-04 -1.083949999999999974e-03
5.717689999999999665e-04 -8.572259999999999949e-04
1.135469999999999969e-03 -3.715139999999999805e-04
1.501170000000000022e-03 2.859329999999999880e-04
1.620160000000000046e-03 9.767820000000000408e-04
1.472199999999999898e-03 1.541910000000000069e-03
1.074829999999999926e-03 1.836240000000000051e-03
4.881819999999999823e-04 1.763009999999999968e-03
-1.885579999999999928e-04 1.302290000000000001e-03
-8.308379999999999758e-04 5.253429999999999472e-04
-1.311249999999999916e-03 -4.145250000000000063e-04
-1.526360000000000043e-03 -1.316839999999999894e-03
-1.421350000000000044e-03 -1.986379999999999830e-03
-1.005629999999999979e-03 -2.282830000000000015e-03
-3.544129999999999828e-04 -2.150200000000000115e-03
4.049319999999999916e-04 -1.626070000000000076e-03
1.119449999999999916e-03 -8.312099999999999784e-04
1.643869999999999967e-03 6.012169999999999732e-05
1.872659999999999950e-03 8.610059999999999892e-04
1.763170000000000102e-03 1.413549999999999963e-03
1.344080000000000101e-03 1.621760000000000085e-03
7.075439999999999464e-04 1.468469999999999932e-03
-1.310490000000000052e-05 1.013680000000000093e-03
-6.740999999999999596e-04 3.760050000000000024e-04
-1.153029999999999984e-03 -2.970870000000000238e-04
-1.374079999999999963e-03 -8.626250000000000020e-04
-1.321099999999999965e-03 -1.211330000000000046e-03
-1.036309999999999922e-03 -1.286760000000000074e-03
-6.059530000000000038e-04 -1.091359999999999986e-03
-1.371570000000000016e-04 -6.798289999999999585e-04
2.675679999999999834e-04 -1.428049999999999990e-04
5.322109999999999905e-04 4.144029999999999827e-04
6.206529999999999816e-04 8.929370000000000059e-04
5.394170000000000431e-04 1.217250000000000016e-03
3.303790000000000025e-04 1.345199999999999955e-03
5.647199999999999735e-05 1.270709999999999982e-03
-2.152920000000000116e-04 1.020019999999999954e-03
-4.290389999999999829e-04 6.435040000000000378e-04
-5.501180000000000479e-04 2.052629999999999895e-04
-5.684800000000000053e-04 -2.274339999999999912e-04
-4.957219999999999812e-04 -5.935250000000000204e-04
-3.577440000000000090e-04 -8.455570000000000360e-04
-1.857700000000000052e-04 -9.548529999999999735e-04
-8.414199999999999840e-06 -9.143270000000000433e-04
1.533179999999999981e-04 -7.388950000000000465e-04
2.874439999999999808e-04 -4.633279999999999929e-04
3.893729999999999869e-04 -1.374910000000000021e-04
4.586109999999999905e-04 1.808539999999999866e-04
4.954760000000000110e-04 4.350409999999999976e-04
4.991629999999999505e-04 5.790850000000000164e-04
4.677929999999999849e-04 5.862169999999999881e-04
4.002119999999999961e-04 4.546190000000000192e-04
2.986050000000000184e-04 2.088480000000000035e-04
1.706920000000000117e-04 -1.037820000000000035e-04
