-4.847319999999999759e-08 6.138060000000000106e-07
-2.456179999999999962e-07 1.885240000000000012e-06
-5.797479999999999845e-07 2.561630000000000155e-06
-1.075090000000000027e-06 4.486680000000000045e-06
-2.274830000000000207e-06 1.220069999999999992e-05
-5.126080000000000225e-06 2.769910000000000048e-05
-1.015500000000000018e-05 4.622139999999999761e-05
-1.660210000000000152e-05 5.637550000000000260e-05
-2.229159999999999847e-05 5.206249999999999832e-05
-2.400569999999999955e-05 3.209019999999999982e-05
-1.780769999999999893e-05 -5.535000000000000369e-06
-1.308979999999999959e-06 -5.181360000000000143e-05
2.275069999999999886e-05 -8.936320000000000526e-05
4.695059999999999734e-05 -1.105740000000000021e-04
6.378760000000000571e-05 -1.217750000000000055e-04
6.894809999999999806e-05 -1.305909999999999970e-04
6.203829999999999859e-05 -1.364969999999999910e-04
4.698330000000000128e-05 -1.340029999999999975e-04
3.061460000000000331e-05 -1.167170000000000008e-04
1.763939999999999920e-05 -7.687220000000000576e-05
6.969070000000000345e-06 -1.668599999999999915e-05
-5.225050000000000058e-06 4.236280000000000037e-05
-2.060520000000000052e-05 8.456640000000000402e-05
-3.848939999999999778e-05 1.189159999999999978e-04
-5.680210000000000288e-05 1.545919999999999998e-04
-7.105159999999999579e-05 1.806370000000000122e-04
-7.650290000000000237e-05 1.858659999999999989e-04
-7.295510000000000222e-05 1.763059999999999888e-04
-6.413639999999999803e-05 1.657460000000000086e-04
-5.316569999999999819e-05 1.610489999999999958e-04
-4.168169999999999769e-05 1.515160000000000042e-04
-3.066149999999999773e-05 1.101990000000000066e-04
-1.887829999999999847e-05 3.000879999999999973e-05
-2.534990000000000017e-06 -6.001250000000000182e-05
2.291660000000000010e-05 -1.413440000000000074e-04
5.969370000000000074e-05 -2.187179999999999886e-04
1.022779999999999989e-04 -2.868640000000000100e-04
1.367349999999999978e-04 -3.270270000000000251e-04
1.502650000000000123e-04 -3.272689999999999866e-04
1.397469999999999886e-04 -2.905680000000000003e-04
1.095149999999999975e-04 -2.310699999999999950e-04
6.587330000000000507e-05 -1.601239999999999868e-04
1.675729999999999963e-05 -8.076560000000000477e-05
-2.709500000000000062e-05 4.206629999999999863e-07
-5.629240000000000334e-05 7.776600000000000049e-05
-6.936709999999999523e-05 1.477849999999999954e-04
-7.241460000000000290e-05 2.000019999999999869e-04
-7.234319999999999542e-05 2.258779999999999946e-04
-7.297310000000000103e-05 2.338110000000000015e-04
-7.614579999999999862e-05 2.454129999999999897e-04
-8.233420000000000192e-05 2.665969999999999820e-04
-8.914190000000000113e-05 2.734759999999999817e-04
-9.139930000000000428e-05 2.381030000000000071e-04
-8.287980000000000564e-05 1.539020000000000047e-04
-5.795859999999999765e-05 4.692279999999999737e-05
-1.462980000000000010e-05 -5.225789999999999987e-05
4.339689999999999780e-05 -1.576840000000000034e-04
1.068100000000000023e-04 -2.862170000000000144e-04
1.608819999999999955e-04 -3.982939999999999918e-04
1.909779999999999865e-04 -4.440460000000000240e-04
1.909699999999999961e-04 -4.052069999999999847e-04
1.616649999999999912e-04 -2.998209999999999742e-04
1.057389999999999985e-04 -1.803200000000000083e-04
3.159549999999999929e-05 -8.119060000000000155e-05
-4.279060000000000329e-05 7.894589999999999914e-06
-9.692979999999999478e-05 1.096920000000000062e-04
-1.202860000000000067e-04 2.196450000000000019e-04
-1.179389999999999969e-04 3.010649999999999915e-04
-1.051860000000000056e-04 3.307909999999999844e-04
-9.636230000000000403e-05 3.267240000000000248e-04
-9.594319999999999986e-05 3.187069999999999964e-04
-9.843910000000000420e-05 3.092319999999999965e-04
-9.608080000000000342e-05 2.722900000000000103e-04
-8.428069999999999421e-05 1.844779999999999912e-04
-5.861860000000000150e-05 4.374939999999999824e-05
-1.163320000000000070e-05 -1.284260000000000067e-04
5.973869999999999777e-05 -2.892880000000000126e-04
1.433809999999999881e-04 -4.033950000000000231e-04
2.143470000000000130e-04 -4.670860000000000203e-04
2.484550000000000191e-04 -4.816609999999999815e-04
2.331190000000000020e-04 -4.356890000000000090e-04
1.713709999999999962e-04 -3.242909999999999890e-04
8.051889999999999915e-05 -1.696439999999999905e-04
-1.729979999999999994e-05 1.363049999999999935e-05
-1.059539999999999956e-04 2.101390000000000018e-04
-1.732600000000000047e-04 3.587980000000000162e-04
-2.075319999999999910e-04 4.314890000000000153e-04
-2.057829999999999913e-04 4.474050000000000032e-04
-1.763749999999999910e-04 4.243149999999999786e-04
-1.311659999999999974e-04 3.731100000000000107e-04
-8.140089999999999511e-05 2.910930000000000266e-04
-3.620170000000000272e-05 1.659339999999999871e-04
2.366949999999999844e-06 5.223959999999999617e-07
4.205140000000000196e-05 -1.934390000000000024e-04
9.355320000000000411e-05 -3.852190000000000128e-04
1.554190000000000107e-04 -4.981189999999999923e-04
2.093399999999999981e-04 -5.053549999999999752e-04
2.336209999999999914e-04 -4.470090000000000023e-04
2.141570000000000030e-04 -3.551270000000000034e-04
1.475279999999999875e-04 -2.341719999999999934e-04
4.467230000000000257e-05 -5.657469999999999893e-05
-6.999909999999999867e-05 1.687790000000000048e-04
-1.678620000000000134e-04 3.617240000000000082e-04
-2.303709999999999937e-04 4.808030000000000246e-04
-2.556869999999999933e-04 5.450379999999999678e-04
-2.461729999999999756e-04 5.413160000000000194e-04
-1.990130000000000002e-04 4.464240000000000070e-04
-1.169090000000000016e-04 2.492330000000000175e-04
-1.464969999999999969e-05 -2.061280000000000024e-05
8.975350000000000049e-05 -2.759160000000000193e-04
1.850330000000000019e-04 -4.816110000000000074e-04
2.628849999999999742e-04 -6.166939999999999878e-04
3.048269999999999734e-04 -6.345469999999999540e-04
2.882890000000000040e-04 -5.306479999999999921e-04
2.097869999999999889e-04 -3.484299999999999962e-04
9.119300000000000594e-05 -1.532650000000000039e-04
-3.642909999999999990e-05 3.323919999999999848e-05
-1.485160000000000126e-04 2.411649999999999992e-04
-2.285079999999999880e-04 4.584190000000000031e-04
-2.650029999999999834e-04 6.007280000000000258e-04
-2.576979999999999982e-04 6.180689999999999535e-04
-2.198780000000000114e-04 5.323819999999999724e-04
-1.627789999999999944e-04 3.717670000000000067e-04
-8.316929999999999668e-05 1.352840000000000010e-04
2.380530000000000059e-05 -1.688910000000000064e-04
1.453220000000000022e-04 -4.631629999999999970e-04
2.533789999999999740e-04 -6.465219999999999604e-04
3.225769999999999983e-04 -6.835240000000000239e-04
3.365309999999999938e-04 -6.035339999999999715e-04
2.828579999999999810e-04 -4.369159999999999754e-04
1.596740000000000030e-04 -2.008599999999999980e-04
-8.356149999999999608e-06 7.064760000000000440e-05
-1.747630000000000071e-04 3.448039999999999872e-04
-2.991579999999999977e-04 5.894570000000000452e-04
-3.623370000000000106e-04 7.369090000000000015e-04
-3.591670000000000257e-04 7.336610000000000353e-04
-2.932000000000000253e-04 5.854019999999999493e-04
-1.755430000000000098e-04 3.116090000000000179e-04
-2.055349999999999896e-05 -5.910269999999999912e-05
1.518369999999999898e-04 -4.481019999999999730e-04
3.085559999999999779e-04 -7.300260000000000473e-04
4.095149999999999984e-04 -8.213810000000000425e-04
4.272839999999999971e-04 -7.504420000000000361e-04
3.563250000000000011e-04 -5.779830000000000124e-04
2.065319999999999938e-04 -3.066650000000000192e-04
2.621080000000000068e-06 7.079999999999999976e-05
-2.090559999999999988e-04 4.675470000000000147e-04
-3.723760000000000004e-04 7.476079999999999748e-04
-4.512270000000000083e-04 8.486239999999999712e-04
-4.392040000000000050e-04 7.871440000000000381e-04
-3.424510000000000184e-04 5.939629999999999780e-04
-1.711810000000000133e-04 2.614499999999999854e-04
4.775719999999999737e-05 -1.849139999999999985e-04
2.644480000000000268e-04 -6.190360000000000003e-04
4.254370000000000265e-04 -8.925209999999999611e-04
4.968169999999999835e-04 -9.273480000000000395e-04
4.646610000000000020e-04 -7.483309999999999745e-04
3.272980000000000095e-04 -4.291920000000000067e-04
1.013509999999999991e-04 -1.943339999999999930e-05
-1.654220000000000029e-04 4.116090000000000092e-04
-3.983230000000000147e-04 7.424719999999999888e-04
-5.296079999999999885e-04 9.064340000000000157e-04
-5.329809999999999713e-04 9.016379999999999621e-04
-4.197510000000000000e-04 7.127700000000000485e-04
-2.148469999999999980e-04 3.156850000000000107e-04
4.554900000000000046e-05 -2.171270000000000101e-04
3.039119999999999864e-04 -6.929570000000000131e-04
4.958789999999999596e-04 -9.637829999999999574e-04
5.776499999999999734e-04 -9.982719999999999181e-04
5.309509999999999924e-04 -8.341619999999999461e-04
3.574219999999999806e-04 -5.004010000000000359e-04
8.526949999999999395e-05 1.125049999999999926e-06
-2.221249999999999917e-04 5.548149999999999523e-04
-4.798849999999999904e-04 9.509539999999999486e-04
-6.200059999999999859e-04 1.080419999999999905e-03
-6.139519999999999656e-04 9.455159999999999780e-04
-4.584279999999999822e-04 5.665689999999999485e-04
-1.716610000000000087e-04 3.128929999999999873e-05
1.824759999999999924e-04 -5.047139999999999656e-04
5.015529999999999598e-04 -9.272889999999999779e-04
6.924620000000000254e-04 -1.138579999999999931e-03
7.039919999999999642e-04 -1.063439999999999915e-03
5.325749999999999755e-04 -7.152050000000000074e-04
2.186769999999999936e-04 -1.490349999999999986e-04
-1.642889999999999986e-04 5.166959999999999739e-04
-5.205039999999999754e-04 1.039329999999999985e-03
-7.488739999999999590e-04 1.227709999999999912e-03
-7.775609999999999640e-04 1.064220000000000053e-03
-5.897409999999999632e-04 6.335540000000000399e-04
-2.244670000000000042e-04 2.896650000000000125e-05
2.302709999999999913e-04 -6.529749999999999747e-04
6.455010000000000392e-04 -1.188089999999999936e-03
8.860199999999999500e-04 -1.358180000000000064e-03
8.723020000000000383e-04 -1.127299999999999917e-03
6.096790000000000152e-04 -5.925460000000000015e-04
1.669359999999999887e-04 9.945850000000000329e-05
-3.436600000000000267e-04 7.752269999999999691e-04
-7.741049999999999754e-04 1.233960000000000092e-03
-9.827429999999998979e-04 1.361739999999999956e-03
-8.987560000000000123e-04 1.105049999999999999e-03
-5.446220000000000314e-04 4.713380000000000195e-04
-2.098270000000000156e-05 -3.286529999999999855e-04
5.177009999999999685e-04 -9.945970000000000592e-04
9.086050000000000463e-04 -1.333159999999999901e-03
1.036390000000000098e-03 -1.323689999999999979e-03
8.608549999999999969e-04 -9.686449999999999661e-04
4.191910000000000189e-04 -2.744849999999999851e-04
-1.640500000000000031e-04 5.214799999999999471e-04
-6.959870000000000162e-04 1.102340000000000047e-03
-1.001740000000000096e-03 1.308090000000000034e-03
-9.973759999999999050e-04 1.117390000000000006e-03
-6.907690000000000401e-04 6.081520000000000415e-04
-1.668639999999999934e-04 -6.789990000000000359e-05
4.143899999999999949e-04 -7.012519999999999734e-04
8.564329999999999773e-04 -1.092279999999999944e-03
1.009340000000000064e-03 -1.130200000000000041e-03
8.313040000000000490e-04 -8.063420000000000396e-04
3.914100000000000218e-04 -2.405250000000000053e-04
-1.602909999999999871e-04 3.462149999999999776e-04
-6.411430000000000514e-04 7.845429999999999592e-04
-8.990409999999999461e-04 9.925290000000000241e-04
-8.588149999999999690e-04 8.926960000000000060e-04
-5.396830000000000030e-04 4.857169999999999847e-04
-5.577079999999999803e-05 -5.630549999999999818e-05
4.193910000000000238e-04 -5.172910000000000182e-04
7.275930000000000114e-04 -7.721950000000000428e-04
7.833589999999999651e-04 -7.791820000000000083e-04
5.845600000000000275e-04 -5.565569999999999502e-04
2.054989999999999920e-04 -1.806649999999999923e-04
-2.192829999999999942e-04 2.294739999999999920e-04
-5.408480000000000232e-04 5.418340000000000439e-04
-6.572709999999999620e-04 6.554310000000000474e-04
-5.487180000000000139e-04 5.440589999999999489e-04
-2.714810000000000118e-04 2.651390000000000105e-04
7.128380000000000350e-05 -7.281060000000000385e-05
3.648869999999999913e-04 -3.589089999999999750e-04
5.180570000000000444e-04 -5.115480000000000157e-04
4.905769999999999619e-04 -4.916960000000000167e-04
3.043839999999999914e-04 -3.132230000000000062e-04
3.319700000000000081e-05 -4.267790000000000011e-05
-2.263739999999999980e-04 2.236739999999999865e-04
-3.905299999999999896e-04 3.963319999999999994e-04
-4.150499999999999784e-04 4.238910000000000247e-04
-3.041709999999999987e-04 3.078000000000000007e-04
-1.035830000000000008e-04 9.807999999999999607e-05
1.164119999999999961e-04 -1.271839999999999939e-04
2.833380000000000035e-04 -2.913190000000000072e-04
3.458730000000000138e-04 -3.459240000000000036e-04
2.904119999999999835e-04 -2.850800000000000014e-04
1.438690000000000010e-04 -1.404289999999999933e-04
-3.844619999999999792e-05 3.669640000000000326e-05
-1.938870000000000090e-04 1.903110000000000012e-04
-2.737069999999999868e-04 2.726779999999999937e-04
-2.578130000000000200e-04 2.597780000000000054e-04
-1.591689999999999934e-04 1.612480000000000120e-04
-1.671480000000000131e-05 1.659939999999999899e-05
1.198669999999999960e-04 -1.215409999999999939e-04
2.070359999999999876e-04 -2.080349999999999962e-04
2.203809999999999894e-04 -2.197350000000000095e-04
1.608729999999999893e-04 -1.597009999999999944e-04
5.316430000000000190e-05 -5.291799999999999716e-05
-6.377859999999999953e-05 6.305180000000000506e-05
-1.507109999999999873e-04 1.500709999999999935e-04
-1.814610000000000029e-04 1.815990000000000074e-04
-1.505909999999999953e-04 1.511550000000000122e-04
-7.321630000000000575e-05 7.347390000000000138e-05
2.184189999999999835e-05 -2.209839999999999835e-05
1.024499999999999966e-04 -1.028089999999999977e-04
1.435850000000000017e-04 -1.436230000000000037e-04
1.347909999999999907e-04 -1.345440000000000047e-04
8.263240000000000526e-05 -8.244469999999999349e-05
7.454429999999999710e-06 -7.521430000000000085e-06
-6.431809999999999665e-05 6.413340000000000501e-05
-1.094529999999999971e-04 1.093859999999999993e-04
-1.153439999999999988e-04 1.154400000000000060e-04
-8.321519999999999568e-05 8.332679999999999644e-05
-2.651799999999999920e-05 2.651659999999999952e-05
3.441939999999999778e-05 -3.450410000000000055e-05
7.945779999999999673e-05 -7.951080000000000452e-05
9.513250000000000439e-05 -9.510280000000000025e-05
7.855789999999999540e-05 -7.849899999999999500e-05
3.761809999999999818e-05 -3.760269999999999829e-05
-1.242159999999999979e-05 1.238700000000000016e-05
-5.450739999999999925e-05 5.447369999999999990e-05
-7.553580000000000277e-05 7.554030000000000586e-05
-7.030970000000000210e-05 7.033800000000000317e-05
-4.258379999999999707e-05 4.259850000000000219e-05
-3.132270000000000082e-06 3.120290000000000156e-06
3.428989999999999843e-05 -3.430859999999999878e-05
5.764109999999999942e-05 -5.764399999999999901e-05
