-4.831210000000000153e-08 6.076430000000000367e-07
-2.449650000000000233e-07 1.855200000000000042e-06
-5.790299999999999644e-07 2.499290000000000088e-06
-1.073919999999999918e-06 4.395099999999999645e-06
-2.265119999999999838e-06 1.201490000000000079e-05
-5.092990000000000344e-06 2.722360000000000139e-05
-1.009309999999999998e-05 4.525399999999999735e-05
-1.651129999999999894e-05 5.498319999999999900e-05
-2.212280000000000103e-05 5.067400000000000306e-05
-2.362440000000000034e-05 3.120760000000000255e-05
-1.709010000000000092e-05 -5.646490000000000211e-06
-3.320880000000000022e-07 -5.114429999999999752e-05
2.363530000000000053e-05 -8.806130000000000338e-05
4.725180000000000049e-05 -1.088240000000000003e-04
6.307709999999999955e-05 -1.195449999999999947e-04
6.703240000000000554e-05 -1.274699999999999976e-04
5.913259999999999692e-05 -1.320380000000000121e-04
4.377280000000000212e-05 -1.284199999999999936e-04
2.800060000000000090e-05 -1.112149999999999982e-04
1.628830000000000124e-05 -7.317839999999999718e-05
7.050099999999999636e-06 -1.610689999999999990e-05
-3.969600000000000076e-06 3.976500000000000298e-05
-1.864780000000000127e-05 8.006470000000000611e-05
-3.631779999999999980e-05 1.141509999999999986e-04
-5.478469999999999743e-05 1.503250000000000083e-04
-6.943640000000000489e-05 1.766059999999999961e-04
-7.545159999999999432e-05 1.817680000000000120e-04
-7.239709999999999841e-05 1.724010000000000050e-04
-6.363109999999999459e-05 1.623139999999999913e-04
-5.221369999999999782e-05 1.577010000000000000e-04
-4.029240000000000068e-05 1.476229999999999925e-04
-2.939359999999999925e-05 1.061649999999999974e-04
-1.819279999999999969e-05 2.764020000000000008e-05
-2.288360000000000144e-06 -5.908029999999999743e-05
2.313269999999999961e-05 -1.373599999999999995e-04
5.976629999999999730e-05 -2.132590000000000126e-04
1.014090000000000043e-04 -2.808220000000000161e-04
1.342329999999999869e-04 -3.199869999999999841e-04
1.463070000000000071e-04 -3.188010000000000128e-04
1.351140000000000077e-04 -2.813879999999999832e-04
1.048380000000000015e-04 -2.226159999999999977e-04
6.158239999999999504e-05 -1.534519999999999938e-04
1.365720000000000029e-05 -7.640740000000000303e-05
-2.780150000000000140e-05 1.806389999999999912e-06
-5.391200000000000153e-05 7.532669999999999828e-05
-6.450579999999999487e-05 1.413119999999999914e-04
-6.669869999999999890e-05 1.906750000000000133e-04
-6.742749999999999775e-05 2.160180000000000043e-04
-6.982070000000000051e-05 2.256880000000000116e-04
-7.496939999999999410e-05 2.399400000000000100e-04
-8.286419999999999854e-05 2.629910000000000169e-04
-9.079279999999999577e-05 2.703299999999999952e-04
-9.322919999999999840e-05 2.348870000000000027e-04
-8.361670000000000192e-05 1.512750000000000043e-04
-5.648570000000000029e-05 4.554890000000000024e-05
-1.086350000000000026e-05 -5.280449999999999901e-05
4.799700000000000141e-05 -1.580209999999999970e-04
1.098390000000000033e-04 -2.850940000000000050e-04
1.604429999999999951e-04 -3.927949999999999823e-04
1.867279999999999916e-04 -4.326980000000000236e-04
1.837890000000000118e-04 -3.901800000000000082e-04
1.526750000000000112e-04 -2.854190000000000264e-04
9.620329999999999420e-05 -1.695610000000000118e-04
2.367189999999999946e-05 -7.440609999999999900e-05
-4.613189999999999788e-05 1.103379999999999929e-05
-9.364330000000000516e-05 1.077810000000000036e-04
-1.110959999999999948e-04 2.104060000000000045e-04
-1.062480000000000032e-04 2.848060000000000240e-04
-9.496060000000000015e-05 3.121029999999999898e-04
-8.997409999999999631e-05 3.117740000000000138e-04
-9.377389999999999337e-05 3.107350000000000259e-04
-9.995790000000000057e-05 3.070209999999999866e-04
-1.005430000000000028e-04 2.727779999999999962e-04
-9.016729999999999981e-05 1.859949999999999971e-04
-6.316590000000000453e-05 4.640149999999999950e-05
-1.206079999999999979e-05 -1.245800000000000032e-04
6.396879999999999645e-05 -2.852810000000000220e-04
1.496819999999999943e-04 -4.002540000000000069e-04
2.185880000000000017e-04 -4.639970000000000097e-04
2.475199999999999883e-04 -4.758179999999999766e-04
2.263499999999999996e-04 -4.246230000000000035e-04
1.603549999999999919e-04 -3.086039999999999747e-04
6.808619999999999874e-05 -1.533700000000000037e-04
-2.785260000000000163e-05 2.512269999999999919e-05
-1.113189999999999959e-04 2.125010000000000039e-04
-1.709190000000000080e-04 3.503310000000000039e-04
-1.970970000000000003e-04 4.138529999999999965e-04
-1.897520000000000088e-04 4.246790000000000178e-04
-1.592829999999999995e-04 4.011700000000000097e-04
-1.177839999999999958e-04 3.536680000000000162e-04
-7.517809999999999770e-05 2.787110000000000086e-04
-3.828809999999999684e-05 1.630880000000000079e-04
-6.504589999999999670e-06 8.006450000000000228e-06
3.000920000000000060e-05 -1.775219999999999988e-04
8.249239999999999644e-05 -3.652780000000000219e-04
1.483400000000000061e-04 -4.796819999999999925e-04
2.071189999999999934e-04 -4.930709999999999824e-04
2.349499999999999918e-04 -4.422900000000000225e-04
2.163780000000000076e-04 -3.551629999999999739e-04
1.482230000000000071e-04 -2.342000000000000006e-04
4.304829999999999914e-05 -5.416379999999999800e-05
-7.307310000000000346e-05 1.714399999999999984e-04
-1.708310000000000048e-04 3.603859999999999746e-04
-2.315669999999999870e-04 4.734990000000000011e-04
-2.532319999999999905e-04 5.327139999999999957e-04
-2.385920000000000087e-04 5.254180000000000439e-04
-1.869340000000000097e-04 4.283169999999999989e-04
-1.038260000000000051e-04 2.321559999999999911e-04
-5.080909999999999775e-06 -3.095249999999999884e-05
9.298159999999999759e-05 -2.746499999999999810e-04
1.814739999999999908e-04 -4.684029999999999943e-04
2.531960000000000200e-04 -5.952439999999999815e-04
2.901010000000000199e-04 -6.096460000000000377e-04
2.709270000000000168e-04 -5.066930000000000088e-04
1.938929999999999950e-04 -3.294300000000000223e-04
8.105350000000000586e-05 -1.423460000000000090e-04
-3.828929999999999947e-05 3.469809999999999903e-05
-1.418819999999999944e-04 2.329689999999999984e-04
-2.150239999999999931e-04 4.405330000000000053e-04
-2.478949999999999839e-04 5.746770000000000003e-04
-2.412659999999999902e-04 5.893499999999999867e-04
-2.079410000000000069e-04 5.091180000000000271e-04
-1.571180000000000092e-04 3.597900000000000230e-04
-8.362219999999999365e-05 1.353690000000000112e-04
1.818619999999999877e-05 -1.589089999999999925e-04
1.359719999999999917e-04 -4.455640000000000186e-04
2.426259999999999908e-04 -6.242339999999999868e-04
3.129079999999999796e-04 -6.615030000000000259e-04
3.288690000000000255e-04 -5.867599999999999726e-04
2.763409999999999890e-04 -4.268860000000000189e-04
1.536970000000000025e-04 -1.957279999999999936e-04
-1.248189999999999987e-05 7.227389999999999932e-05
-1.747250000000000051e-04 3.413189999999999757e-04
-2.937390000000000010e-04 5.777850000000000390e-04
-3.521139999999999969e-04 7.162139999999999566e-04
-3.456859999999999968e-04 7.074479999999999527e-04
-2.782850000000000232e-04 5.599879999999999788e-04
-1.615309999999999956e-04 2.930690000000000226e-04
-1.064430000000000073e-05 -6.639850000000000472e-05
1.542199999999999973e-04 -4.416310000000000006e-04
3.014879999999999839e-04 -7.100739999999999916e-04
3.938740000000000036e-04 -7.922520000000000170e-04
4.062499999999999814e-04 -7.190490000000000336e-04
3.339239999999999830e-04 -5.502219999999999507e-04
1.871610000000000060e-04 -2.860820000000000030e-04
-8.790870000000000419e-06 8.056569999999999335e-05
-2.083800000000000073e-04 4.616430000000000251e-04
-3.588759999999999975e-04 7.239129999999999654e-04
-4.282859999999999987e-04 8.120290000000000277e-04
-4.121530000000000094e-04 7.477439999999999478e-04
-3.165210000000000007e-04 5.610479999999999721e-04
-1.516549999999999973e-04 2.407219999999999900e-04
5.543719999999999838e-05 -1.891700000000000065e-04
2.570189999999999866e-04 -6.032470000000000063e-04
4.044990000000000044e-04 -8.579180000000000486e-04
4.681849999999999771e-04 -8.830549999999999945e-04
4.349639999999999778e-04 -7.075000000000000126e-04
3.019009999999999814e-04 -4.015029999999999944e-04
8.507320000000000398e-05 -8.310750000000000009e-06
-1.678150000000000052e-04 4.056579999999999843e-04
-3.843179999999999752e-04 7.194340000000000240e-04
-5.017290000000000205e-04 8.688399999999999552e-04
-4.984269999999999630e-04 8.565909999999999714e-04
-3.870810000000000028e-04 6.705510000000000246e-04
-1.912489999999999980e-04 2.869999999999999830e-04
5.495320000000000098e-05 -2.235519999999999901e-04
2.965339999999999903e-04 -6.737019999999999814e-04
4.727439999999999854e-04 -9.237400000000000428e-04
5.435610000000000224e-04 -9.490619999999999742e-04
4.932320000000000237e-04 -7.880899999999999711e-04
3.245869999999999875e-04 -4.659940000000000111e-04
6.574939999999999767e-05 1.785279999999999956e-05
-2.224320000000000008e-04 5.481280000000000483e-04
-4.604589999999999768e-04 9.188739999999999712e-04
-5.860130000000000287e-04 1.030080000000000058e-03
-5.733920000000000423e-04 8.915330000000000173e-04
-4.194970000000000122e-04 5.235040000000000483e-04
-1.426350000000000057e-04 8.371230000000000825e-06
1.933740000000000090e-04 -5.036459999999999548e-04
4.890829999999999657e-04 -9.019749999999999556e-04
6.579799999999999581e-04 -1.092349999999999962e-03
6.558529999999999699e-04 -1.005110000000000031e-03
4.831060000000000194e-04 -6.589509999999999595e-04
1.803350000000000005e-04 -1.105719999999999978e-04
-1.816979999999999941e-04 5.251099999999999648e-04
-5.116030000000000143e-04 1.013549999999999998e-03
-7.140749999999999962e-04 1.174509999999999920e-03
-7.237600000000000500e-04 9.989099999999999889e-04
-5.295579999999999602e-04 5.731449999999999479e-04
-1.738479999999999930e-04 -1.279180000000000008e-05
2.559770000000000057e-04 -6.656080000000000416e-04
6.366549999999999683e-04 -1.164820000000000005e-03
8.430119999999999714e-04 -1.300939999999999996e-03
8.058720000000000119e-04 -1.050390000000000004e-03
5.369619999999999862e-04 -5.181409999999999575e-04
1.068340000000000007e-04 1.505260000000000018e-04
-3.737430000000000027e-04 7.894739999999999700e-04
-7.622939999999999491e-04 1.206540000000000086e-03
-9.283139999999999621e-04 1.296679999999999925e-03
-8.151400000000000052e-04 1.016490000000000102e-03
-4.559209999999999739e-04 3.834819999999999852e-04
4.633549999999999708e-05 -3.877169999999999879e-04
5.431900000000000357e-04 -1.004799999999999921e-03
8.832049999999999710e-04 -1.291059999999999907e-03
9.644830000000000287e-04 -1.241160000000000050e-03
7.601590000000000517e-04 -8.665969999999999836e-04
3.182449999999999862e-04 -1.795370000000000126e-04
-2.332050000000000008e-04 5.803779999999999920e-04
-7.096010000000000251e-04 1.103840000000000030e-03
-9.540290000000000098e-04 1.249380000000000022e-03
-9.017030000000000097e-04 1.015990000000000035e-03
-5.742079999999999884e-04 4.941560000000000440e-04
-6.335119999999999749e-05 -1.619649999999999985e-04
4.720169999999999770e-04 -7.479649999999999580e-04
8.470980000000000133e-04 -1.075519999999999948e-03
9.331359999999999915e-04 -1.051370000000000039e-03
7.110270000000000349e-04 -6.872879999999999831e-04
2.647920000000000221e-04 -1.182140000000000035e-04
-2.532130000000000166e-04 4.328509999999999931e-04
-6.704490000000000449e-04 8.081559999999999785e-04
-8.540000000000000499e-04 9.447060000000000179e-04
-7.518909999999999743e-04 7.859380000000000229e-04
-4.040579999999999996e-04 3.519929999999999891e-04
6.451480000000000105e-05 -1.736850000000000015e-04
4.845849999999999962e-04 -5.791690000000000380e-04
7.162699999999999709e-04 -7.584469999999999840e-04
6.991569999999999469e-04 -6.948090000000000082e-04
4.544479999999999830e-04 -4.284409999999999998e-04
7.160299999999999868e-05 -4.898610000000000182e-05
-3.127140000000000150e-04 3.224820000000000204e-04
-5.626309999999999601e-04 5.648530000000000348e-04
-6.007150000000000380e-04 5.998789999999999938e-04
-4.337540000000000080e-04 4.287949999999999900e-04
-1.369879999999999969e-04 1.298840000000000053e-04
1.809419999999999898e-04 -1.825349999999999998e-04
4.141880000000000128e-04 -4.077090000000000228e-04
4.915819999999999565e-04 -4.848930000000000210e-04
3.981209999999999784e-04 -3.996129999999999973e-04
1.778779999999999934e-04 -1.869990000000000031e-04
-8.424400000000000182e-05 7.510799999999999985e-05
-2.956519999999999808e-04 2.936029999999999738e-04
-3.900439999999999810e-04 3.960200000000000200e-04
-3.472869999999999972e-04 3.555629999999999837e-04
-1.936899999999999972e-04 1.966240000000000067e-04
1.192110000000000009e-05 -1.746100000000000104e-05
1.986699999999999935e-04 -2.087509999999999941e-04
3.060019999999999884e-04 -3.132510000000000134e-04
3.031360000000000196e-04 -3.030810000000000210e-04
1.986479999999999995e-04 -1.938189999999999954e-04
3.547589999999999690e-05 -3.255200000000000275e-05
-1.266680000000000009e-04 1.249090000000000064e-04
-2.333830000000000117e-04 2.302390000000000025e-04
-2.533529999999999983e-04 2.526849999999999973e-04
-1.868150000000000062e-04 1.886930000000000042e-04
-6.312239999999999724e-05 6.481980000000000576e-05
7.153040000000000212e-05 -7.186469999999999653e-05
1.713610000000000014e-04 -1.728690000000000012e-04
2.061820000000000124e-04 -2.068700000000000031e-04
1.696319999999999913e-04 -1.689019999999999899e-04
7.924150000000000356e-05 -7.827449999999999740e-05
-3.079819999999999932e-05 3.082929999999999975e-05
-1.219840000000000030e-04 1.212780000000000000e-04
-1.649699999999999875e-04 1.645240000000000125e-04
-1.491209999999999975e-04 1.493739999999999966e-04
-8.463830000000000583e-05 8.512200000000000257e-05
2.843200000000000154e-06 -2.734809999999999910e-06
8.229999999999999469e-05 -8.259259999999999931e-05
1.280010000000000100e-04 -1.282629999999999881e-04
1.274159999999999876e-04 -1.273590000000000117e-04
8.428869999999999820e-05 -8.405670000000000448e-05
1.628530000000000144e-05 -1.618499999999999835e-05
-5.185320000000000017e-05 5.174020000000000312e-05
-9.720350000000000539e-05 9.705890000000000004e-05
-1.063540000000000053e-04 1.063499999999999965e-04
-7.918320000000000447e-05 7.928939999999999339e-05
-2.774179999999999924e-05 2.780900000000000090e-05
2.884539999999999999e-05 -2.888369999999999927e-05
7.130829999999999623e-05 -7.138189999999999499e-05
8.659730000000000520e-05 -8.661379999999999394e-05
7.172409999999999994e-05 -7.167920000000000313e-05
3.401479999999999830e-05 -3.397499999999999912e-05
-1.210539999999999933e-05 1.209629999999999970e-05
-5.051089999999999779e-05 5.047550000000000149e-05
-6.895010000000000245e-05 6.893520000000000366e-05
-6.285429999999999891e-05 6.287169999999999640e-05
-3.623190000000000118e-05 3.625370000000000155e-05
3.813650000000000007e-07 -3.810160000000000020e-07
3.396189999999999750e-05 -3.397809999999999915e-05
5.352920000000000242e-05 -5.353939999999999768e-05
5.364519999999999928e-05 -5.363940000000000011e-05
