-9.585040000000000641e-09 9.940629999999999725e-07
-7.025539999999999791e-08 4.161959999999999874e-06
-2.618459999999999745e-07 9.120550000000000285e-06
-7.096859999999999930e-07 1.829779999999999954e-05
-1.680570000000000073e-06 4.058030000000000176e-05
-3.796950000000000128e-06 8.973030000000000383e-05
-8.236220000000000571e-06 1.757340000000000085e-04
-1.663410000000000054e-05 2.906750000000000046e-04
-3.052750000000000206e-05 4.082730000000000126e-04
-5.044869999999999693e-05 4.849550000000000215e-04
-7.493029999999999645e-05 4.650769999999999926e-04
-9.993229999999999865e-05 3.113759999999999814e-04
-1.193099999999999944e-04 2.929119999999999833e-05
-1.263950000000000121e-04 -3.362120000000000126e-04
-1.159820000000000019e-04 -7.211430000000000444e-04
-8.572300000000000579e-05 -1.064929999999999957e-03
-3.626729999999999749e-05 -1.325910000000000023e-03
2.984720000000000114e-05 -1.486120000000000062e-03
1.098140000000000026e-04 -1.539790000000000082e-03
2.015329999999999964e-04 -1.471050000000000005e-03
3.031350000000000038e-04 -1.254960000000000060e-03
4.113440000000000108e-04 -8.873960000000000398e-04
5.197690000000000036e-04 -3.959740000000000005e-04
6.179430000000000296e-04 1.719880000000000074e-04
6.916030000000000528e-04 7.515430000000000244e-04
7.244509999999999795e-04 1.260760000000000092e-03
7.011559999999999798e-04 1.624690000000000032e-03
6.106259999999999639e-04 1.803200000000000029e-03
4.485189999999999793e-04 1.802730000000000001e-03
2.183929999999999942e-04 1.672220000000000087e-03
-6.843630000000000069e-05 1.474569999999999917e-03
-3.935869999999999842e-04 1.240430000000000048e-03
-7.322850000000000539e-04 9.632380000000000499e-04
-1.054430000000000081e-03 6.297940000000000352e-04
-1.326740000000000081e-03 2.235170000000000082e-04
-1.516090000000000102e-03 -2.642659999999999801e-04
-1.593999999999999931e-03 -8.048480000000000434e-04
-1.541709999999999955e-03 -1.330129999999999897e-03
-1.354509999999999959e-03 -1.755980000000000084e-03
-1.043899999999999949e-03 -2.009280000000000007e-03
-6.363589999999999698e-04 -2.053210000000000191e-03
-1.689279999999999927e-04 -1.893450000000000081e-03
3.171550000000000085e-04 -1.568640000000000052e-03
7.829659999999999571e-04 -1.141400000000000097e-03
1.196659999999999998e-03 -6.723159999999999510e-04
1.535359999999999937e-03 -2.041239999999999992e-04
1.784229999999999931e-03 2.268080000000000009e-04
1.934179999999999970e-03 5.829879999999999958e-04
1.979460000000000160e-03 8.362899999999999501e-04
1.916289999999999964e-03 9.866549999999999106e-04
1.742749999999999942e-03 1.056560000000000008e-03
1.460200000000000040e-03 1.063680000000000007e-03
1.076160000000000051e-03 1.003989999999999961e-03
6.074309999999999649e-04 8.503249999999999741e-04
8.210259999999999553e-05 5.846070000000000086e-04
-4.613279999999999985e-04 2.214349999999999966e-04
-9.777959999999999603e-04 -2.266400000000000120e-04
-1.421259999999999928e-03 -7.480310000000000214e-04
-1.750990000000000012e-03 -1.288450000000000012e-03
-1.937640000000000022e-03 -1.757239999999999974e-03
-1.967790000000000077e-03 -2.038820000000000215e-03
-1.845899999999999928e-03 -2.020290000000000107e-03
-1.592740000000000041e-03 -1.661179999999999948e-03
-1.240439999999999989e-03 -1.011009999999999904e-03
-8.256000000000000101e-04 -1.774249999999999894e-04
-3.834660000000000043e-04 7.198099999999999811e-04
5.506740000000000067e-05 1.580140000000000060e-03
4.631770000000000006e-04 2.317500000000000115e-03
8.161180000000000084e-04 2.860060000000000206e-03
1.089450000000000054e-03 3.159649999999999959e-03
1.259099999999999976e-03 3.193049999999999795e-03
1.304030000000000076e-03 2.953739999999999838e-03
1.211400000000000064e-03 2.442080000000000119e-03
9.827390000000000517e-04 1.663540000000000027e-03
6.388820000000000133e-04 6.297279999999999718e-04
2.216160000000000005e-04 -6.232399999999999485e-04
-2.099760000000000103e-04 -1.993700000000000160e-03
-5.887480000000000491e-04 -3.307860000000000140e-03
-8.523110000000000191e-04 -4.365309999999999850e-03
-9.557870000000000428e-04 -4.981209999999999805e-03
-8.809160000000000341e-04 -5.025189999999999692e-03
-6.391289999999999992e-04 -4.458010000000000098e-03
-2.679639999999999843e-04 -3.352280000000000017e-03
1.774120000000000016e-04 -1.841339999999999904e-03
6.342999999999999680e-04 -8.811790000000000551e-05
1.041880000000000020e-03 1.678610000000000085e-03
1.348580000000000048e-03 3.226970000000000012e-03
1.516409999999999937e-03 4.368709999999999608e-03
1.522209999999999969e-03 4.972189999999999596e-03
1.357289999999999929e-03 4.990699999999999824e-03
1.026760000000000042e-03 4.449980000000000081e-03
5.497269999999999631e-04 3.415210000000000121e-03
-3.906530000000000018e-05 1.977350000000000114e-03
-6.875610000000000532e-04 2.348929999999999887e-04
-1.326710000000000042e-03 -1.675660000000000040e-03
-1.876000000000000063e-03 -3.492770000000000076e-03
-2.255300000000000013e-03 -4.891109999999999729e-03
-2.400359999999999820e-03 -5.582499999999999789e-03
-2.276949999999999807e-03 -5.386229999999999664e-03
-1.889569999999999922e-03 -4.294019999999999955e-03
-1.282219999999999931e-03 -2.441050000000000164e-03
-5.317040000000000308e-04 -9.125650000000000287e-05
2.651239999999999912e-04 2.367810000000000140e-03
1.007019999999999964e-03 4.545880000000000407e-03
1.602700000000000088e-03 6.138689999999999598e-03
1.981759999999999945e-03 6.908240000000000387e-03
2.102029999999999958e-03 6.713209999999999837e-03
1.953799999999999894e-03 5.506950000000000039e-03
1.561459999999999975e-03 3.359459999999999877e-03
9.816539999999999901e-04 5.193370000000000321e-04
2.975669999999999921e-04 -2.659420000000000013e-03
-3.904930000000000033e-04 -5.717790000000000372e-03
-9.784430000000000644e-04 -8.114539999999999947e-03
-1.374269999999999919e-03 -9.371130000000000085e-03
-1.512880000000000084e-03 -9.200740000000000654e-03
-1.366430000000000075e-03 -7.608020000000000060e-03
-9.483690000000000132e-04 -4.858979999999999723e-03
-3.120159999999999752e-04 -1.369489999999999900e-03
4.547400000000000270e-04 2.353430000000000105e-03
1.238769999999999932e-03 5.746150000000000216e-03
1.915100000000000092e-03 8.292710000000000012e-03
2.363559999999999793e-03 9.606889999999999874e-03
2.487259999999999818e-03 9.453919999999999338e-03
2.231170000000000202e-03 7.765229999999999702e-03
1.597550000000000098e-03 4.676869999999999639e-03
6.532670000000000187e-04 6.019849999999999767e-04
-4.754609999999999934e-04 -3.783030000000000160e-03
-1.621459999999999915e-03 -7.671220000000000296e-03
-2.604620000000000199e-03 -1.029859999999999977e-02
-3.263400000000000068e-03 -1.110129999999999971e-02
-3.483340000000000134e-03 -9.852029999999999468e-03
-3.216759999999999932e-03 -6.736220000000000228e-03
-2.490730000000000027e-03 -2.282730000000000176e-03
-1.403710000000000071e-03 2.764720000000000025e-03
-1.121709999999999938e-04 7.541289999999999973e-03
1.191259999999999975e-03 1.120359999999999932e-02
2.305380000000000103e-03 1.308169999999999993e-02
3.050970000000000071e-03 1.275279999999999990e-02
3.300910000000000215e-03 1.011220000000000001e-02
3.004919999999999900e-03 5.460679999999999874e-03
2.202729999999999966e-03 -4.537990000000000101e-04
1.021420000000000097e-03 -6.546220000000000164e-03
-3.432239999999999922e-04 -1.166060000000000013e-02
-1.657229999999999988e-03 -1.481129999999999947e-02
-2.686200000000000133e-03 -1.533900000000000020e-02
-3.235029999999999850e-03 -1.303419999999999926e-02
-3.183280000000000137e-03 -8.246200000000000405e-03
-2.509219999999999940e-03 -1.845250000000000102e-03
-1.298509999999999899e-03 4.976429999999999569e-03
2.641610000000000073e-04 1.093889999999999967e-02
1.920129999999999927e-03 1.490260000000000022e-02
3.376740000000000037e-03 1.603169999999999942e-02
4.357449999999999692e-03 1.397430000000000026e-02
4.653520000000000399e-03 9.014470000000000122e-03
4.166559999999999708e-03 2.063129999999999825e-03
2.932919999999999885e-03 -5.494490000000000311e-03
1.124460000000000086e-03 -1.209329999999999954e-02
-9.751179999999999700e-04 -1.632990000000000136e-02
-3.015139999999999921e-03 -1.724320000000000019e-02
-4.637180000000000295e-03 -1.456200000000000029e-02
-5.538300000000000341e-03 -8.814310000000000547e-03
-5.527930000000000343e-03 -1.149269999999999979e-03
-4.569499999999999777e-03 6.927319999999999832e-03
-2.797990000000000199e-03 1.379769999999999955e-02
-5.063790000000000522e-04 1.799720000000000139e-02
1.900280000000000068e-03 1.855160000000000142e-02
3.975850000000000391e-03 1.527620000000000020e-02
5.316239999999999855e-03 8.813190000000000260e-03
5.639410000000000082e-03 4.918449999999999775e-04
4.847080000000000138e-03 -7.954910000000000800e-03
3.054410000000000024e-03 -1.473550000000000033e-02
5.787630000000000422e-04 -1.833059999999999898e-02
-2.113040000000000057e-03 -1.791399999999999937e-02
-4.489449999999999864e-03 -1.360300000000000051e-02
-6.055620000000000273e-03 -6.372459999999999930e-03
-6.453630000000000130e-03 2.154570000000000183e-03
-5.540950000000000215e-03 1.001209999999999947e-02
-3.430240000000000199e-03 1.539839999999999959e-02
-4.807920000000000141e-04 1.713519999999999974e-02
2.759520000000000115e-03 1.487220000000000035e-02
5.654700000000000351e-03 9.178969999999999838e-03
7.605599999999999687e-03 1.416130000000000036e-03
8.175560000000000119e-03 -6.614820000000000422e-03
7.189669999999999568e-03 -1.302410000000000026e-02
4.784039999999999820e-03 -1.627520000000000008e-02
1.392210000000000062e-03 -1.566970000000000168e-02
-2.330739999999999982e-03 -1.149239999999999984e-02
-5.634639999999999788e-03 -4.872129999999999690e-03
-7.828319999999999723e-03 2.514890000000000094e-03
-8.429610000000000575e-03 8.846929999999999378e-03
-7.277350000000000138e-03 1.258019999999999972e-02
-4.579210000000000225e-03 1.294619999999999972e-02
-8.820650000000000192e-04 1.011560000000000063e-02
3.033590000000000071e-03 5.038230000000000312e-03
6.317210000000000186e-03 -8.329470000000000060e-04
8.235579999999999290e-03 -5.930760000000000198e-03
8.341690000000000563e-03 -8.996920000000000264e-03
6.584910000000000242e-03 -9.429009999999999822e-03
3.333379999999999937e-03 -7.325639999999999583e-03
-7.009110000000000253e-04 -3.454679999999999904e-03
-4.619220000000000270e-03 9.304240000000000080e-04
-7.540179999999999626e-03 4.567339999999999595e-03
-8.804710000000000314e-03 6.556179999999999994e-03
-8.132169999999999330e-03 6.541560000000000083e-03
-5.687249999999999597e-03 4.696920000000000261e-03
-2.039580000000000039e-03 1.703859999999999967e-03
1.972980000000000046e-03 -1.401499999999999968e-03
5.444270000000000186e-03 -3.713310000000000048e-03
7.615379999999999719e-03 -4.711410000000000077e-03
8.051869999999999167e-03 -4.301140000000000171e-03
6.737710000000000053e-03 -2.815390000000000080e-03
4.063899999999999631e-03 -8.608570000000000284e-04
7.173449999999999835e-04 9.065230000000000076e-04
-2.498910000000000020e-03 2.013700000000000212e-03
-4.865809999999999927e-03 2.285329999999999914e-03
-5.916249999999999634e-03 1.821879999999999897e-03
-5.529090000000000393e-03 9.308419999999999759e-04
-3.929750000000000083e-03 -3.051760000000000068e-05
-1.603610000000000105e-03 -8.185920000000000392e-04
8.477890000000000512e-04 -1.297250000000000009e-03
2.863360000000000124e-03 -1.406420000000000023e-03
4.049900000000000375e-03 -1.210670000000000062e-03
4.251740000000000380e-03 -8.450060000000000340e-04
3.551840000000000119e-03 -3.865270000000000077e-04
2.213950000000000119e-03 1.410829999999999907e-04
5.908709999999999744e-04 7.033060000000000049e-04
-9.700530000000000177e-04 1.238469999999999979e-03
-2.199019999999999881e-03 1.650509999999999998e-03
-2.939890000000000125e-03 1.820030000000000042e-03
-3.150589999999999988e-03 1.649520000000000023e-03
-2.878620000000000137e-03 1.114779999999999894e-03
-2.227330000000000022e-03 2.966949999999999774e-04
-1.326399999999999932e-03 -6.222590000000000066e-04
-3.130920000000000035e-04 -1.403900000000000026e-03
6.763150000000000325e-04 -1.827419999999999956e-03
1.511430000000000022e-03 -1.765789999999999938e-03
2.075839999999999803e-03 -1.231649999999999932e-03
2.282189999999999913e-03 -3.731599999999999848e-04
2.091979999999999795e-03 5.719520000000000290e-04
1.533260000000000048e-03 1.346729999999999976e-03
7.071889999999999947e-04 1.748369999999999959e-03
-2.230619999999999999e-04 1.680419999999999961e-03
-1.062339999999999942e-03 1.169640000000000003e-03
-1.626620000000000062e-03 3.486159999999999975e-04
-1.788139999999999912e-03 -5.839919999999999747e-04
-1.509549999999999911e-03 -1.413009999999999917e-03
-8.564770000000000195e-04 -1.956260000000000030e-03
1.639379999999999879e-05 -2.105249999999999917e-03
9.027489999999999994e-04 -1.848699999999999996e-03
1.595939999999999902e-03 -1.268669999999999954e-03
1.940069999999999902e-03 -5.087699999999999688e-04
1.866929999999999935e-03 2.675229999999999796e-04
1.409089999999999995e-03 9.141709999999999723e-04
6.865589999999999974e-04 1.329869999999999924e-03
-1.280519999999999998e-04 1.470530000000000058e-03
-8.552190000000000529e-04 1.347499999999999956e-03
-1.352160000000000037e-03 1.015540000000000106e-03
-1.543099999999999940e-03 5.559329999999999914e-04
-1.429609999999999995e-03 5.961199999999999778e-05
-1.080409999999999964e-03 -3.868699999999999873e-04
-6.059210000000000420e-04 -7.116699999999999676e-04
-1.261719999999999975e-04 -8.649620000000000442e-04
2.586660000000000066e-04 -8.241379999999999756e-04
4.878729999999999959e-04 -5.971540000000000225e-04
5.465809999999999766e-04 -2.232439999999999924e-04
4.598149999999999742e-04 2.304949999999999946e-04
2.782330000000000176e-04 6.778830000000000012e-04
6.108500000000000214e-05 1.027820000000000036e-03
-1.385339999999999987e-04 1.201990000000000003e-03
-2.829519999999999974e-04 1.152510000000000036e-03
-3.529149999999999779e-04 8.749199999999999512e-04
-3.455999999999999979e-04 4.125709999999999772e-04
-2.700520000000000091e-04 -1.499100000000000064e-04
-1.424180000000000042e-04 -7.034240000000000197e-04
1.753139999999999956e-05 -1.137980000000000025e-03
1.883219999999999903e-04 -1.367429999999999991e-03
3.478420000000000080e-04 -1.349219999999999933e-03
4.746330000000000210e-04 -1.093999999999999920e-03
5.501380000000000376e-04 -6.626849999999999885e-04
5.618850000000000320e-04 -1.517199999999999907e-04
5.067440000000000529e-04 3.296490000000000010e-04
3.929350000000000182e-04 6.843010000000000065e-04
2.396020000000000007e-04 8.482809999999999916e-04
7.347539999999999790e-05 8.031089999999999843e-04
-7.686739999999999524e-05 5.769510000000000263e-04
-1.876609999999999910e-04 2.351669999999999932e-04
-2.456250000000000208e-04 -1.367569999999999918e-04
-2.508939999999999868e-04 -4.532900000000000189e-04
-2.162470000000000050e-04 -6.471330000000000398e-04
-1.628389999999999905e-04 -6.818129999999999720e-04
