-3.963329999999999796e-08 6.284890000000000104e-07
-2.247130000000000085e-07 1.950370000000000014e-06
-6.054049999999999872e-07 2.692399999999999836e-06
-1.202209999999999964e-06 4.722109999999999924e-06
-2.416760000000000049e-06 1.276059999999999943e-05
-5.257109999999999884e-06 2.897730000000000122e-05
-1.076150000000000022e-05 4.858990000000000043e-05
-1.866630000000000117e-05 6.002069999999999948e-05
-2.641860000000000147e-05 5.690910000000000033e-05
-2.951679999999999834e-05 3.751379999999999987e-05
-2.292920000000000063e-05 -1.267469999999999954e-06
-3.852540000000000218e-06 -5.123979999999999686e-05
2.497719999999999864e-05 -9.427589999999999636e-05
5.504310000000000160e-05 -1.210250000000000008e-04
7.626549999999999681e-05 -1.363989999999999929e-04
8.223339999999999773e-05 -1.469599999999999889e-04
7.292570000000000551e-05 -1.514619999999999942e-04
5.427050000000000157e-05 -1.451160000000000113e-04
3.474399999999999803e-05 -1.236590000000000031e-04
1.982070000000000151e-05 -8.076509999999999690e-05
8.309380000000000731e-06 -1.817820000000000156e-05
-5.004940000000000399e-06 4.358740000000000216e-05
-2.321629999999999996e-05 8.914520000000000159e-05
-4.486139999999999708e-05 1.277130000000000019e-04
-6.593430000000000330e-05 1.681270000000000117e-04
-8.190999999999999334e-05 1.975670000000000009e-04
-8.906040000000000538e-05 2.033589999999999888e-04
-8.621500000000000040e-05 1.925390000000000077e-04
-7.531240000000000081e-05 1.804959999999999876e-04
-6.025119999999999668e-05 1.738769999999999888e-04
-4.563540000000000017e-05 1.613560000000000048e-04
-3.435330000000000192e-05 1.166839999999999962e-04
-2.397870000000000134e-05 3.360190000000000095e-05
-7.023719999999999898e-06 -5.938240000000000255e-05
2.353340000000000070e-05 -1.456689999999999905e-04
6.820509999999999518e-05 -2.316759999999999957e-04
1.182930000000000006e-04 -3.106000000000000145e-04
1.588890000000000029e-04 -3.590469999999999795e-04
1.768200000000000045e-04 -3.619130000000000025e-04
1.667560000000000006e-04 -3.226980000000000061e-04
1.310820000000000030e-04 -2.569199999999999999e-04
7.739500000000000015e-05 -1.763149999999999949e-04
1.746830000000000011e-05 -8.512769999999999474e-05
-3.458079999999999932e-05 6.903260000000000208e-06
-6.808530000000000354e-05 9.125840000000000026e-05
-8.206719999999999922e-05 1.643109999999999927e-04
-8.429750000000000394e-05 2.172479999999999908e-04
-8.354040000000000402e-05 2.429230000000000050e-04
-8.402160000000000206e-05 2.507039999999999768e-04
-8.671410000000000381e-05 2.630539999999999788e-04
-9.232750000000000668e-05 2.857599999999999745e-04
-1.003750000000000004e-04 2.936649999999999742e-04
-1.061370000000000038e-04 2.579360000000000051e-04
-1.002090000000000023e-04 1.718380000000000038e-04
-7.267520000000000512e-05 6.045700000000000070e-05
-2.034649999999999908e-05 -4.738180000000000093e-05
4.959460000000000116e-05 -1.663140000000000072e-04
1.232010000000000017e-04 -3.108030000000000124e-04
1.852540000000000122e-04 -4.359330000000000019e-04
2.230699999999999903e-04 -4.876710000000000138e-04
2.284069999999999970e-04 -4.482989999999999848e-04
1.965819999999999959e-04 -3.375660000000000271e-04
1.281090000000000028e-04 -2.070429999999999894e-04
3.551979999999999829e-05 -9.095310000000000168e-05
-5.540510000000000253e-05 1.707020000000000133e-05
-1.181040000000000063e-04 1.334709999999999965e-04
-1.420770000000000019e-04 2.495929999999999937e-04
-1.373599999999999995e-04 3.295560000000000004e-04
-1.230319999999999970e-04 3.550359999999999801e-04
-1.126529999999999936e-04 3.488349999999999763e-04
-1.091439999999999972e-04 3.415569999999999826e-04
-1.090680000000000067e-04 3.325700000000000227e-04
-1.078440000000000063e-04 2.934740000000000027e-04
-9.969120000000000531e-05 2.015929999999999925e-04
-7.466650000000000077e-05 5.553649999999999928e-05
-2.084439999999999985e-05 -1.255729999999999986e-04
6.479489999999999859e-05 -3.013830000000000111e-04
1.661990000000000125e-04 -4.344279999999999952e-04
2.523879999999999830e-04 -5.152069999999999480e-04
2.939670000000000130e-04 -5.389449999999999840e-04
2.769159999999999894e-04 -4.903270000000000371e-04
2.056480000000000070e-04 -3.647090000000000076e-04
9.881659999999999847e-05 -1.891250000000000027e-04
-1.887979999999999837e-05 1.621969999999999990e-05
-1.258160000000000029e-04 2.332299999999999879e-04
-2.057829999999999913e-04 3.983169999999999745e-04
-2.468200000000000255e-04 4.797760000000000089e-04
-2.452229999999999796e-04 4.962130000000000143e-04
-2.085780000000000078e-04 4.674869999999999915e-04
-1.519980000000000040e-04 4.058430000000000240e-04
-9.190840000000000251e-05 3.105429999999999844e-04
-3.982209999999999944e-05 1.729930000000000020e-04
3.108830000000000184e-06 -1.896919999999999916e-06
4.688800000000000238e-05 -2.045799999999999962e-04
1.048190000000000005e-04 -4.076989999999999737e-04
1.778810000000000135e-04 -5.340120000000000500e-04
2.460879999999999925e-04 -5.525940000000000019e-04
2.793660000000000219e-04 -5.000090000000000437e-04
2.562220000000000144e-04 -4.050430000000000046e-04
1.749590000000000032e-04 -2.690220000000000003e-04
5.359889999999999940e-05 -6.624020000000000320e-05
-7.928060000000000120e-05 1.863099999999999967e-04
-1.951479999999999957e-04 4.001310000000000218e-04
-2.734419999999999885e-04 5.316659999999999745e-04
-3.056080000000000190e-04 6.026780000000000461e-04
-2.911389999999999920e-04 5.993710000000000183e-04
-2.328099999999999885e-04 4.941000000000000296e-04
-1.388340000000000060e-04 2.764420000000000072e-04
-2.307320000000000128e-05 -1.735560000000000032e-05
9.964359999999999580e-05 -2.952949999999999976e-04
2.162699999999999876e-04 -5.224179999999999709e-04
3.117039999999999958e-04 -6.772590000000000424e-04
3.627090000000000132e-04 -7.066239999999999891e-04
3.453369999999999769e-04 -5.988869999999999871e-04
2.542490000000000114e-04 -3.982589999999999828e-04
1.113989999999999951e-04 -1.763850000000000129e-04
-4.513790000000000028e-05 3.987860000000000135e-05
-1.799740000000000085e-04 2.763029999999999870e-04
-2.714009999999999990e-04 5.144130000000000230e-04
-3.117630000000000032e-04 6.642409999999999851e-04
-3.049670000000000093e-04 6.773000000000000374e-04
-2.623540000000000160e-04 5.826409999999999532e-04
-1.930310000000000023e-04 4.106599999999999747e-04
-9.746359999999999974e-05 1.556980000000000126e-04
2.526349999999999961e-05 -1.756499999999999869e-04
1.644279999999999917e-04 -4.988780000000000167e-04
2.946830000000000109e-04 -7.050480000000000028e-04
3.847340000000000200e-04 -7.564600000000000317e-04
4.064979999999999830e-04 -6.812780000000000051e-04
3.416890000000000010e-04 -5.043899999999999599e-04
1.925730000000000009e-04 -2.393890000000000080e-04
-8.082230000000000712e-06 7.277770000000000625e-05
-2.062929999999999983e-04 3.858910000000000226e-04
-3.547499999999999764e-04 6.588419999999999780e-04
-4.303840000000000183e-04 8.208560000000000162e-04
-4.283870000000000169e-04 8.169059999999999473e-04
-3.523069999999999999e-04 6.534559999999999588e-04
-2.128269999999999869e-04 3.532210000000000254e-04
-2.843889999999999973e-05 -5.274269999999999902e-05
1.746929999999999891e-04 -4.821979999999999799e-04
3.610710000000000265e-04 -8.009560000000000204e-04
4.876929999999999807e-04 -9.155520000000000325e-04
5.168220000000000062e-04 -8.498520000000000076e-04
4.329010000000000215e-04 -6.637659999999999871e-04
2.496800000000000083e-04 -3.586050000000000132e-04
6.023210000000000053e-06 6.903880000000000043e-05
-2.430610000000000095e-04 5.174529999999999668e-04
-4.401540000000000010e-04 8.342199999999999919e-04
-5.429579999999999606e-04 9.520639999999999702e-04
-5.333830000000000125e-04 8.901869999999999662e-04
-4.143169999999999839e-04 6.779260000000000277e-04
-2.060460000000000123e-04 3.048770000000000017e-04
5.256230000000000326e-05 -1.960680000000000073e-04
3.074829999999999968e-04 -6.818749999999999725e-04
5.037670000000000169e-04 -9.909560000000000850e-04
5.992769999999999478e-04 -1.041899999999999901e-03
5.677870000000000443e-04 -8.582989999999999760e-04
4.023410000000000159e-04 -5.100649999999999759e-04
1.272509999999999917e-04 -4.704339999999999753e-05
-1.944519999999999875e-04 4.492270000000000139e-04
-4.749560000000000110e-04 8.362829999999999483e-04
-6.369670000000000019e-04 1.031009999999999956e-03
-6.455639999999999469e-04 1.027879999999999896e-03
-5.099329999999999575e-04 8.141459999999999669e-04
-2.637550000000000116e-04 3.685879999999999886e-04
4.590589999999999699e-05 -2.273440000000000107e-04
3.561409999999999771e-04 -7.636290000000000439e-04
5.947710000000000150e-04 -1.077700000000000012e-03
7.017110000000000448e-04 -1.132849999999999916e-03
6.464059999999999771e-04 -9.624899999999999818e-04
4.346120000000000191e-04 -5.899339999999999662e-04
1.091509999999999990e-04 -2.134149999999999887e-05
-2.553979999999999966e-04 6.077269999999999634e-04
-5.683409999999999851e-04 1.063279999999999998e-03
-7.498189999999999847e-04 1.223799999999999931e-03
-7.527099999999999676e-04 1.090119999999999978e-03
-5.659799999999999987e-04 6.791870000000000416e-04
-2.181349999999999977e-04 7.716579999999999902e-05
2.104289999999999872e-04 -5.444539999999999883e-04
5.996610000000000308e-04 -1.043670000000000014e-03
8.366149999999999715e-04 -1.301309999999999967e-03
8.566100000000000537e-04 -1.231419999999999997e-03
6.550629999999999994e-04 -8.447349999999999954e-04
2.798419999999999814e-04 -2.048030000000000109e-04
-1.825530000000000121e-04 5.516440000000000059e-04
-6.188899999999999783e-04 1.158329999999999950e-03
-9.077690000000000021e-04 1.401260000000000092e-03
-9.555899999999999768e-04 1.248219999999999972e-03
-7.329129999999999673e-04 7.791659999999999732e-04
-2.882750000000000004e-04 9.136469999999999618e-05
2.634669999999999764e-04 -7.006640000000000394e-04
7.679590000000000244e-04 -1.337990000000000056e-03
1.071799999999999923e-03 -1.566179999999999916e-03
1.074950000000000081e-03 -1.333820000000000101e-03
7.666910000000000088e-04 -7.430079999999999714e-04
2.250949999999999989e-04 4.828740000000000121e-05
-4.034940000000000098e-04 8.462149999999999880e-04
-9.342730000000000045e-04 1.412609999999999907e-03
-1.198099999999999903e-03 1.594900000000000007e-03
-1.107590000000000094e-03 1.322679999999999906e-03
-6.865169999999999866e-04 6.092969999999999636e-04
-5.398280000000000092e-05 -3.124380000000000061e-04
6.090170000000000002e-04 -1.106379999999999907e-03
1.104619999999999951e-03 -1.541260000000000026e-03
1.277659999999999907e-03 -1.570439999999999987e-03
1.068380000000000067e-03 -1.183449999999999953e-03
5.315199999999999526e-04 -3.882329999999999809e-04
-1.748150000000000127e-04 5.486619999999999995e-04
-8.295929999999999971e-04 1.258339999999999936e-03
-1.225119999999999898e-03 1.540099999999999976e-03
-1.240530000000000105e-03 1.357949999999999912e-03
-8.717010000000000080e-04 7.873080000000000182e-04
-2.280989999999999992e-04 -9.621520000000000674e-06
4.888009999999999708e-04 -7.858840000000000400e-04
1.041459999999999912e-03 -1.289079999999999957e-03
1.245299999999999966e-03 -1.371140000000000076e-03
1.041080000000000000e-03 -1.014350000000000017e-03
5.078360000000000079e-04 -3.514640000000000082e-04
-1.726710000000000007e-04 3.654309999999999915e-04
-7.759610000000000335e-04 9.240780000000000521e-04
-1.108019999999999925e-03 1.204079999999999951e-03
-1.069239999999999947e-03 1.106109999999999993e-03
-6.845329999999999731e-04 6.306519999999999921e-04
-9.381129999999999406e-05 -2.450149999999999911e-05
4.970709999999999712e-04 -6.008079999999999844e-04
8.929870000000000342e-04 -9.365509999999999851e-04
9.766239999999999383e-04 -9.697080000000000066e-04
7.383970000000000117e-04 -7.120229999999999962e-04
2.728140000000000209e-04 -2.504939999999999771e-04
-2.527130000000000045e-04 2.641899999999999761e-04
-6.569920000000000143e-04 6.608210000000000212e-04
-8.133780000000000177e-04 8.120780000000000403e-04
-6.916879999999999817e-04 6.855710000000000536e-04
-3.560370000000000201e-04 3.484720000000000070e-04
6.837120000000000025e-05 -6.989240000000000188e-05
4.388700000000000045e-04 -4.318990000000000199e-04
6.390639999999999515e-04 -6.316610000000000497e-04
6.151550000000000420e-04 -6.166890000000000175e-04
3.919829999999999907e-04 -4.021769999999999816e-04
5.954330000000000300e-05 -6.956350000000000575e-05
-2.641669999999999934e-04 2.623479999999999757e-04
-4.758370000000000048e-04 4.825939999999999809e-04
-5.178560000000000238e-04 5.265479999999999466e-04
-3.904970000000000121e-04 3.933060000000000050e-04
-1.465430000000000096e-04 1.405719999999999951e-04
1.278809999999999908e-04 -1.385029999999999985e-04
3.416830000000000149e-04 -3.493260000000000093e-04
4.287650000000000055e-04 -4.287059999999999981e-04
3.692130000000000173e-04 -3.641009999999999754e-04
1.934539999999999947e-04 -1.904119999999999923e-04
-3.176340000000000153e-05 2.979549999999999958e-05
-2.288640000000000097e-04 2.255489999999999915e-04
-3.359370000000000194e-04 3.354100000000000159e-04
-3.254350000000000038e-04 3.275090000000000249e-04
-2.101820000000000012e-04 2.118199999999999879e-04
-3.585099999999999946e-05 3.533819999999999990e-05
1.365569999999999870e-04 -1.380870000000000079e-04
2.515080000000000050e-04 -2.520749999999999879e-04
2.761160000000000242e-04 -2.753139999999999732e-04
2.090200000000000012e-04 -2.080949999999999922e-04
7.885699999999999394e-05 -7.890179999999999731e-05
-6.701750000000000675e-05 6.628610000000000220e-05
-1.796339999999999949e-04 1.792289999999999877e-04
-2.249119999999999906e-04 2.252250000000000129e-04
-1.936069999999999913e-04 1.940959999999999929e-04
-1.020039999999999944e-04 1.020570000000000022e-04
1.556709999999999873e-05 -1.590099999999999904e-05
1.190959999999999995e-04 -1.193320000000000020e-04
1.760510000000000124e-04 -1.759420000000000038e-04
1.713720000000000120e-04 -1.711340000000000051e-04
1.112360000000000036e-04 -1.111750000000000054e-04
1.953239999999999954e-05 -1.967200000000000071e-05
-7.137250000000000148e-05 7.124399999999999754e-05
-1.319659999999999898e-04 1.319930000000000083e-04
-1.449749999999999867e-04 1.450859999999999997e-04
-1.099149999999999937e-04 1.099630000000000041e-04
-4.187979999999999839e-05 4.182530000000000086e-05
3.453109999999999876e-05 -3.459939999999999945e-05
9.385210000000000221e-05 -9.385250000000000309e-05
1.180850000000000053e-04 -1.180340000000000019e-04
1.020309999999999994e-04 -1.019999999999999992e-04
5.403220000000000082e-05 -5.405199999999999680e-05
-7.804730000000000405e-06 7.769840000000000812e-06
-6.229879999999999381e-05 6.229279999999999420e-05
-9.232420000000000622e-05 9.234660000000000112e-05
-9.003330000000000415e-05 9.005119999999999596e-05
-5.866699999999999921e-05 5.866089999999999938e-05
-1.065299999999999948e-05 1.063609999999999969e-05
3.712119999999999960e-05 -3.712669999999999810e-05
6.913710000000000591e-05 -6.912789999999999929e-05
