-4.388179999999999792e-08 6.173230000000000016e-07
-2.364429999999999951e-07 1.898100000000000089e-06
-6.007369999999999880e-07 2.584789999999999947e-06
-1.154130000000000078e-06 4.545640000000000409e-06
-2.360259999999999828e-06 1.236899999999999965e-05
-5.215759999999999848e-06 2.803750000000000049e-05
-1.054179999999999959e-05 4.677090000000000311e-05
-1.781399999999999919e-05 5.729630000000000232e-05
-2.455379999999999859e-05 5.365840000000000111e-05
-2.676639999999999838e-05 3.439660000000000200e-05
-1.996730000000000109e-05 -3.305370000000000169e-06
-1.725500000000000039e-06 -5.106769999999999897e-05
2.498580000000000055e-05 -9.116939999999999484e-05
5.196240000000000245e-05 -1.150659999999999991e-04
7.029690000000000114e-05 -1.281479999999999935e-04
7.480700000000000392e-05 -1.371230000000000083e-04
6.573770000000000589e-05 -1.410460000000000045e-04
4.846090000000000217e-05 -1.354419999999999951e-04
3.081780000000000164e-05 -1.159530000000000060e-04
1.776799999999999997e-05 -7.595859999999999472e-05
7.782729999999999599e-06 -1.701639999999999856e-05
-4.116740000000000162e-06 4.090100000000000024e-05
-2.053150000000000154e-05 8.334590000000000444e-05
-4.029600000000000179e-05 1.198080000000000022e-04
-6.025739999999999672e-05 1.585579999999999954e-04
-7.592959999999999890e-05 1.866989999999999958e-04
-8.293819999999999817e-05 1.922229999999999924e-04
-8.015690000000000499e-05 1.822260000000000134e-04
-7.011770000000000123e-05 1.712910000000000105e-04
-5.654480000000000113e-05 1.655200000000000009e-04
-4.308070000000000242e-05 1.538009999999999866e-04
-3.197769999999999709e-05 1.105329999999999936e-04
-2.119809999999999953e-05 3.012220000000000105e-05
-4.550549999999999994e-06 -5.894060000000000282e-05
2.390450000000000127e-05 -1.406780000000000107e-04
6.495079999999999484e-05 -2.217180000000000073e-04
1.108939999999999991e-04 -2.953179999999999803e-04
1.474600000000000010e-04 -3.391189999999999764e-04
1.622089999999999914e-04 -3.395429999999999846e-04
1.511539999999999965e-04 -3.008209999999999986e-04
1.175879999999999997e-04 -2.383420000000000026e-04
6.859339999999999958e-05 -1.633639999999999897e-04
1.452539999999999988e-05 -7.933569999999999327e-05
-3.182389999999999866e-05 5.249980000000000004e-06
-6.082909999999999668e-05 8.313920000000000522e-05
-7.235590000000000294e-05 1.514239999999999922e-04
-7.428900000000000651e-05 2.016580000000000130e-04
-7.457639999999999972e-05 2.269879999999999890e-04
-7.664550000000000334e-05 2.363689999999999997e-04
-8.129259999999999481e-05 2.507680000000000087e-04
-8.882589999999999941e-05 2.745180000000000168e-04
-9.753349999999999715e-05 2.824540000000000167e-04
-1.018929999999999950e-04 2.468829999999999874e-04
-9.353380000000000223e-05 1.620670000000000053e-04
-6.483439999999999711e-05 5.342140000000000321e-05
-1.428419999999999954e-05 -5.026600000000000290e-05
5.118060000000000258e-05 -1.632880000000000128e-04
1.190939999999999951e-04 -2.995079999999999791e-04
1.749610000000000076e-04 -4.150779999999999856e-04
2.062350000000000066e-04 -4.591539999999999749e-04
2.063269999999999915e-04 -4.168209999999999992e-04
1.734150000000000058e-04 -3.087019999999999998e-04
1.096369999999999940e-04 -1.856930000000000126e-04
2.664769999999999899e-05 -8.024159999999999420e-05
-5.279789999999999809e-05 1.609899999999999951e-05
-1.059280000000000063e-04 1.213429999999999934e-04
-1.246829999999999987e-04 2.282669999999999881e-04
-1.190180000000000046e-04 3.029059999999999761e-04
-1.065760000000000042e-04 3.283000000000000111e-04
-9.995839999999999489e-05 3.263040000000000255e-04
-1.014659999999999938e-04 3.246799999999999881e-04
-1.061329999999999950e-04 3.204880000000000120e-04
-1.073649999999999995e-04 2.849169999999999828e-04
-9.875370000000000285e-05 1.960019999999999981e-04
-7.179239999999999385e-05 5.322630000000000232e-05
-1.693349999999999974e-05 -1.233980000000000135e-04
6.673679999999999435e-05 -2.930529999999999875e-04
1.622940000000000016e-04 -4.187920000000000249e-04
2.401419999999999922e-04 -4.920999999999999810e-04
2.740279999999999994e-04 -5.093320000000000356e-04
2.526259999999999899e-04 -4.572129999999999879e-04
1.815549999999999922e-04 -3.336330000000000090e-04
7.995750000000000145e-05 -1.664819999999999961e-04
-2.787889999999999832e-05 2.535240000000000142e-05
-1.224770000000000134e-04 2.258069999999999880e-04
-1.902150000000000076e-04 3.744290000000000162e-04
-2.212089999999999890e-04 4.438520000000000052e-04
-2.144269999999999987e-04 4.552690000000000079e-04
-1.796649999999999951e-04 4.283509999999999922e-04
-1.311419999999999990e-04 3.742929999999999890e-04
-8.185129999999999338e-05 2.909389999999999871e-04
-4.000709999999999851e-05 1.673289999999999966e-04
-4.825499999999999793e-06 5.758159999999999940e-06
3.441089999999999947e-05 -1.858259999999999925e-04
9.041519999999999451e-05 -3.806069999999999831e-04
1.621580000000000016e-04 -5.023329999999999896e-04
2.283270000000000113e-04 -5.212059999999999697e-04
2.605500000000000177e-04 -4.726999999999999974e-04
2.397909999999999950e-04 -3.833129999999999806e-04
1.639880000000000027e-04 -2.539759999999999956e-04
4.894570000000000133e-05 -6.027319999999999748e-05
-7.761450000000000033e-05 1.804839999999999884e-04
-1.861800000000000098e-04 3.819820000000000030e-04
-2.563169999999999923e-04 5.034920000000000237e-04
-2.822300000000000134e-04 5.675780000000000061e-04
-2.655339999999999957e-04 5.608539999999999533e-04
-2.083929999999999951e-04 4.578480000000000115e-04
-1.184899999999999989e-04 2.498690000000000026e-04
-1.084180000000000011e-05 -2.776600000000000148e-05
9.914290000000000244e-05 -2.862210000000000231e-04
2.007149999999999917e-04 -4.941239999999999738e-04
2.828700000000000073e-04 -6.331470000000000284e-04
3.252169999999999866e-04 -6.539000000000000107e-04
3.055369999999999852e-04 -5.480640000000000164e-04
2.206820000000000125e-04 -3.595110000000000211e-04
9.305989999999999987e-05 -1.562099999999999969e-04
-4.353430000000000093e-05 3.889250000000000075e-05
-1.607369999999999893e-04 2.542709999999999784e-04
-2.411849999999999888e-04 4.744069999999999863e-04
-2.768520000000000117e-04 6.136009999999999685e-04
-2.702480000000000051e-04 6.263259999999999661e-04
-2.331719999999999962e-04 5.404270000000000081e-04
-1.744759999999999877e-04 3.829780000000000185e-04
-9.146559999999999380e-05 1.463170000000000020e-04
1.976290000000000013e-05 -1.643480000000000060e-04
1.482789999999999944e-04 -4.678530000000000080e-04
2.678150000000000235e-04 -6.598780000000000270e-04
3.493430000000000060e-04 -7.054379999999999635e-04
3.689550000000000208e-04 -6.326930000000000357e-04
3.100050000000000245e-04 -4.658409999999999873e-04
1.730450000000000076e-04 -2.177059999999999922e-04
-1.157479999999999970e-05 7.320449999999999343e-05
-1.924159999999999955e-04 3.644990000000000079e-04
-3.259359999999999775e-04 6.181679999999999944e-04
-3.922250000000000064e-04 7.663999999999999806e-04
-3.870540000000000113e-04 7.581060000000000359e-04
-3.139610000000000252e-04 6.019000000000000478e-04
-1.843670000000000053e-04 3.190299999999999863e-04
-1.607630000000000056e-05 -6.208829999999999980e-05
1.673450000000000046e-04 -4.622849999999999963e-04
3.329389999999999780e-04 -7.533179999999999998e-04
4.409649999999999768e-04 -8.495490000000000073e-04
4.597770000000000264e-04 -7.792720000000000159e-04
3.795490000000000213e-04 -6.019029999999999866e-04
2.134439999999999981e-04 -3.173240000000000132e-04
-5.791670000000000403e-06 7.913139999999999931e-05
-2.283859999999999916e-04 4.910630000000000247e-04
-3.999970000000000261e-04 7.760819999999999871e-04
-4.836640000000000232e-04 8.753819999999999614e-04
-4.684019999999999785e-04 8.109869999999999926e-04
-3.595469999999999916e-04 6.119040000000000286e-04
-1.731480000000000031e-04 2.665769999999999923e-04
5.786840000000000316e-05 -1.959460000000000108e-04
2.833479999999999983e-04 -6.411560000000000393e-04
4.524350000000000008e-04 -9.180990000000000201e-04
5.298119999999999479e-04 -9.534149999999999917e-04
4.959450000000000230e-04 -7.741249999999999650e-04
3.459280000000000124e-04 -4.491219999999999869e-04
1.004000000000000010e-04 -2.358310000000000126e-05
-1.847580000000000088e-04 4.286270000000000011e-04
-4.297659999999999913e-04 7.753070000000000361e-04
-5.657919999999999660e-04 9.432999999999999979e-04
-5.656739999999999512e-04 9.326599999999999778e-04
-4.410290000000000087e-04 7.320020000000000433e-04
-2.207119999999999969e-04 3.192229999999999894e-04
5.507780000000000314e-05 -2.295590000000000022e-04
3.280269999999999952e-04 -7.165360000000000392e-04
5.319450000000000307e-04 -9.930979999999999842e-04
6.171440000000000259e-04 -1.030730000000000101e-03
5.616349999999999988e-04 -8.650599999999999609e-04
3.709590000000000240e-04 -5.189759999999999859e-04
8.075329999999999813e-05 4.644680000000000057e-06
-2.421620000000000033e-04 5.793929999999999870e-04
-5.137580000000000098e-04 9.861029999999998928e-04
-6.635060000000000133e-04 1.116880000000000000e-03
-6.553410000000000398e-04 9.790610000000000371e-04
-4.829929999999999749e-04 5.907189999999999663e-04
-1.707330000000000067e-04 3.490789999999999827e-05
2.090299999999999960e-04 -5.276979999999999475e-04
5.466779999999999860e-04 -9.709770000000000380e-04
7.434059999999999497e-04 -1.189230000000000105e-03
7.468530000000000134e-04 -1.105929999999999977e-03
5.567400000000000126e-04 -7.372630000000000459e-04
2.176690000000000059e-04 -1.448259999999999988e-04
-1.918869999999999875e-04 5.454050000000000000e-04
-5.697169999999999665e-04 1.084799999999999914e-03
-8.081580000000000100e-04 1.279009999999999913e-03
-8.292850000000000265e-04 1.109579999999999985e-03
-6.150850000000000241e-04 6.602879999999999774e-04
-2.133659999999999897e-04 2.450090000000000118e-05
2.736899999999999901e-04 -6.934670000000000200e-04
7.083779999999999591e-04 -1.253310000000000101e-03
9.536360000000000019e-04 -1.424829999999999977e-03
9.269169999999999753e-04 -1.174729999999999915e-03
6.310429999999999685e-04 -6.095809999999999900e-04
1.431639999999999866e-04 1.188150000000000068e-04
-4.065539999999999974e-04 8.310060000000000190e-04
-8.553529999999999944e-04 1.312119999999999953e-03
-1.056199999999999977e-03 1.435300000000000031e-03
-9.411530000000000199e-04 1.147639999999999902e-03
-5.432619999999999767e-04 4.687040000000000173e-04
2.368579999999999945e-05 -3.752049999999999830e-04
5.952890000000000395e-04 -1.069969999999999949e-03
9.986739999999999593e-04 -1.415119999999999963e-03
1.108199999999999940e-03 -1.389480000000000012e-03
8.859630000000000283e-04 -9.969950000000000860e-04
3.896130000000000253e-04 -2.505869999999999777e-04
-2.350639999999999978e-04 5.931579999999999882e-04
-7.869710000000000247e-04 1.194629999999999911e-03
-1.087349999999999949e-03 1.388130000000000006e-03
-1.048399999999999896e-03 1.162419999999999946e-03
-6.855820000000000100e-04 6.049249999999999723e-04
-1.050389999999999950e-04 -1.234859999999999897e-04
5.115710000000000526e-04 -7.951110000000000382e-04
9.554179999999999791e-04 -1.190920000000000043e-03
1.075430000000000049e-03 -1.196290000000000027e-03
8.406449999999999990e-04 -8.160360000000000183e-04
3.403839999999999991e-04 -1.904879999999999963e-04
-2.547679999999999975e-04 4.391700000000000118e-04
-7.475090000000000423e-04 8.886150000000000429e-04
-9.791299999999999309e-04 1.071459999999999991e-03
-8.819140000000000269e-04 9.175939999999999834e-04
-4.977690000000000109e-04 4.455209999999999921e-04
3.446520000000000334e-05 -1.475210000000000128e-04
5.264739999999999741e-04 -6.245530000000000222e-04
8.148629999999999806e-04 -8.566280000000000118e-04
8.186860000000000014e-04 -8.131020000000000088e-04
5.537429999999999870e-04 -5.285760000000000024e-04
1.202739999999999940e-04 -9.845489999999999819e-05
-3.265519999999999729e-04 3.373280000000000202e-04
-6.309049999999999641e-04 6.342750000000000081e-04
-6.982890000000000494e-04 6.973699999999999994e-04
-5.271790000000000156e-04 5.216059999999999794e-04
-1.963559999999999882e-04 1.888620000000000088e-04
1.726259999999999969e-04 -1.742640000000000107e-04
4.564950000000000127e-04 -4.496149999999999973e-04
5.674189999999999963e-04 -5.602479999999999526e-04
4.803459999999999848e-04 -4.820320000000000225e-04
2.395440000000000091e-04 -2.493899999999999958e-04
-6.108239999999999644e-05 5.167850000000000335e-05
-3.156039999999999822e-04 3.140010000000000045e-04
-4.441599999999999758e-04 4.505509999999999897e-04
-4.162880000000000096e-04 4.244739999999999885e-04
-2.543830000000000071e-04 2.570149999999999779e-04
-2.120089999999999890e-05 1.550229999999999894e-05
2.022450000000000127e-04 -2.123399999999999897e-04
3.428859999999999829e-04 -3.501140000000000025e-04
3.592870000000000178e-04 -3.592180000000000156e-04
2.545760000000000102e-04 -2.497830000000000037e-04
7.296950000000000669e-05 -7.016190000000000328e-05
-1.186030000000000027e-04 1.167519999999999962e-04
-2.554090000000000071e-04 2.523499999999999810e-04
-2.963710000000000259e-04 2.958899999999999877e-04
-2.355780000000000135e-04 2.374900000000000047e-04
-1.014530000000000060e-04 1.029790000000000046e-04
5.549929999999999902e-05 -5.596690000000000112e-05
1.814990000000000049e-04 -1.829359999999999981e-04
2.375119999999999987e-04 -2.380489999999999971e-04
2.105440000000000089e-04 -2.097760000000000054e-04
1.157579999999999986e-04 -1.148840000000000066e-04
-1.029580000000000059e-05 1.023300000000000011e-05
-1.231369999999999969e-04 1.224379999999999956e-04
-1.860110000000000051e-04 1.856500000000000131e-04
-1.819350000000000123e-04 1.822469999999999917e-04
-1.177870000000000024e-04 1.182369999999999998e-04
-1.977629999999999902e-05 1.980800000000000076e-05
7.697799999999999380e-05 -7.729129999999999638e-05
1.406400000000000087e-04 -1.408480000000000040e-04
1.527130000000000132e-04 -1.526049999999999933e-04
1.131210000000000033e-04 -1.129029999999999997e-04
3.898010000000000309e-05 -3.892909999999999968e-05
-4.231909999999999941e-05 4.218780000000000289e-05
-1.031039999999999940e-04 1.029869999999999950e-04
-1.247809999999999967e-04 1.248090000000000039e-04
-1.033079999999999941e-04 1.034129999999999940e-04
-4.928129999999999859e-05 4.932290000000000171e-05
1.681310000000000001e-05 -1.686659999999999874e-05
7.213740000000000495e-05 -7.220030000000000057e-05
9.918650000000000318e-05 -9.918380000000000403e-05
9.117010000000000316e-05 -9.112150000000000501e-05
5.348109999999999859e-05 -5.345440000000000104e-05
9.850869999999999588e-07 -1.005410000000000001e-06
-4.768639999999999798e-05 4.765450000000000258e-05
-7.666299999999999428e-05 7.665919999999999950e-05
-7.789419999999999699e-05 7.791560000000000326e-05
-5.317660000000000176e-05 5.319220000000000209e-05
-1.276040000000000068e-05 1.275379999999999976e-05
2.871100000000000006e-05 -2.872660000000000038e-05
5.738860000000000142e-05 -5.739299999999999751e-05
6.475000000000000178e-05 -6.474090000000000216e-05
