-3.724210000000000233e-08 6.289110000000000125e-07
-2.169850000000000071e-07 1.951690000000000028e-06
-6.021800000000000096e-07 2.695190000000000194e-06
-1.214680000000000075e-06 4.733760000000000058e-06
-2.418319999999999913e-06 1.279590000000000060e-05
-5.211210000000000035e-06 2.904109999999999881e-05
-1.073150000000000051e-05 4.868469999999999823e-05
-1.884870000000000133e-05 6.020199999999999721e-05
-2.696149999999999927e-05 5.729570000000000100e-05
-3.029060000000000099e-05 3.814289999999999695e-05
-2.357579999999999881e-05 -6.306249999999999973e-07
-4.012739999999999971e-06 -5.104390000000000099e-05
2.556129999999999869e-05 -9.486159999999999991e-05
5.641659999999999785e-05 -1.223899999999999988e-04
7.802720000000000402e-05 -1.382009999999999868e-04
8.360490000000000315e-05 -1.485950000000000096e-04
7.331820000000000557e-05 -1.522630000000000023e-04
5.375410000000000089e-05 -1.447959999999999872e-04
3.390309999999999732e-05 -1.226619999999999989e-04
1.929449999999999967e-05 -7.997699999999999677e-05
8.463209999999999562e-06 -1.821919999999999998e-05
-4.285729999999999877e-06 4.278720000000000261e-05
-2.249320000000000006e-05 8.820660000000000349e-05
-4.464919999999999935e-05 1.273790000000000013e-04
-6.628989999999999698e-05 1.687749999999999960e-04
-8.272199999999999844e-05 1.989480000000000068e-04
-9.039989999999999484e-05 2.049340000000000135e-04
-8.796930000000000493e-05 1.940470000000000075e-04
-7.681250000000000360e-05 1.819280000000000105e-04
-6.081369999999999680e-05 1.749879999999999990e-04
-4.538850000000000089e-05 1.617239999999999986e-04
-3.417630000000000006e-05 1.163770000000000006e-04
-2.452540000000000069e-05 3.335579999999999665e-05
-7.892259999999999548e-06 -5.900299999999999734e-05
2.341150000000000108e-05 -1.451520000000000089e-04
6.932890000000000634e-05 -2.322339999999999995e-04
1.202119999999999936e-04 -3.128189999999999877e-04
1.610779999999999916e-04 -3.621879999999999956e-04
1.791770000000000092e-04 -3.647580000000000201e-04
1.689999999999999879e-04 -3.246689999999999776e-04
1.323530000000000117e-04 -2.579980000000000055e-04
7.698729999999999387e-05 -1.763559999999999900e-04
1.574460000000000169e-05 -8.396780000000000606e-05
-3.639970000000000320e-05 8.746070000000000442e-06
-6.896529999999999512e-05 9.262810000000000173e-05
-8.179290000000000085e-05 1.644030000000000046e-04
-8.333330000000000392e-05 2.162959999999999904e-04
-8.262730000000000085e-05 2.418750000000000110e-04
-8.378399999999999606e-05 2.504849999999999980e-04
-8.737849999999999697e-05 2.641230000000000053e-04
-9.382170000000000331e-05 2.879889999999999967e-04
-1.026890000000000056e-04 2.964959999999999883e-04
-1.092520000000000036e-04 2.608140000000000003e-04
-1.035119999999999942e-04 1.744519999999999892e-04
-7.479019999999999418e-05 6.237510000000000526e-05
-1.996750000000000152e-05 -4.710199999999999728e-05
5.248259999999999791e-05 -1.686039999999999870e-04
1.271749999999999877e-04 -3.153979999999999913e-04
1.889150000000000031e-04 -4.410330000000000175e-04
2.262149999999999881e-04 -4.913470000000000511e-04
2.311760000000000106e-04 -4.501250000000000043e-04
1.981709999999999971e-04 -3.382810000000000092e-04
1.272479999999999987e-04 -2.068510000000000021e-04
3.210849999999999929e-05 -8.914109999999999937e-05
-5.958950000000000266e-05 2.059219999999999912e-05
-1.205740000000000013e-04 1.370119999999999953e-04
-1.415990000000000109e-04 2.507450000000000260e-04
-1.348219999999999909e-04 3.274679999999999757e-04
-1.204049999999999966e-04 3.514170000000000271e-04
-1.112800000000000052e-04 3.465739999999999923e-04
-1.092770000000000042e-04 3.423589999999999793e-04
-1.107999999999999963e-04 3.359680000000000197e-04
-1.115810000000000011e-04 2.979589999999999843e-04
-1.051709999999999998e-04 2.061300000000000068e-04
-8.002300000000000277e-05 5.956410000000000117e-05
-2.341659999999999871e-05 -1.231869999999999981e-04
6.663770000000000067e-05 -3.023890000000000215e-04
1.721030000000000021e-04 -4.397429999999999807e-04
2.603740000000000113e-04 -5.236429999999999601e-04
3.014180000000000201e-04 -5.475400000000000059e-04
2.816599999999999833e-04 -4.959160000000000000e-04
2.066079999999999978e-04 -3.655630000000000099e-04
9.598470000000000276e-05 -1.856489999999999974e-04
-2.450269999999999835e-05 2.210610000000000168e-05
-1.321150000000000048e-04 2.393259999999999919e-04
-2.103899999999999965e-04 4.028530000000000002e-04
-2.485429999999999953e-04 4.816770000000000166e-04
-2.441960000000000181e-04 4.954350000000000160e-04
-2.055600000000000038e-04 4.649570000000000005e-04
-1.482870000000000119e-04 4.028449999999999826e-04
-8.939829999999999413e-05 3.083760000000000169e-04
-4.020099999999999677e-05 1.729660000000000106e-04
-4.611300000000000006e-07 9.770689999999999197e-07
4.157139999999999978e-05 -1.996029999999999929e-04
1.002470000000000043e-04 -4.031069999999999879e-04
1.766629999999999991e-04 -5.326390000000000074e-04
2.497870000000000125e-04 -5.559789999999999567e-04
2.870099999999999778e-04 -5.075939999999999922e-04
2.644179999999999881e-04 -4.141160000000000175e-04
1.803169999999999881e-04 -2.756580000000000228e-04
5.486859999999999844e-05 -6.758120000000000273e-05
-8.156080000000000014e-05 1.901109999999999964e-04
-2.002949999999999924e-04 4.065370000000000008e-04
-2.806899999999999977e-04 5.383280000000000270e-04
-3.127459999999999767e-04 6.086870000000000084e-04
-2.951890000000000091e-04 6.039300000000000267e-04
-2.327920000000000033e-04 4.956340000000000051e-04
-1.364690000000000109e-04 2.742689999999999993e-04
-2.037729999999999885e-05 -2.156379999999999842e-05
1.024509999999999988e-04 -2.991080000000000236e-04
2.198269999999999944e-04 -5.252300000000000111e-04
3.154839999999999901e-04 -6.801059999999999831e-04
3.653870000000000035e-04 -7.097470000000000471e-04
3.464419999999999739e-04 -6.009980000000000487e-04
2.540500000000000223e-04 -3.983340000000000253e-04
1.098090000000000052e-04 -1.747390000000000087e-04
-4.815190000000000225e-05 4.251979999999999903e-05
-1.830919999999999878e-04 2.794009999999999766e-04
-2.725949999999999879e-04 5.168660000000000485e-04
-3.107399999999999963e-04 6.645470000000000326e-04
-3.036760000000000110e-04 6.755720000000000431e-04
-2.625050000000000083e-04 5.813640000000000127e-04
-1.944799999999999947e-04 4.120600000000000087e-04
-9.952170000000000634e-05 1.590790000000000129e-04
2.266950000000000039e-05 -1.727769999999999892e-04
1.620260000000000103e-04 -4.979249999999999735e-04
2.948490000000000225e-04 -7.061020000000000100e-04
3.893430000000000024e-04 -7.600079999999999510e-04
4.141349999999999914e-04 -6.878119999999999937e-04
3.484399999999999911e-04 -5.120360000000000016e-04
1.954620000000000066e-04 -2.440180000000000073e-04
-9.425310000000000057e-06 7.393620000000000541e-05
-2.107180000000000110e-04 3.917670000000000050e-04
-3.607710000000000192e-04 6.661790000000000333e-04
-4.364789999999999794e-04 8.271350000000000013e-04
-4.332329999999999905e-04 8.211470000000000444e-04
-3.548730000000000157e-04 6.554399999999999723e-04
-2.125069999999999900e-04 3.529119999999999848e-04
-2.561749999999999994e-05 -5.524629999999999992e-05
1.787760000000000109e-04 -4.864679999999999916e-04
3.656910000000000195e-04 -8.061449999999999736e-04
4.930499999999999770e-04 -9.207819999999999807e-04
5.222000000000000079e-04 -8.545000000000000078e-04
4.356639999999999948e-04 -6.668320000000000150e-04
2.478159999999999868e-04 -3.582659999999999881e-04
8.477290000000000069e-07 7.382759999999999768e-05
-2.485720000000000182e-04 5.248370000000000032e-04
-4.448839999999999913e-04 8.405280000000000000e-04
-5.473400000000000010e-04 9.554319999999999827e-04
-5.364449999999999774e-04 8.915219999999999525e-04
-4.138079999999999927e-04 6.779680000000000385e-04
-2.018140000000000027e-04 3.025300000000000190e-04
5.763739999999999809e-05 -2.012820000000000017e-04
3.109569999999999977e-04 -6.876430000000000433e-04
5.062789999999999955e-04 -9.944789999999999359e-04
6.024410000000000008e-04 -1.043270000000000005e-03
5.708290000000000195e-04 -8.594670000000000434e-04
4.025139999999999751e-04 -5.110190000000000348e-04
1.233060000000000015e-04 -4.525159999999999887e-05
-2.007070000000000013e-04 4.551210000000000086e-04
-4.809120000000000061e-04 8.439520000000000268e-04
-6.413799999999999883e-04 1.036650000000000071e-03
-6.477450000000000265e-04 1.029710000000000087e-03
-5.089009999999999714e-04 8.125650000000000104e-04
-2.596470000000000028e-04 3.643329999999999963e-04
5.117549999999999817e-05 -2.333000000000000059e-04
3.610069999999999946e-04 -7.693269999999999883e-04
5.992690000000000386e-04 -1.081490000000000055e-03
7.055019999999999954e-04 -1.135010000000000099e-03
6.474760000000000194e-04 -9.636780000000000389e-04
4.315079999999999892e-04 -5.888970000000000099e-04
1.033610000000000019e-04 -1.629489999999999877e-05
-2.610800000000000143e-04 6.156140000000000050e-04
-5.732110000000000113e-04 1.070140000000000024e-03
-7.546989999999999515e-04 1.227299999999999962e-03
-7.563840000000000277e-04 1.091170000000000031e-03
-5.653099999999999662e-04 6.784830000000000158e-04
-2.119090000000000069e-04 7.293980000000000255e-05
2.201960000000000039e-04 -5.534249999999999673e-04
6.097589999999999738e-04 -1.054849999999999972e-03
8.441580000000000177e-04 -1.309990000000000026e-03
8.594089999999999976e-04 -1.234260000000000045e-03
6.520220000000000399e-04 -8.409819999999999926e-04
2.714109999999999938e-04 -1.955559999999999959e-04
-1.942839999999999986e-04 5.640120000000000203e-04
-6.310540000000000333e-04 1.170459999999999903e-03
-9.176170000000000203e-04 1.409840000000000095e-03
-9.600760000000000283e-04 1.251179999999999957e-03
-7.288760000000000464e-04 7.753770000000000540e-04
-2.751159999999999999e-04 8.004749999999999550e-05
2.816960000000000080e-04 -7.184030000000000537e-04
7.849839999999999639e-04 -1.356949999999999996e-03
1.083219999999999973e-03 -1.578750000000000075e-03
1.078219999999999960e-03 -1.335199999999999929e-03
7.591429999999999923e-04 -7.333319999999999509e-04
2.059850000000000006e-04 6.650680000000000502e-05
-4.292550000000000228e-04 8.697089999999999769e-04
-9.573109999999999693e-04 1.435400000000000087e-03
-1.209840000000000004e-03 1.608220000000000049e-03
-1.103910000000000047e-03 1.319789999999999939e-03
-6.684539999999999666e-04 5.901219999999999990e-04
-2.659460000000000114e-05 -3.414739999999999768e-04
6.386700000000000363e-04 -1.136019999999999955e-03
1.128340000000000029e-03 -1.562929999999999918e-03
1.286500000000000100e-03 -1.577779999999999981e-03
1.056349999999999954e-03 -1.172780000000000003e-03
5.013889999999999797e-04 -3.601340000000000183e-04
-2.119599999999999967e-04 5.865679999999999852e-04
-8.617170000000000168e-04 1.292449999999999892e-03
-1.243589999999999930e-03 1.557849999999999947e-03
-1.239070000000000102e-03 1.353980000000000071e-03
-8.475800000000000131e-04 7.629839999999999713e-04
-1.867410000000000066e-04 -4.869880000000000205e-05
5.334660000000000183e-04 -8.292959999999999828e-04
1.073280000000000024e-03 -1.321869999999999946e-03
1.252960000000000011e-03 -1.379809999999999977e-03
1.021420000000000097e-03 -9.943630000000000611e-04
4.663150000000000238e-04 -3.092829999999999863e-04
-2.234430000000000086e-04 4.159529999999999933e-04
-8.194090000000000011e-04 9.666009999999999837e-04
-1.128319999999999931e-03 1.224110000000000042e-03
-1.057580000000000022e-03 1.095349999999999926e-03
-6.441660000000000528e-04 5.909560000000000117e-04
-3.893389999999999666e-05 -8.000420000000000220e-05
5.479200000000000259e-04 -6.522649999999999629e-04
9.231250000000000089e-04 -9.659309999999999511e-04
9.752250000000000285e-04 -9.674360000000000121e-04
7.044170000000000422e-04 -6.787190000000000454e-04
2.172730000000000050e-04 -1.962640000000000033e-04
-3.100059999999999860e-04 3.214679999999999925e-04
-6.955870000000000065e-04 7.005409999999999459e-04
-8.201350000000000480e-04 8.193830000000000254e-04
-6.648129999999999925e-04 6.581030000000000517e-04
-3.049489999999999970e-04 2.967240000000000003e-04
1.263059999999999931e-04 -1.276810000000000130e-04
4.838679999999999826e-04 -4.763349999999999854e-04
6.555779999999999767e-04 -6.480169999999999724e-04
5.975719999999999903e-04 -5.994919999999999720e-04
3.469120000000000016e-04 -3.574709999999999932e-04
3.279850000000000031e-06 -1.317810000000000009e-05
-3.119889999999999838e-04 3.105879999999999882e-04
-4.993730000000000044e-04 5.063030000000000481e-04
-5.100699999999999462e-04 5.184960000000000176e-04
-3.548879999999999808e-04 3.573450000000000151e-04
-9.566959999999999624e-05 8.966930000000000560e-05
1.765819999999999976e-04 -1.869320000000000053e-04
3.717980000000000070e-04 -3.792159999999999823e-04
4.306129999999999919e-04 -4.305910000000000249e-04
3.430719999999999842e-04 -3.381619999999999787e-04
1.490929999999999903e-04 -1.461959999999999941e-04
-7.882059999999999544e-05 7.687319999999999440e-05
-2.627619999999999891e-04 2.595900000000000269e-04
-3.457940000000000167e-04 3.453940000000000070e-04
-3.088349999999999798e-04 3.108860000000000182e-04
-1.736829999999999971e-04 1.751699999999999915e-04
7.582880000000000149e-06 -8.196299999999999774e-06
1.721629999999999981e-04 -1.736189999999999923e-04
2.677089999999999808e-04 -2.681289999999999802e-04
2.682629999999999759e-04 -2.674290000000000174e-04
1.807040000000000100e-04 -1.798889999999999983e-04
4.039909999999999747e-05 -4.054050000000000259e-05
-1.023280000000000001e-04 1.016279999999999967e-04
-2.001589999999999923e-04 1.998539999999999876e-04
-2.244930000000000070e-04 2.248440000000000041e-04
-1.733469999999999922e-04 1.737800000000000065e-04
-6.953879999999999903e-05 6.952450000000000155e-05
4.891009999999999780e-05 -4.924180000000000007e-05
1.422069999999999888e-04 -1.423849999999999996e-04
1.817110000000000090e-04 -1.815669999999999914e-04
1.585040000000000125e-04 -1.582889999999999883e-04
8.499969999999999867e-05 -8.498319999999999637e-05
-1.069259999999999991e-05 1.054399999999999934e-05
-9.534680000000000672e-05 9.524910000000000256e-05
-1.420559999999999965e-04 1.421089999999999908e-04
-1.385430000000000049e-04 1.386460000000000004e-04
-8.992319999999999990e-05 8.994400000000000485e-05
-1.562350000000000042e-05 1.555969999999999944e-05
5.804100000000000215e-05 -5.809380000000000273e-05
1.069600000000000059e-04 -1.069439999999999979e-04
1.169759999999999995e-04 -1.169270000000000004e-04
8.781040000000000210e-05 -8.779399999999999325e-05
3.210499999999999839e-05 -3.213200000000000339e-05
-2.976939999999999995e-05 2.974149999999999976e-05
-7.703530000000000425e-05 7.703909999999999903e-05
-9.535020000000000062e-05 9.537319999999999685e-05
-8.097779999999999573e-05 8.098829999999999842e-05
-4.117209999999999837e-05 4.116110000000000135e-05
9.042000000000000842e-06 -9.056210000000000491e-06
5.238379999999999811e-05 -5.238379999999999811e-05
7.516259999999999760e-05 -7.515209999999999490e-05
