-4.048899999999999946e-08 6.207150000000000362e-07
-2.271900000000000114e-07 1.912780000000000006e-06
-6.044660000000000077e-07 2.614300000000000110e-06
-1.189229999999999962e-06 4.602929999999999991e-06
-2.390680000000000123e-06 1.251010000000000072e-05
-5.213670000000000178e-06 2.834840000000000119e-05
-1.065289999999999926e-05 4.733119999999999840e-05
-1.836920000000000024e-05 5.818089999999999720e-05
-2.576450000000000040e-05 5.492570000000000167e-05
-2.839669999999999868e-05 3.593160000000000001e-05
-2.142120000000000084e-05 -2.026830000000000210e-06
-2.332969999999999959e-06 -5.086329999999999801e-05
2.583659999999999925e-05 -9.260950000000000161e-05
5.452650000000000048e-05 -1.181319999999999999e-04
7.400110000000000542e-05 -1.323279999999999975e-04
7.840340000000000221e-05 -1.415379999999999991e-04
6.820250000000000303e-05 -1.446279999999999983e-04
4.962049999999999697e-05 -1.375209999999999866e-04
3.114570000000000234e-05 -1.167730000000000016e-04
1.791050000000000072e-05 -7.632580000000000029e-05
8.196290000000000769e-06 -1.742269999999999838e-05
-3.567590000000000091e-06 4.061009999999999935e-05
-2.057979999999999903e-05 8.370549999999999334e-05
-4.148069999999999741e-05 1.214549999999999950e-04
-6.240669999999999323e-05 1.618310000000000028e-04
-7.875649999999999719e-05 1.911559999999999974e-04
-8.647569999999999606e-05 1.969200000000000052e-04
-8.408139999999999766e-05 1.866150000000000014e-04
-7.337269999999999632e-05 1.753079999999999960e-04
-5.829839999999999735e-05 1.688860000000000090e-04
-4.369039999999999762e-05 1.560140000000000008e-04
-3.262739999999999868e-05 1.116190000000000032e-04
-2.260219999999999851e-05 3.070980000000000199e-05
-5.996819999999999617e-06 -5.852860000000000067e-05
2.399060000000000033e-05 -1.412460000000000093e-04
6.740410000000000065e-05 -2.248250000000000031e-04
1.153549999999999958e-04 -3.017140000000000186e-04
1.533949999999999908e-04 -3.477530000000000161e-04
1.692399999999999992e-04 -3.484970000000000212e-04
1.582280000000000036e-04 -3.087459999999999879e-04
1.228579999999999950e-04 -2.444610000000000164e-04
7.067729999999999499e-05 -1.668139999999999922e-04
1.358480000000000078e-05 -7.951540000000000105e-05
-3.444449999999999861e-05 7.758589999999999861e-06
-6.373760000000000450e-05 8.674900000000000579e-05
-7.478169999999999588e-05 1.548350000000000041e-04
-7.616939999999999616e-05 2.046279999999999931e-04
-7.637160000000000584e-05 2.299520000000000101e-04
-7.884409999999999954e-05 2.398760000000000052e-04
-8.397409999999999955e-05 2.552429999999999955e-04
-9.193260000000000136e-05 2.800170000000000263e-04
-1.014200000000000014e-04 2.885070000000000212e-04
-1.069609999999999946e-04 2.528429999999999914e-04
-9.914040000000000374e-05 1.674140000000000068e-04
-6.903790000000000523e-05 5.734830000000000114e-05
-1.504080000000000006e-05 -4.924920000000000274e-05
5.437169999999999986e-05 -1.667220000000000073e-04
1.249620000000000006e-04 -3.076129999999999837e-04
1.822410000000000056e-04 -4.260409999999999957e-04
2.148010000000000056e-04 -4.703530000000000146e-04
2.157360000000000094e-04 -4.267839999999999850e-04
1.814850000000000014e-04 -3.169620000000000055e-04
1.135710000000000007e-04 -1.911299999999999946e-04
2.532710000000000015e-05 -8.111860000000000630e-05
-5.780719999999999771e-05 2.016520000000000134e-05
-1.115450000000000035e-04 1.282800000000000119e-04
-1.286790000000000058e-04 2.348800000000000009e-04
-1.214150000000000022e-04 3.073109999999999991e-04
-1.087250000000000000e-04 3.311680000000000114e-04
-1.026279999999999939e-04 3.298409999999999884e-04
-1.044909999999999996e-04 3.303480000000000023e-04
-1.097189999999999976e-04 3.277660000000000057e-04
-1.124749999999999963e-04 2.922770000000000207e-04
-1.055380000000000050e-04 2.024460000000000062e-04
-7.828199999999999352e-05 5.812980000000000035e-05
-1.998619999999999848e-05 -1.215890000000000043e-04
6.940949999999999334e-05 -2.966910000000000228e-04
1.709849999999999901e-04 -4.290699999999999831e-04
2.530629999999999859e-04 -5.075999999999999783e-04
2.879909999999999740e-04 -5.264420000000000124e-04
2.643939999999999897e-04 -4.716319999999999866e-04
1.888670000000000062e-04 -3.421049999999999916e-04
8.157309999999999323e-05 -1.680420000000000015e-04
-3.195939999999999762e-05 2.966059999999999855e-05
-1.304289999999999942e-04 2.342830000000000064e-04
-1.993909999999999888e-04 3.851619999999999827e-04
-2.298640000000000069e-04 4.546400000000000246e-04
-2.215449999999999939e-04 4.645100000000000097e-04
-1.843159999999999883e-04 4.355489999999999731e-04
-1.332940000000000015e-04 3.793860000000000027e-04
-8.288369999999999386e-05 2.941090000000000262e-04
-4.158569999999999725e-05 1.694149999999999899e-04
-7.445049999999999979e-06 7.622979999999999985e-06
3.182280000000000303e-05 -1.847580000000000088e-04
9.000759999999999523e-05 -3.825929999999999739e-04
1.665290000000000043e-04 -5.095209999999999757e-04
2.389469999999999875e-04 -5.338860000000000177e-04
2.754419999999999829e-04 -4.890909999999999832e-04
2.539339999999999848e-04 -3.996790000000000065e-04
1.729140000000000050e-04 -2.652560000000000096e-04
5.117120000000000230e-05 -6.261740000000000123e-05
-8.156249999999999709e-05 1.871669999999999920e-04
-1.956949999999999890e-04 3.945220000000000150e-04
-2.702129999999999962e-04 5.185450000000000302e-04
-2.970010000000000250e-04 5.833709999999999547e-04
-2.768700000000000241e-04 5.755050000000000270e-04
-2.147270000000000060e-04 4.681250000000000081e-04
-1.210919999999999987e-04 2.535060000000000221e-04
-1.070360000000000032e-05 -3.005600000000000158e-05
1.029449999999999978e-04 -2.925030000000000013e-04
2.091809999999999883e-04 -5.039839999999999641e-04
2.948539999999999928e-04 -6.471330000000000398e-04
3.383039999999999919e-04 -6.704919999999999630e-04
3.177039999999999790e-04 -5.632680000000000152e-04
2.298249999999999891e-04 -3.698190000000000179e-04
9.659940000000000215e-05 -1.602530000000000122e-04
-4.675869999999999669e-05 4.139189999999999921e-05
-1.687269999999999992e-04 2.629880000000000238e-04
-2.504440000000000030e-04 4.872480000000000214e-04
-2.858030000000000011e-04 6.269070000000000068e-04
-2.794930000000000157e-04 6.377810000000000250e-04
-2.425519999999999911e-04 5.506379999999999955e-04
-1.821620000000000086e-04 3.926339999999999952e-04
-9.614679999999999906e-05 1.531399999999999873e-04
1.817800000000000112e-05 -1.639009999999999881e-04
1.508079999999999967e-04 -4.749210000000000020e-04
2.769700000000000265e-04 -6.731039999999999983e-04
3.658070000000000028e-04 -7.233819999999999530e-04
3.887599999999999845e-04 -6.535749999999999893e-04
3.265799999999999801e-04 -4.850200000000000149e-04
1.815300000000000052e-04 -2.284470000000000034e-04
-1.268429999999999983e-05 7.493100000000000476e-05
-2.021849999999999895e-04 3.772849999999999902e-04
-3.417210000000000169e-04 6.375519999999999972e-04
-4.104590000000000083e-04 7.879789999999999581e-04
-4.044119999999999898e-04 7.781039999999999485e-04
-3.274730000000000002e-04 6.170929999999999818e-04
-1.913890000000000068e-04 3.270759999999999835e-04
-1.552099999999999929e-05 -6.278540000000000368e-05
1.747879999999999942e-04 -4.723460000000000072e-04
3.466070000000000240e-04 -7.713439999999999793e-04
4.603079999999999845e-04 -8.721630000000000181e-04
4.814290000000000149e-04 -8.024780000000000238e-04
3.967810000000000217e-04 -6.213290000000000002e-04
2.208989999999999869e-04 -3.277019999999999738e-04
-8.316629999999999688e-06 8.182709999999999452e-05
-2.385230000000000065e-04 5.058880000000000191e-04
-4.165989999999999732e-04 7.976040000000000430e-04
-5.051670000000000509e-04 8.985469999999999742e-04
-4.896500000000000028e-04 8.330909999999999965e-04
-3.739719999999999763e-04 6.295149999999999791e-04
-1.778430000000000115e-04 2.743189999999999735e-04
6.154440000000000659e-05 -2.013220000000000081e-04
2.938610000000000245e-04 -6.574499999999999615e-04
4.699600000000000066e-04 -9.403150000000000527e-04
5.530830000000000034e-04 -9.779409999999999666e-04
5.194029999999999871e-04 -7.980360000000000145e-04
3.618070000000000140e-04 -4.670109999999999778e-04
1.036429999999999968e-04 -2.850699999999999998e-05
-1.942260000000000069e-04 4.399809999999999876e-04
-4.490270000000000090e-04 7.994249999999999837e-04
-5.908050000000000194e-04 9.725699999999999667e-04
-5.906849999999999731e-04 9.601609999999999572e-04
-4.594719999999999946e-04 7.525220000000000433e-04
-2.286249999999999871e-04 3.280620000000000042e-04
5.815389999999999899e-05 -2.350920000000000050e-04
3.417009999999999731e-04 -7.346860000000000196e-04
5.552600000000000200e-04 -1.019209999999999994e-03
6.454149999999999861e-04 -1.060299999999999914e-03
5.865030000000000460e-04 -8.928729999999999740e-04
3.853519999999999927e-04 -5.372690000000000495e-04
8.247560000000000026e-05 2.992510000000000000e-06
-2.523359999999999774e-04 5.952489999999999518e-04
-5.351950000000000283e-04 1.013629999999999956e-03
-6.937850000000000397e-04 1.148909999999999949e-03
-6.866749999999999807e-04 1.010140000000000083e-03
-5.049790000000000181e-04 6.141500000000000474e-04
-1.766030000000000030e-04 4.195790000000000023e-05
2.206859999999999941e-04 -5.417100000000000430e-04
5.731549999999999969e-04 -1.002239999999999945e-03
7.780509999999999813e-04 -1.228380000000000053e-03
7.804179999999999538e-04 -1.142559999999999930e-03
5.804020000000000446e-04 -7.619799999999999924e-04
2.252199999999999883e-04 -1.508629999999999954e-04
-2.028640000000000011e-04 5.602250000000000242e-04
-5.975569999999999710e-04 1.116989999999999997e-03
-8.470689999999999904e-04 1.320329999999999985e-03
-8.688059999999999620e-04 1.149590000000000030e-03
-6.421470000000000303e-04 6.881440000000000170e-04
-2.185140000000000021e-04 3.038490000000000109e-05
2.915409999999999790e-04 -7.143590000000000226e-04
7.438769999999999931e-04 -1.295930000000000042e-03
9.988959999999999853e-04 -1.475289999999999978e-03
9.707439999999999472e-04 -1.217989999999999958e-03
6.587020000000000505e-04 -6.347030000000000250e-04
1.432770000000000040e-04 1.192890000000000026e-04
-4.345600000000000135e-04 8.600119999999999510e-04
-9.019530000000000429e-04 1.362890000000000065e-03
-1.107139999999999947e-03 1.491169999999999995e-03
-9.815279999999999578e-04 1.190129999999999964e-03
-5.613410000000000318e-04 4.850209999999999765e-04
3.347220000000000116e-05 -3.894929999999999790e-04
6.317859999999999579e-04 -1.110590000000000058e-03
1.052830000000000042e-03 -1.470519999999999900e-03
1.162349999999999928e-03 -1.444060000000000048e-03
9.204429999999999557e-04 -1.034090000000000096e-03
3.940150000000000011e-04 -2.565110000000000111e-04
-2.593180000000000268e-04 6.216820000000000289e-04
-8.327719999999999611e-04 1.246560000000000073e-03
-1.143240000000000011e-03 1.445139999999999923e-03
-1.096380000000000098e-03 1.208089999999999989e-03
-7.072159999999999861e-04 6.262890000000000340e-04
-9.229969999999999993e-05 -1.351950000000000092e-04
5.529940000000000116e-04 -8.381210000000000482e-04
1.010779999999999968e-03 -1.249689999999999915e-03
1.126379999999999959e-03 -1.248860000000000074e-03
8.701730000000000185e-04 -8.447440000000000287e-04
3.384859999999999844e-04 -1.869929999999999900e-04
-2.874150000000000121e-04 4.729840000000000238e-04
-7.995549999999999706e-04 9.410609999999999808e-04
-1.031529999999999904e-03 1.124309999999999893e-03
-9.152509999999999552e-04 9.521609999999999796e-04
-5.013090000000000211e-04 4.494699999999999911e-04
5.975409999999999766e-05 -1.745740000000000128e-04
5.710920000000000406e-04 -6.708009999999999494e-04
8.636269999999999494e-04 -9.046559999999999931e-04
8.538050000000000153e-04 -8.470879999999999643e-04
5.619439999999999852e-04 -5.376079999999999661e-04
9.966660000000000558e-05 -7.920559999999999938e-05
-3.663389999999999767e-04 3.774849999999999950e-04
-6.742340000000000095e-04 6.789569999999999980e-04
-7.297430000000000366e-04 7.291679999999999820e-04
-5.363749999999999594e-04 5.300250000000000490e-04
-1.810620000000000090e-04 1.729649999999999948e-04
2.059429999999999898e-04 -2.073760000000000013e-04
4.951000000000000539e-04 -4.876649999999999735e-04
5.969589999999999879e-04 -5.895860000000000163e-04
4.903110000000000020e-04 -4.923650000000000335e-04
2.274069999999999998e-04 -2.377319999999999932e-04
-8.932779999999999540e-05 7.994070000000000527e-05
-3.487100000000000139e-04 3.475710000000000236e-04
-4.703409999999999883e-04 4.770010000000000092e-04
-4.270389999999999885e-04 4.349719999999999954e-04
-2.467659999999999884e-04 2.490109999999999915e-04
1.374769999999999968e-06 -7.122329999999999959e-06
2.311869999999999941e-04 -2.410450000000000071e-04
3.676099999999999854e-04 -3.746740000000000248e-04
3.712349999999999786e-04 -3.712289999999999926e-04
2.502280000000000173e-04 -2.456010000000000224e-04
5.473370000000000080e-05 -5.204369999999999775e-05
-1.436080000000000115e-04 1.417540000000000119e-04
-2.780589999999999885e-04 2.751210000000000244e-04
-3.088410000000000200e-04 3.085060000000000037e-04
-2.340590000000000032e-04 2.359659999999999969e-04
-8.724059999999999953e-05 8.859870000000000267e-05
7.679020000000000214e-05 -7.737350000000000044e-05
2.021070000000000082e-04 -2.034580000000000026e-04
2.502930000000000107e-04 -2.506699999999999835e-04
2.114270000000000071e-04 -2.106359999999999938e-04
1.050490000000000034e-04 -1.042940000000000013e-04
-2.823739999999999836e-05 2.808130000000000166e-05
-1.416629999999999886e-04 1.410000000000000120e-04
-1.986550000000000013e-04 1.983920000000000074e-04
-1.846560000000000020e-04 1.850049999999999948e-04
-1.102090000000000014e-04 1.106040000000000002e-04
-5.081730000000000387e-06 5.044410000000000209e-06
9.335199999999999661e-05 -9.366489999999999831e-05
1.529649999999999966e-04 -1.531129999999999958e-04
1.569390000000000097e-04 -1.567929999999999877e-04
1.082099999999999956e-04 -1.080170000000000061e-04
2.713129999999999890e-05 -2.712859999999999976e-05
-5.661320000000000203e-05 5.647360000000000086e-05
-1.147739999999999958e-04 1.146920000000000057e-04
-1.299750000000000016e-04 1.300300000000000002e-04
-1.006240000000000042e-04 1.007170000000000049e-04
-4.008429999999999838e-05 4.009750000000000022e-05
2.901390000000000016e-05 -2.907549999999999970e-05
8.299390000000000510e-05 -8.303949999999999667e-05
1.050440000000000060e-04 -1.050250000000000050e-04
9.029540000000000287e-05 -9.025010000000000519e-05
4.655990000000000123e-05 -4.654840000000000312e-05
-9.255780000000000683e-06 9.228669999999999853e-06
-5.754590000000000074e-05 5.752180000000000211e-05
-8.279599999999999807e-05 8.280239999999999855e-05
-7.842780000000000151e-05 7.844930000000000121e-05
-4.825509999999999815e-05 4.826270000000000126e-05
-4.377890000000000194e-06 4.366319999999999727e-06
3.749360000000000301e-05 -3.750580000000000266e-05
6.354859999999999665e-05 -6.354710000000000014e-05
6.633699999999999861e-05 -6.632709999999999724e-05
