-3.848809999999999906e-08 6.213579999999999977e-07
-2.210149999999999975e-07 1.915229999999999872e-06
-6.030769999999999944e-07 2.619399999999999858e-06
-1.201939999999999922e-06 4.617280000000000116e-06
-2.394760000000000091e-06 1.254940000000000050e-05
-5.182279999999999789e-06 2.842430000000000160e-05
-1.064759999999999950e-05 4.745459999999999793e-05
-1.855820000000000131e-05 5.840019999999999695e-05
-2.626269999999999844e-05 5.532740000000000157e-05
-2.908080000000000116e-05 3.651960000000000183e-05
-2.198619999999999966e-05 -1.479340000000000010e-06
-2.477180000000000057e-06 -5.074470000000000223e-05
2.634049999999999963e-05 -9.318960000000000644e-05
5.572689999999999664e-05 -1.193839999999999940e-04
7.555469999999999678e-05 -1.339570000000000051e-04
7.964890000000000240e-05 -1.430459999999999989e-04
6.865589999999999432e-05 -1.454690000000000128e-04
4.934750000000000144e-05 -1.374670000000000037e-04
3.061320000000000024e-05 -1.161870000000000041e-04
1.761660000000000003e-05 -7.589920000000000000e-05
8.419889999999999780e-06 -1.758950000000000159e-05
-2.944449999999999820e-06 3.996170000000000061e-05
-2.004610000000000108e-05 8.307899999999999519e-05
-4.146219999999999751e-05 1.214230000000000062e-04
-6.292519999999999852e-05 1.626710000000000016e-04
-7.969560000000000316e-05 1.926329999999999969e-04
-8.785619999999999411e-05 1.985529999999999945e-04
-8.573569999999999976e-05 1.881510000000000083e-04
-7.469259999999999702e-05 1.767019999999999897e-04
-5.875649999999999894e-05 1.699120000000000090e-04
-4.348160000000000057e-05 1.563570000000000075e-04
-3.251510000000000316e-05 1.114160000000000053e-04
-2.309089999999999944e-05 3.058890000000000117e-05
-6.716770000000000237e-06 -5.818020000000000244e-05
2.391040000000000065e-05 -1.409159999999999905e-04
6.835130000000000405e-05 -2.255159999999999869e-04
1.170020000000000023e-04 -3.038459999999999772e-04
1.554050000000000071e-04 -3.506849999999999941e-04
1.715540000000000044e-04 -3.512620000000000260e-04
1.605049999999999955e-04 -3.108890000000000113e-04
1.242589999999999906e-04 -2.458790000000000086e-04
7.059749999999999619e-05 -1.672490000000000109e-04
1.236000000000000025e-05 -7.877219999999999773e-05
-3.582720000000000148e-05 9.214819999999999977e-06
-6.450579999999999487e-05 8.794080000000000343e-05
-7.479270000000000644e-05 1.551450000000000062e-04
-7.574469999999999326e-05 2.042810000000000047e-04
-7.602239999999999909e-05 2.296540000000000072e-04
-7.901549999999999590e-05 2.402539999999999938e-04
-8.482440000000000054e-05 2.565830000000000064e-04
-9.339269999999999777e-05 2.821969999999999817e-04
-1.034670000000000040e-04 2.910799999999999846e-04
-1.095540000000000017e-04 2.553559999999999858e-04
-1.017680000000000055e-04 1.696020000000000069e-04
-7.062380000000000643e-05 5.883899999999999688e-05
-1.461479999999999939e-05 -4.920649999999999720e-05
5.675520000000000169e-05 -1.688100000000000050e-04
1.281730000000000076e-04 -3.115460000000000017e-04
1.852599999999999982e-04 -4.303760000000000007e-04
2.175529999999999955e-04 -4.736349999999999740e-04
2.183040000000000024e-04 -4.287569999999999880e-04
1.831380000000000074e-04 -3.181619999999999804e-04
1.132700000000000048e-04 -1.915440000000000079e-04
2.302129999999999929e-05 -8.006749999999999870e-05
-6.074679999999999918e-05 2.271110000000000012e-05
-1.132919999999999988e-04 1.309410000000000055e-04
-1.284090000000000101e-04 2.358650000000000059e-04
-1.198669999999999960e-04 3.061340000000000068e-04
-1.073509999999999959e-04 3.292130000000000208e-04
-1.023199999999999961e-04 3.291890000000000224e-04
-1.053330000000000027e-04 3.320390000000000104e-04
-1.117279999999999982e-04 3.312179999999999855e-04
-1.158720000000000046e-04 2.962449999999999936e-04
-1.099399999999999943e-04 2.061300000000000068e-04
-8.212449999999999611e-05 6.105119999999999579e-05
-2.131320000000000119e-05 -1.203700000000000012e-04
7.159470000000000081e-05 -2.984490000000000016e-04
1.762020000000000047e-04 -4.342260000000000130e-04
2.597119999999999962e-04 -5.149189999999999670e-04
2.940339999999999837e-04 -5.335119999999999836e-04
2.681420000000000223e-04 -4.760960000000000170e-04
1.895280000000000055e-04 -3.427850000000000189e-04
7.925689999999999667e-05 -1.653830000000000122e-04
-3.631530000000000110e-05 3.411419999999999942e-05
-1.350760000000000057e-04 2.388600000000000001e-04
-2.025879999999999923e-04 3.885739999999999832e-04
-2.309839999999999962e-04 4.561599999999999965e-04
-2.209400000000000090e-04 4.642599999999999765e-04
-1.826080000000000108e-04 4.343870000000000001e-04
-1.313940000000000095e-04 3.782720000000000266e-04
-8.211309999999999822e-05 2.938179999999999980e-04
-4.300270000000000080e-05 1.706319999999999885e-04
-1.093620000000000043e-05 1.058450000000000005e-05
2.767399999999999965e-05 -1.809849999999999892e-04
8.723359999999999773e-05 -3.800720000000000162e-04
1.670370000000000069e-04 -5.102559999999999475e-04
2.436170000000000089e-04 -5.385880000000000008e-04
2.829940000000000081e-04 -4.967809999999999587e-04
2.612280000000000136e-04 -4.078059999999999780e-04
1.771090000000000012e-04 -2.705229999999999983e-04
5.142349999999999986e-05 -6.286259999999999678e-05
-8.454900000000000653e-05 1.914659999999999995e-04
-2.010539999999999897e-04 4.009460000000000064e-04
-2.769529999999999757e-04 5.249379999999999671e-04
-3.030390000000000102e-04 5.888430000000000270e-04
-2.798519999999999762e-04 5.793299999999999709e-04
-2.142649999999999958e-04 4.691230000000000009e-04
-1.189529999999999976e-04 2.514559999999999994e-04
-8.578250000000000412e-06 -3.348699999999999973e-05
1.050039999999999996e-04 -2.953760000000000261e-04
2.117830000000000016e-04 -5.061160000000000311e-04
2.976690000000000260e-04 -6.496110000000000252e-04
3.405079999999999999e-04 -6.735289999999999680e-04
3.191900000000000119e-04 -5.657719999999999763e-04
2.307800000000000097e-04 -3.709669999999999873e-04
9.658169999999999722e-05 -1.601840000000000100e-04
-4.819909999999999733e-05 4.246109999999999907e-05
-1.707799999999999878e-04 2.650570000000000205e-04
-2.516150000000000092e-04 4.896469999999999555e-04
-2.859389999999999740e-04 6.283940000000000012e-04
-2.800540000000000126e-04 6.382630000000000248e-04
-2.444999999999999799e-04 5.517620000000000207e-04
-1.848669999999999903e-04 3.956119999999999927e-04
-9.870000000000000030e-05 1.568139999999999931e-04
1.602179999999999964e-05 -1.617939999999999895e-04
1.497439999999999947e-04 -4.753730000000000173e-04
2.788180000000000129e-04 -6.758899999999999544e-04
3.716090000000000127e-04 -7.285450000000000389e-04
3.967080000000000107e-04 -6.609810000000000468e-04
3.330499999999999910e-04 -4.925059999999999768e-04
1.840239999999999986e-04 -2.323220000000000027e-04
-1.436549999999999993e-05 7.671069999999999723e-05
-2.069429999999999870e-04 3.833950000000000248e-04
-3.480579999999999937e-04 6.450409999999999521e-04
-4.167449999999999952e-04 7.946290000000000384e-04
-4.092580000000000176e-04 7.828550000000000526e-04
-3.299369999999999820e-04 6.194759999999999893e-04
-1.910849999999999908e-04 3.269740000000000038e-04
-1.298079999999999945e-05 -6.517060000000000246e-05
1.784230000000000093e-04 -4.764969999999999883e-04
3.508240000000000143e-04 -7.764459999999999721e-04
4.653680000000000208e-04 -8.774180000000000347e-04
4.866410000000000050e-04 -8.073250000000000131e-04
3.998049999999999846e-04 -6.248659999999999631e-04
2.200889999999999997e-04 -3.282900000000000163e-04
-1.184049999999999954e-05 8.518949999999999472e-05
-2.425729999999999965e-04 5.117879999999999999e-04
-4.206759999999999818e-04 8.031919999999999902e-04
-5.097289999999999981e-04 9.024750000000000220e-04
-4.935859999999999597e-04 8.360210000000000514e-04
-3.751270000000000017e-04 6.315700000000000263e-04
-1.759399999999999994e-04 2.740269999999999837e-04
6.443589999999999745e-05 -2.046740000000000126e-04
2.962989999999999765e-04 -6.621350000000000022e-04
4.728719999999999950e-04 -9.442600000000000429e-04
5.576129999999999889e-04 -9.812700000000000155e-04
5.242909999999999715e-04 -8.018390000000000456e-04
3.641979999999999849e-04 -4.703519999999999988e-04
1.021060000000000012e-04 -2.857789999999999959e-05
-1.985810000000000017e-04 4.445210000000000220e-04
-4.544470000000000215e-04 8.066250000000000503e-04
-5.963430000000000467e-04 9.792489999999999615e-04
-5.952750000000000359e-04 9.646210000000000331e-04
-4.614719999999999890e-04 7.544160000000000492e-04
-2.274470000000000062e-04 3.270370000000000200e-04
6.137680000000000501e-05 -2.389779999999999877e-04
3.459709999999999847e-04 -7.400409999999999844e-04
5.606460000000000393e-04 -1.024479999999999922e-03
6.512459999999999647e-04 -1.065240000000000067e-03
5.904340000000000326e-04 -8.972599999999999847e-04
3.854969999999999990e-04 -5.391810000000000136e-04
7.945170000000000368e-05 5.666580000000000386e-06
-2.567460000000000250e-04 6.017979999999999597e-04
-5.406210000000000269e-04 1.020889999999999992e-03
-7.005250000000000192e-04 1.154779999999999999e-03
-6.928950000000000126e-04 1.014700000000000107e-03
-5.073119999999999973e-04 6.168690000000000328e-04
-1.735349999999999978e-04 4.036980000000000099e-05
2.279449999999999868e-04 -5.489299999999999909e-04
5.823140000000000087e-04 -1.012789999999999958e-03
7.866470000000000190e-04 -1.238120000000000106e-03
7.860360000000000480e-04 -1.148369999999999903e-03
5.812750000000000208e-04 -7.624850000000000291e-04
2.208920000000000122e-04 -1.459569999999999986e-04
-2.112849999999999939e-04 5.693840000000000359e-04
-6.080070000000000353e-04 1.127909999999999980e-03
-8.572249999999999792e-04 1.330009999999999960e-03
-8.757139999999999846e-04 1.155640000000000096e-03
-6.424690000000000045e-04 6.887560000000000036e-04
-2.109149999999999957e-04 2.399959999999999973e-05
3.045419999999999855e-04 -7.275199999999999462e-04
7.577900000000000478e-04 -1.311920000000000057e-03
1.010320000000000098e-03 -1.487880000000000019e-03
9.770589999999999570e-04 -1.222870000000000033e-03
6.566799999999999807e-04 -6.311430000000000252e-04
1.313230000000000029e-04 1.304979999999999964e-04
-4.531709999999999883e-04 8.772870000000000321e-04
-9.202389999999999962e-04 1.381730000000000068e-03
-1.118550000000000056e-03 1.504249999999999945e-03
-9.824510000000000708e-04 1.191620000000000006e-03
-5.515919999999999461e-04 4.741799999999999900e-04
5.116130000000000092e-05 -4.086939999999999735e-04
6.529570000000000166e-04 -1.132020000000000075e-03
1.071619999999999908e-03 -1.488039999999999936e-03
1.171619999999999953e-03 -1.452579999999999974e-03
9.149670000000000372e-04 -1.029989999999999942e-03
3.752560000000000270e-04 -2.391749999999999996e-04
-2.837830000000000170e-04 6.473800000000000257e-04
-8.550759999999999698e-04 1.270880000000000057e-03
-1.157730000000000044e-03 1.459039999999999990e-03
-1.098039999999999997e-03 1.207729999999999958e-03
-6.929930000000000378e-04 6.121110000000000353e-04
-6.540870000000000278e-05 -1.603030000000000134e-04
5.828510000000000071e-04 -8.674740000000000228e-04
1.032479999999999900e-03 -1.272600000000000033e-03
1.132280000000000049e-03 -1.255559999999999966e-03
8.580299999999999689e-04 -8.321160000000000405e-04
3.117090000000000203e-04 -1.595520000000000065e-04
-3.205400000000000176e-04 5.059679999999999777e-04
-8.278660000000000185e-04 9.687260000000000489e-04
-1.044220000000000001e-03 1.136929999999999972e-03
-9.064910000000000459e-04 9.442209999999999709e-04
-4.739079999999999898e-04 4.225489999999999823e-04
9.557810000000000568e-05 -2.110930000000000065e-04
6.029190000000000460e-04 -7.032279999999999694e-04
8.809030000000000462e-04 -9.212810000000000313e-04
8.500009999999999684e-04 -8.425629999999999491e-04
5.371780000000000261e-04 -5.134459999999999762e-04
6.234290000000000242e-05 -4.291400000000000282e-05
-4.022669999999999892e-04 4.135189999999999960e-04
-6.954380000000000457e-04 7.010910000000000405e-04
-7.288900000000000500e-04 7.286460000000000029e-04
-5.141930000000000285e-04 5.072959999999999622e-04
-1.454849999999999937e-04 1.369189999999999947e-04
2.425120000000000118e-04 -2.437460000000000071e-04
5.197949999999999793e-04 -5.119150000000000479e-04
6.009179999999999817e-04 -5.934809999999999782e-04
4.721400000000000163e-04 -4.745369999999999732e-04
1.939599999999999929e-04 -2.045500000000000118e-04
-1.256420000000000009e-04 1.163980000000000060e-04
-3.749289999999999741e-04 3.741279999999999931e-04
-4.777389999999999740e-04 4.844900000000000183e-04
-4.137650000000000204e-04 4.214509999999999871e-04
-2.179770000000000037e-04 2.199710000000000120e-04
3.542959999999999702e-05 -4.114399999999999774e-05
2.586069999999999992e-04 -2.682469999999999950e-04
3.790050000000000211e-04 -3.859479999999999985e-04
3.631029999999999826e-04 -3.631689999999999918e-04
2.260650000000000116e-04 -2.215739999999999897e-04
2.347549999999999911e-05 -2.084970000000000131e-05
-1.709509999999999968e-04 1.691259999999999931e-04
-2.922310000000000012e-04 2.893770000000000044e-04
-3.054290000000000195e-04 3.051640000000000212e-04
-2.148800000000000026e-04 2.167699999999999998e-04
-5.951029999999999840e-05 6.077159999999999935e-05
1.031940000000000017e-04 -1.038370000000000021e-04
2.181829999999999946e-04 -2.194789999999999903e-04
2.509589999999999803e-04 -2.512400000000000137e-04
1.970850000000000011e-04 -1.962839999999999930e-04
8.123460000000000316e-05 -8.055819999999999724e-05
-5.295219999999999761e-05 5.273959999999999900e-05
-1.587550000000000072e-04 1.581239999999999924e-04
-2.026069999999999933e-04 2.024089999999999928e-04
-1.747259999999999937e-04 1.750900000000000058e-04
-9.044719999999999691e-05 9.079799999999999362e-05
1.730539999999999867e-05 -1.738279999999999898e-05
1.106159999999999994e-04 -1.109189999999999997e-04
1.594669999999999963e-04 -1.595769999999999936e-04
1.509659999999999908e-04 -1.508029999999999993e-04
9.238839999999999791e-05 -9.221809999999999719e-05
7.341229999999999676e-06 -7.366470000000000132e-06
-7.341359999999999791e-05 7.327489999999999871e-05
-1.230039999999999899e-04 1.229450000000000096e-04
-1.272760000000000059e-04 1.273450000000000081e-04
-8.848580000000000583e-05 8.856770000000000246e-05
-2.312019999999999931e-05 2.311600000000000026e-05
4.479439999999999925e-05 -4.485720000000000142e-05
9.228990000000000555e-05 -9.232229999999999528e-05
1.050290000000000002e-04 -1.050010000000000065e-04
8.146090000000000470e-05 -8.142089999999999831e-05
3.238160000000000181e-05 -3.237979999999999786e-05
-2.366689999999999866e-05 2.363809999999999989e-05
-6.728070000000000112e-05 6.726319999999999663e-05
-8.480840000000000611e-05 8.481989999999999745e-05
-7.246210000000000541e-05 7.248149999999999374e-05
-3.677469999999999876e-05 3.677689999999999681e-05
8.420059999999999814e-06 -8.433140000000000034e-06
4.719519999999999835e-05 -4.720419999999999776e-05
6.703459999999999681e-05 -6.703000000000000028e-05
6.277349999999999792e-05 -6.276430000000000485e-05
