-3.771640000000000016e-08 6.213430000000000072e-07
-2.185210000000000017e-07 1.914969999999999895e-06
-6.019519999999999628e-07 2.618989999999999975e-06
-1.205429999999999909e-06 4.619100000000000380e-06
-2.393760000000000016e-06 1.255609999999999994e-05
-5.164699999999999865e-06 2.843269999999999969e-05
-1.063299999999999967e-05 4.746200000000000061e-05
-1.860629999999999836e-05 5.842660000000000063e-05
-2.641449999999999926e-05 5.541629999999999999e-05
-2.929029999999999975e-05 3.668489999999999837e-05
-2.214410000000000030e-05 -1.310749999999999902e-06
-2.486000000000000000e-06 -5.070430000000000173e-05
2.654129999999999947e-05 -9.336590000000000676e-05
5.613390000000000138e-05 -1.197619999999999962e-04
7.603100000000000440e-05 -1.344209999999999925e-04
7.995319999999999879e-05 -1.434089999999999952e-04
6.862749999999999981e-05 -1.455349999999999949e-04
4.904889999999999722e-05 -1.371859999999999974e-04
3.026400000000000027e-05 -1.157490000000000060e-04
1.743330000000000129e-05 -7.561350000000000373e-05
8.510860000000000707e-06 -1.764849999999999882e-05
-2.636189999999999997e-06 3.960909999999999995e-05
-1.972490000000000151e-05 8.266699999999999981e-05
-4.131489999999999978e-05 1.212139999999999951e-04
-6.298459999999999324e-05 1.627870000000000120e-04
-7.992730000000000299e-05 1.929869999999999871e-04
-8.826519999999999646e-05 1.989700000000000008e-04
-8.625340000000000329e-05 1.885459999999999935e-04
-7.508270000000000536e-05 1.770510000000000096e-04
-5.881229999999999932e-05 1.701100000000000095e-04
-4.328190000000000314e-05 1.562869999999999895e-04
-3.236999999999999670e-05 1.111639999999999948e-04
-2.321060000000000102e-05 3.045140000000000122e-05
-6.966879999999999609e-06 -5.802059999999999808e-05
2.385419999999999940e-05 -1.406570000000000053e-04
6.861659999999999624e-05 -2.255590000000000134e-04
1.174410000000000026e-04 -3.043449999999999736e-04
1.558879999999999955e-04 -3.513869999999999884e-04
1.720919999999999915e-04 -3.518320000000000019e-04
1.610159999999999912e-04 -3.112219999999999960e-04
1.244639999999999928e-04 -2.459990000000000007e-04
7.030580000000000033e-05 -1.670999999999999959e-04
1.175639999999999979e-05 -7.831410000000000292e-05
-3.632130000000000070e-05 9.768660000000000760e-06
-6.460619999999999818e-05 8.820470000000000610e-05
-7.451129999999999928e-05 1.549189999999999985e-04
-7.527870000000000145e-05 2.037309999999999913e-04
-7.561560000000000156e-05 2.291410000000000072e-04
-7.886999999999999534e-05 2.400769999999999987e-04
-8.502369999999999709e-05 2.568590000000000153e-04
-9.390230000000000386e-05 2.828439999999999774e-04
-1.042270000000000035e-04 2.918870000000000058e-04
-1.104820000000000037e-04 2.561320000000000068e-04
-1.026370000000000000e-04 1.702479999999999868e-04
-7.103560000000000137e-05 5.923249999999999913e-05
-1.425280000000000015e-05 -4.932759999999999847e-05
5.779139999999999695e-05 -1.696520000000000081e-04
1.293680000000000123e-04 -3.129009999999999778e-04
1.861669999999999948e-04 -4.316130000000000162e-04
2.181460000000000083e-04 -4.742209999999999850e-04
2.186859999999999997e-04 -4.287270000000000035e-04
1.831389999999999960e-04 -3.178860000000000257e-04
1.126229999999999956e-04 -1.911410000000000051e-04
2.183820000000000040e-05 -7.935139999999999381e-05
-6.184689999999999903e-05 2.370079999999999846e-05
-1.136140000000000001e-04 1.316420000000000112e-04
-1.277519999999999925e-04 2.356260000000000104e-04
-1.186739999999999957e-04 3.049139999999999880e-04
-1.063139999999999989e-04 3.277539999999999794e-04
-1.018639999999999991e-04 3.284389999999999771e-04
-1.055190000000000040e-04 3.324150000000000217e-04
-1.125350000000000059e-04 3.324250000000000165e-04
-1.172990000000000030e-04 2.977300000000000107e-04
-1.117240000000000030e-04 2.075350000000000111e-04
-8.357100000000000336e-05 6.215819999999999722e-05
-2.166439999999999878e-05 -1.199299999999999986e-04
7.262540000000000434e-05 -2.991240000000000045e-04
1.782769999999999873e-04 -4.360880000000000030e-04
2.620939999999999880e-04 -5.173890000000000433e-04
2.959020000000000140e-04 -5.356039999999999629e-04
2.688969999999999837e-04 -4.769519999999999966e-04
1.889899999999999913e-04 -3.421219999999999882e-04
7.766169999999999541e-05 -1.635990000000000035e-04
-3.839560000000000217e-05 3.622050000000000329e-05
-1.368220000000000124e-04 2.405060000000000043e-04
-2.033070000000000103e-04 3.892430000000000000e-04
-2.305479999999999888e-04 4.557049999999999881e-04
-2.197020000000000049e-04 4.629750000000000185e-04
-1.810570000000000116e-04 4.328569999999999792e-04
-1.300750000000000040e-04 3.770690000000000044e-04
-8.162850000000000628e-05 2.933610000000000124e-04
-4.374639999999999844e-05 1.711969999999999941e-04
-1.274410000000000052e-05 1.217390000000000045e-05
2.553450000000000091e-05 -1.788840000000000037e-04
8.570880000000000176e-05 -3.784139999999999856e-04
1.669230000000000008e-04 -5.099430000000000065e-04
2.452190000000000251e-04 -5.399649999999999979e-04
2.857509999999999955e-04 -4.994440000000000381e-04
2.638590000000000228e-04 -4.106660000000000150e-04
1.784749999999999878e-04 -2.722329999999999802e-04
5.122050000000000198e-05 -6.263290000000000133e-05
-8.594259999999999942e-05 1.933019999999999866e-04
-2.031649999999999971e-04 4.033090000000000242e-04
-2.793000000000000127e-04 5.269429999999999861e-04
-3.047990000000000204e-04 5.901650000000000255e-04
-2.801750000000000204e-04 5.797639999999999738e-04
-2.131529999999999970e-04 4.683889999999999907e-04
-1.173290000000000010e-04 2.497500000000000262e-04
-7.332760000000000077e-06 -3.523760000000000293e-05
1.057300000000000058e-04 -2.962719999999999850e-04
2.122389999999999986e-04 -5.061319999999999578e-04
2.978209999999999798e-04 -6.493410000000000024e-04
3.401929999999999733e-04 -6.732930000000000468e-04
3.186120000000000185e-04 -5.654259999999999495e-04
2.303050000000000117e-04 -3.704620000000000048e-04
9.623429999999999441e-05 -1.597509999999999957e-04
-4.857369999999999879e-05 4.270189999999999853e-05
-1.709720000000000022e-04 2.651740000000000195e-04
-2.511820000000000220e-04 4.895109999999999826e-04
-2.849920000000000253e-04 6.277169999999999668e-04
-2.793699999999999764e-04 6.372700000000000023e-04
-2.446370000000000228e-04 5.513259999999999862e-04
-1.856369999999999982e-04 3.963150000000000028e-04
-9.969580000000000184e-05 1.582060000000000096e-04
1.495029999999999982e-05 -1.606249999999999876e-04
1.488860000000000107e-04 -4.748630000000000104e-04
2.789240000000000014e-04 -6.760549999999999502e-04
3.731739999999999884e-04 -7.295640000000000371e-04
3.990989999999999815e-04 -6.629410000000000077e-04
3.348960000000000001e-04 -4.946409999999999826e-04
1.844349999999999917e-04 -2.332649999999999969e-04
-1.530629999999999946e-05 7.764320000000000228e-05
-2.086690000000000040e-04 3.855509999999999818e-04
-3.499730000000000050e-04 6.471989999999999948e-04
-4.182979999999999988e-04 7.959990000000000338e-04
-4.100209999999999966e-04 7.832540000000000465e-04
-3.297190000000000190e-04 6.190160000000000107e-04
-1.900000000000000105e-04 3.258909999999999737e-04
-1.150819999999999935e-05 -6.653780000000000523e-05
1.796769999999999943e-04 -4.777520000000000161e-04
3.516500000000000094e-04 -7.772760000000000303e-04
4.660069999999999989e-04 -8.777740000000000022e-04
4.870899999999999731e-04 -8.073750000000000414e-04
3.994989999999999913e-04 -6.246150000000000226e-04
2.187249999999999904e-04 -3.274010000000000050e-04
-1.356499999999999972e-05 8.681549999999999575e-05
-2.436799999999999980e-04 5.134300000000000495e-04
-4.210509999999999774e-04 8.038519999999999737e-04
-5.098359999999999481e-04 9.020060000000000100e-04
-4.933840000000000317e-04 8.351450000000000280e-04
-3.741300000000000246e-04 6.307380000000000451e-04
-1.743360000000000059e-04 2.729949999999999976e-04
6.561279999999999630e-05 -2.059359999999999880e-04
2.964239999999999930e-04 -6.628860000000000091e-04
4.724999999999999925e-04 -9.439210000000000178e-04
5.575629999999999606e-04 -9.803679999999999079e-04
5.244559999999999673e-04 -8.013319999999999775e-04
3.637979999999999751e-04 -4.702770000000000106e-04
1.008849999999999938e-04 -2.808919999999999866e-05
-1.999749999999999954e-04 4.458120000000000203e-04
-4.553469999999999892e-04 8.079919999999999984e-04
-5.966809999999999475e-04 9.797420000000000261e-04
-5.950900000000000504e-04 9.640609999999999978e-04
-4.605440000000000141e-04 7.531880000000000129e-04
-2.258750000000000016e-04 3.254509999999999847e-04
6.288070000000000259e-05 -2.405820000000000083e-04
3.468689999999999751e-04 -7.410449999999999633e-04
5.610889999999999671e-04 -1.024530000000000059e-03
6.513829999999999534e-04 -1.064709999999999962e-03
5.898620000000000252e-04 -8.966160000000000362e-04
3.839310000000000075e-04 -5.381799999999999735e-04
7.750129999999999606e-05 7.417630000000000333e-06
-2.581349999999999942e-04 6.037629999999999993e-04
-5.413049999999999546e-04 1.021910000000000006e-03
-7.009489999999999731e-04 1.154480000000000046e-03
-6.928839999999999479e-04 1.013769999999999992e-03
-5.061129999999999839e-04 6.157359999999999743e-04
-1.710580000000000011e-04 3.860550000000000163e-05
2.308230000000000091e-04 -5.515210000000000208e-04
5.845670000000000293e-04 -1.015290000000000073e-03
7.876100000000000028e-04 -1.239199999999999980e-03
7.853829999999999579e-04 -1.147470000000000044e-03
5.790160000000000142e-04 -7.598869999999999974e-04
2.174830000000000047e-04 -1.423890000000000084e-04
-2.149119999999999915e-04 5.729850000000000308e-04
-6.108310000000000475e-04 1.130490000000000054e-03
-8.585609999999999813e-04 1.330790000000000098e-03
-8.750789999999999610e-04 1.154459999999999948e-03
-6.394639999999999613e-04 6.858279999999999802e-04
-2.058809999999999894e-04 1.957790000000000105e-05
3.100029999999999930e-04 -7.327259999999999503e-04
7.616920000000000114e-04 -1.316190000000000068e-03
1.011619999999999967e-03 -1.489230000000000024e-03
9.755490000000000342e-04 -1.220589999999999913e-03
6.522200000000000133e-04 -6.261040000000000485e-04
1.243419999999999964e-04 1.369660000000000029e-04
-4.606759999999999783e-04 8.839110000000000283e-04
-9.253249999999999540e-04 1.386660000000000063e-03
-1.119109999999999983e-03 1.505190000000000000e-03
-9.781559999999999908e-04 1.187389999999999973e-03
-5.437569999999999643e-04 4.659169999999999913e-04
6.027079999999999900e-05 -4.181499999999999996e-04
6.608890000000000077e-04 -1.139599999999999945e-03
1.076050000000000053e-03 -1.491570000000000005e-03
1.170489999999999942e-03 -1.450960000000000054e-03
9.075959999999999887e-04 -1.023129999999999916e-03
3.638029999999999996e-04 -2.283630000000000089e-04
-2.950429999999999871e-04 6.588819999999999573e-04
-8.624550000000000358e-04 1.278709999999999960e-03
-1.159359999999999905e-03 1.460170000000000001e-03
-1.093149999999999981e-03 1.201950000000000024e-03
-6.820590000000000507e-04 6.012619999999999770e-04
-5.130919999999999996e-05 -1.734860000000000124e-04
5.951220000000000121e-04 -8.792859999999999565e-04
1.038239999999999953e-03 -1.278679999999999921e-03
1.129360000000000043e-03 -1.252920000000000032e-03
8.472609999999999777e-04 -8.211590000000000165e-04
2.963309999999999924e-04 -1.439799999999999869e-04
-3.357629999999999903e-04 5.209709999999999558e-04
-8.378250000000000497e-04 9.782580000000000789e-04
-1.044980000000000041e-03 1.137589999999999955e-03
-8.970690000000000131e-04 9.351389999999999789e-04
-4.573819999999999926e-04 4.062560000000000216e-04
1.132849999999999970e-04 -2.290070000000000116e-04
6.157390000000000215e-04 -7.162079999999999705e-04
8.846299999999999650e-04 -9.247049999999999497e-04
8.431110000000000123e-04 -8.353860000000000278e-04
5.214869999999999488e-04 -4.980159999999999969e-04
4.309930000000000255e-05 -2.411170000000000159e-05
-4.180559999999999832e-04 4.293340000000000199e-04
-7.019860000000000379e-04 7.080219999999999916e-04
-7.239819999999999676e-04 7.238840000000000508e-04
-4.997289999999999718e-04 4.926040000000000019e-04
-1.265220000000000060e-04 1.177580000000000065e-04
2.594809999999999912e-04 -2.606209999999999972e-04
5.288969999999999609e-04 -5.208230000000000108e-04
5.989199999999999646e-04 -5.914709999999999889e-04
4.597539999999999895e-04 -4.623110000000000262e-04
1.757159999999999961e-04 -1.864040000000000130e-04
-1.431340000000000021e-04 1.339760000000000061e-04
-3.855509999999999818e-04 3.848950000000000071e-04
-4.780569999999999937e-04 4.848259999999999961e-04
-4.040180000000000203e-04 4.115860000000000265e-04
-2.017739999999999963e-04 2.036700000000000066e-04
5.239389999999999992e-05 -5.807800000000000196e-05
2.704720000000000084e-04 -2.800130000000000175e-04
3.817839999999999754e-04 -3.886800000000000259e-04
3.560980000000000048e-04 -3.562010000000000003e-04
2.120339999999999963e-04 -2.076000000000000046e-04
7.506310000000000304e-06 -4.901889999999999751e-06
-1.833150000000000025e-04 1.815080000000000111e-04
-2.968879999999999805e-04 2.940659999999999997e-04
-3.010500000000000263e-04 3.008090000000000265e-04
-2.032959999999999997e-04 2.051769999999999907e-04
-4.497899999999999744e-05 4.620470000000000165e-05
1.155610000000000003e-04 -1.162250000000000061e-04
2.242350000000000105e-04 -2.255100000000000008e-04
2.488899999999999836e-04 -2.491349999999999923e-04
1.879390000000000043e-04 -1.871359999999999918e-04
6.843870000000000595e-05 -6.779309999999999980e-05
-6.485970000000000515e-05 6.462580000000000050e-05
-1.657290000000000119e-04 1.651110000000000121e-04
-2.024759999999999906e-04 2.023050000000000087e-04
-1.678639999999999907e-04 1.682330000000000002e-04
-7.951990000000000414e-05 7.985230000000000117e-05
2.837519999999999897e-05 -2.846769999999999851e-05
1.180480000000000055e-04 -1.183459999999999948e-04
1.609009999999999965e-04 -1.609950000000000129e-04
1.461970000000000099e-04 -1.460280000000000052e-04
8.333939999999999697e-05 -8.317870000000000374e-05
-2.685690000000000116e-06 2.650200000000000054e-06
-8.094119999999999679e-05 8.080419999999999454e-05
-1.255879999999999909e-04 1.255379999999999897e-04
-1.242910000000000065e-04 1.243639999999999904e-04
-8.124029999999999533e-05 8.131699999999999410e-05
-1.430279999999999967e-05 1.429220000000000014e-05
5.210170000000000296e-05 -5.216399999999999726e-05
9.567760000000000023e-05 -9.570469999999999867e-05
1.035470000000000032e-04 -1.035160000000000030e-04
7.587139999999999325e-05 -7.583409999999999956e-05
2.480980000000000088e-05 -2.481170000000000166e-05
-3.053290000000000035e-05 3.050410000000000157e-05
-7.114160000000000340e-05 7.112710000000000549e-05
-8.451689999999999713e-05 8.453020000000000596e-05
-6.834769999999999615e-05 6.836589999999999540e-05
-3.044830000000000119e-05 3.044850000000000163e-05
1.468449999999999976e-05 -1.469780000000000012e-05
5.127059999999999663e-05 -5.127819999999999975e-05
6.765730000000000019e-05 -6.765170000000000146e-05
5.992669999999999665e-05 -5.991799999999999790e-05
