-2.378800000000000099e-08 9.606810000000000776e-07
-1.624350000000000116e-07 3.929090000000000357e-06
-5.489859999999999900e-07 8.309160000000000588e-06
-1.329550000000000044e-06 1.626040000000000105e-05
-2.868259999999999877e-06 3.605260000000000105e-05
-6.157059999999999627e-06 7.987369999999999388e-05
-1.293340000000000055e-05 1.548859999999999940e-04
-2.485109999999999996e-05 2.500809999999999795e-04
-4.181489999999999838e-05 3.381559999999999926e-04
-6.053460000000000145e-05 3.791280000000000062e-04
-7.434300000000000294e-05 3.269670000000000020e-04
-7.509939999999999454e-05 1.588200000000000007e-04
-5.724290000000000042e-05 -1.054359999999999981e-04
-2.197949999999999852e-05 -4.129879999999999836e-04
2.169719999999999955e-05 -7.031249999999999740e-04
6.091939999999999817e-05 -9.291100000000000270e-04
8.617289999999999618e-05 -1.068259999999999913e-03
9.761099999999999768e-05 -1.119849999999999925e-03
1.061589999999999978e-04 -1.089300000000000077e-03
1.276700000000000024e-04 -9.670539999999999605e-04
1.728180000000000113e-04 -7.344930000000000165e-04
2.392030000000000068e-04 -3.973070000000000095e-04
3.110499999999999984e-04 6.314879999999999753e-06
3.661860000000000072e-04 4.255570000000000186e-04
3.854600000000000127e-04 8.064879999999999532e-04
3.595499999999999846e-04 1.095000000000000053e-03
2.902299999999999910e-04 1.255709999999999943e-03
1.860599999999999906e-04 1.288419999999999973e-03
5.566380000000000058e-05 1.226150000000000070e-03
-9.676879999999999412e-05 1.121569999999999902e-03
-2.704639999999999909e-04 1.017410000000000059e-03
-4.613509999999999812e-04 9.094590000000000486e-04
-6.538359999999999788e-04 7.568909999999999874e-04
-8.182040000000000016e-04 5.254870000000000461e-04
-9.175159999999999479e-04 1.944039999999999907e-04
-9.209780000000000310e-04 -2.376129999999999898e-04
-8.170879999999999940e-04 -7.319400000000000428e-04
-6.200360000000000246e-04 -1.216080000000000026e-03
-3.656040000000000049e-04 -1.609559999999999897e-03
-9.781100000000000254e-05 -1.847080000000000076e-03
1.475349999999999893e-04 -1.896689999999999921e-03
3.544120000000000213e-04 -1.760740000000000005e-03
5.277650000000000266e-04 -1.466939999999999911e-03
6.843829999999999966e-04 -1.065329999999999966e-03
8.387829999999999548e-04 -6.097770000000000403e-04
9.912129999999999032e-04 -1.464840000000000022e-04
1.123810000000000043e-03 2.767269999999999951e-04
1.206679999999999905e-03 6.115260000000000400e-04
1.209970000000000099e-03 8.294860000000000471e-04
1.114519999999999920e-03 9.446489999999999878e-04
9.162540000000000268e-04 1.002290000000000082e-03
6.248020000000000396e-04 1.039940000000000048e-03
2.605059999999999754e-04 1.060519999999999909e-03
-1.472280000000000073e-04 1.028309999999999945e-03
-5.609589999999999802e-04 9.055029999999999937e-04
-9.386750000000000345e-04 6.825029999999999942e-04
-1.240030000000000038e-03 3.493920000000000185e-04
-1.432859999999999993e-03 -9.763050000000000656e-05
-1.498919999999999940e-03 -6.103000000000000352e-04
-1.438059999999999903e-03 -1.097190000000000058e-03
-1.268940000000000085e-03 -1.440810000000000051e-03
-1.024479999999999922e-03 -1.530190000000000066e-03
-7.419720000000000308e-04 -1.330940000000000074e-03
-4.503280000000000022e-04 -8.965940000000000151e-04
-1.613230000000000003e-04 -3.288879999999999994e-04
1.287360000000000088e-04 2.709370000000000116e-04
4.268780000000000014e-04 8.284670000000000489e-04
7.284169999999999751e-04 1.283049999999999989e-03
1.008949999999999994e-03 1.582929999999999971e-03
1.228329999999999917e-03 1.696680000000000106e-03
1.344139999999999962e-03 1.619790000000000075e-03
1.327550000000000041e-03 1.369659999999999975e-03
1.174279999999999985e-03 9.730270000000000065e-04
9.067409999999999706e-04 4.554490000000000231e-04
5.677390000000000474e-04 -1.682409999999999906e-04
2.093879999999999949e-04 -8.829590000000000008e-04
-1.191639999999999995e-04 -1.633670000000000044e-03
-3.822780000000000015e-04 -2.314590000000000050e-03
-5.632910000000000521e-04 -2.804759999999999892e-03
-6.629059999999999987e-04 -2.995869999999999870e-03
-6.921419999999999743e-04 -2.815649999999999837e-03
-6.639330000000000145e-04 -2.252810000000000056e-03
-5.872199999999999512e-04 -1.372849999999999895e-03
-4.667510000000000040e-04 -2.708009999999999844e-04
-3.090689999999999779e-04 9.475310000000000460e-04
-1.290040000000000002e-04 2.116030000000000081e-03
4.924069999999999765e-05 3.063549999999999954e-03
1.963719999999999962e-04 3.658509999999999800e-03
2.849819999999999762e-04 3.821409999999999911e-03
2.960929999999999855e-04 3.550810000000000164e-03
2.231199999999999915e-04 2.905009999999999971e-03
7.378720000000000396e-05 1.962329999999999977e-03
-1.289870000000000036e-04 8.034300000000000512e-04
-3.475719999999999851e-04 -5.059619999999999916e-04
-5.335960000000000052e-04 -1.880149999999999920e-03
-6.392130000000000208e-04 -3.124179999999999839e-03
-6.338760000000000141e-04 -3.996219999999999981e-03
-5.162909999999999939e-04 -4.304419999999999774e-03
-3.129389999999999798e-04 -3.961010000000000052e-03
-6.357129999999999899e-05 -3.020709999999999801e-03
1.967170000000000073e-04 -1.626829999999999899e-03
4.471920000000000105e-04 1.341550000000000056e-05
6.793469999999999587e-04 1.625200000000000039e-03
8.861960000000000106e-04 2.962929999999999904e-03
1.049239999999999895e-03 3.866200000000000192e-03
1.133340000000000042e-03 4.211450000000000263e-03
1.096359999999999999e-03 3.928479999999999819e-03
9.098449999999999463e-04 2.999599999999999836e-03
5.791939999999999979e-04 1.489319999999999923e-03
1.497939999999999959e-04 -3.914969999999999822e-04
-3.050540000000000239e-04 -2.365320000000000183e-03
-7.072540000000000424e-04 -4.096279999999999887e-03
-9.979179999999999821e-04 -5.213780000000000324e-03
-1.151150000000000090e-03 -5.442259999999999980e-03
-1.170510000000000040e-03 -4.693799999999999709e-03
-1.071689999999999926e-03 -3.116999999999999979e-03
-8.649690000000000460e-04 -1.020370000000000044e-03
-5.530500000000000260e-04 1.258229999999999939e-03
-1.471459999999999901e-04 3.392759999999999873e-03
3.125879999999999826e-04 5.061350000000000050e-03
7.501429999999999904e-04 6.003399999999999882e-03
1.068099999999999996e-03 6.062930000000000229e-03
1.179259999999999900e-03 5.184629999999999968e-03
1.042119999999999895e-03 3.414239999999999810e-03
6.828500000000000368e-04 9.265080000000000407e-04
1.903410000000000128e-04 -1.916009999999999892e-03
-3.159169999999999773e-04 -4.592660000000000145e-03
-7.283380000000000323e-04 -6.560530000000000181e-03
-9.811859999999999939e-04 -7.400290000000000340e-03
-1.055149999999999925e-03 -6.909990000000000403e-03
-9.606439999999999728e-04 -5.157169999999999983e-03
-7.154699999999999515e-04 -2.476599999999999809e-03
-3.343800000000000071e-04 6.435230000000000117e-04
1.609210000000000132e-04 3.683029999999999898e-03
7.205199999999999929e-04 6.130939999999999654e-03
1.253800000000000010e-03 7.553599999999999724e-03
1.640130000000000060e-03 7.673690000000000372e-03
1.763309999999999921e-03 6.387180000000000114e-03
1.556319999999999926e-03 3.796939999999999951e-03
1.033480000000000032e-03 2.731899999999999780e-04
2.908540000000000040e-04 -3.527830000000000028e-03
-5.263250000000000133e-04 -6.791089999999999627e-03
-1.269069999999999964e-03 -8.797269999999999396e-03
-1.818009999999999895e-03 -9.105059999999999890e-03
-2.094930000000000056e-03 -7.603580000000000408e-03
-2.060010000000000140e-03 -4.516209999999999669e-03
-1.707160000000000101e-03 -4.062490000000000198e-04
-1.064969999999999936e-03 3.918760000000000299e-03
-2.044939999999999974e-04 7.604699999999999828e-03
7.526259999999999461e-04 9.922099999999999670e-03
1.638509999999999923e-03 1.038840000000000076e-02
2.266569999999999870e-03 8.811239999999999697e-03
2.479799999999999886e-03 5.357299999999999736e-03
2.200859999999999796e-03 6.151730000000000002e-04
1.460670000000000067e-03 -4.478649999999999819e-03
3.939859999999999782e-04 -8.821340000000000431e-03
-7.933960000000000318e-04 -1.141580000000000025e-02
-1.869910000000000018e-03 -1.162720000000000073e-02
-2.621909999999999866e-03 -9.321299999999999378e-03
-2.888449999999999872e-03 -4.938530000000000003e-03
-2.585309999999999952e-03 5.621969999999999572e-04
-1.722460000000000093e-03 5.994130000000000291e-03
-4.177499999999999898e-04 1.023010000000000065e-02
1.102319999999999949e-03 1.237480000000000004e-02
2.531110000000000044e-03 1.188799999999999926e-02
3.544059999999999919e-03 8.743489999999999596e-03
3.878369999999999908e-03 3.545079999999999933e-03
3.403820000000000109e-03 -2.600250000000000131e-03
2.164329999999999900e-03 -8.331689999999999235e-03
3.790919999999999815e-04 -1.234799999999999960e-02
-1.597509999999999902e-03 -1.368819999999999933e-02
-3.349959999999999917e-03 -1.191180000000000017e-02
-4.491919999999999941e-03 -7.306589999999999960e-03
-4.748620000000000271e-03 -8.989920000000000419e-04
-4.015949999999999902e-03 5.844290000000000249e-03
-2.390209999999999817e-03 1.135369999999999956e-02
-1.621150000000000022e-04 1.426939999999999979e-02
2.228050000000000083e-03 1.383080000000000073e-02
4.268860000000000189e-03 1.011220000000000001e-02
5.481040000000000391e-03 3.950409999999999686e-03
5.530339999999999909e-03 -3.226430000000000183e-03
4.323129999999999681e-03 -9.718859999999999305e-03
2.055470000000000214e-03 -1.398319999999999945e-02
-8.069880000000000195e-04 -1.493470000000000041e-02
-3.624029999999999873e-03 -1.222469999999999980e-02
-5.727839999999999668e-03 -6.475619999999999640e-03
-6.581769999999999808e-03 8.685029999999999617e-04
-5.914289999999999999e-03 7.949019999999999350e-03
-3.798469999999999971e-03 1.296639999999999945e-02
-6.558379999999999505e-04 1.461879999999999950e-02
2.823350000000000078e-03 1.241459999999999959e-02
5.828500000000000347e-03 6.929349999999999919e-03
7.612670000000000201e-03 -3.459930000000000058e-04
7.675470000000000209e-03 -7.479539999999999800e-03
5.904569999999999610e-03 -1.260059999999999999e-02
2.634769999999999820e-03 -1.437719999999999970e-02
-1.402770000000000015e-03 -1.237169999999999936e-02
-5.239729999999999735e-03 -7.184369999999999819e-03
-7.906830000000000108e-03 -2.127429999999999924e-04
-8.689219999999999236e-03 6.681269999999999570e-03
-7.326840000000000262e-03 1.160600000000000000e-02
-4.100939999999999967e-03 1.326109999999999962e-02
2.182789999999999882e-04 1.130680000000000053e-02
4.554419999999999996e-03 6.398219999999999602e-03
7.798010000000000184e-03 -8.269790000000000658e-05
9.099299999999999403e-03 -6.341320000000000116e-03
8.095909999999999565e-03 -1.059539999999999961e-02
5.014379999999999706e-03 -1.173949999999999994e-02
6.225109999999999628e-04 -9.633970000000000380e-03
-3.959670000000000203e-03 -5.028780000000000056e-03
-7.547749999999999772e-03 6.633879999999999985e-04
-9.205180000000000307e-03 5.799659999999999885e-03
-8.495360000000000411e-03 8.988529999999999784e-03
-5.603209999999999961e-03 9.492719999999999630e-03
-1.290029999999999953e-03 7.388869999999999640e-03
3.310330000000000217e-03 3.460340000000000117e-03
6.998980000000000132e-03 -1.060020000000000059e-03
8.836280000000000176e-03 -4.889369999999999654e-03
8.391640000000000557e-03 -7.091830000000000356e-03
5.847790000000000279e-03 -7.240800000000000361e-03
1.930190000000000031e-03 -5.453819999999999849e-03
-2.310169999999999845e-03 -2.386119999999999821e-03
-5.788559999999999886e-03 9.920870000000000036e-04
-7.669030000000000291e-03 3.759489999999999880e-03
-7.565170000000000401e-03 5.272790000000000289e-03
-5.610969999999999847e-03 5.269450000000000175e-03
-2.392609999999999876e-03 3.905959999999999988e-03
1.228670000000000066e-03 1.676710000000000093e-03
4.347570000000000254e-03 -7.550560000000000431e-04
6.237740000000000298e-03 -2.743349999999999868e-03
6.513760000000000383e-03 -3.821290000000000190e-03
5.199760000000000319e-03 -3.801259999999999882e-03
2.697129999999999840e-03 -2.792789999999999856e-03
-3.331760000000000234e-04 -1.145980000000000002e-03
-3.140689999999999801e-03 6.586569999999999925e-04
-5.066300000000000144e-03 2.139550000000000046e-03
-5.692410000000000178e-03 2.935179999999999907e-03
-4.929939999999999843e-03 2.890510000000000215e-03
-3.024799999999999798e-03 2.082899999999999942e-03
-4.851540000000000106e-04 7.838399999999999491e-04
2.051460000000000176e-03 -6.266530000000000190e-04
3.977549999999999836e-03 -1.768599999999999946e-03
4.862110000000000216e-03 -2.363849999999999806e-03
4.548049999999999662e-03 -2.302279999999999865e-03
3.177600000000000043e-03 -1.655320000000000055e-03
1.141599999999999993e-03 -6.388150000000000425e-04
-1.030859999999999979e-03 4.563319999999999941e-04
-2.811080000000000089e-03 1.342450000000000023e-03
-3.799990000000000052e-03 1.802699999999999962e-03
-3.815779999999999953e-03 1.739649999999999920e-03
-2.921589999999999951e-03 1.198309999999999957e-03
-1.392199999999999905e-03 3.508270000000000073e-04
3.664960000000000093e-04 -5.552180000000000093e-04
1.922220000000000092e-03 -1.267059999999999974e-03
2.919179999999999952e-03 -1.596030000000000018e-03
3.156120000000000106e-03 -1.466379999999999984e-03
2.623579999999999923e-03 -9.306619999999999606e-04
1.494579999999999910e-03 -1.490979999999999877e-04
7.315299999999999570e-05 6.591360000000000535e-04
-1.285319999999999952e-03 1.277579999999999948e-03
-2.261829999999999830e-03 1.549550000000000016e-03
-2.648220000000000175e-03 1.415950000000000021e-03
-2.390680000000000062e-03 9.254480000000000475e-04
-1.593110000000000012e-03 2.166520000000000121e-04
-4.816390000000000146e-04 -5.214490000000000011e-04
6.585410000000000092e-04 -1.099589999999999899e-03
1.556349999999999964e-03 -1.376129999999999931e-03
2.019120000000000116e-03 -1.291140000000000083e-03
1.972789999999999874e-03 -8.788570000000000323e-04
1.470240000000000045e-03 -2.561029999999999839e-04
6.683299999999999658e-04 4.098950000000000185e-04
-2.178580000000000002e-04 9.456900000000000072e-04
-9.708310000000000160e-04 1.216279999999999922e-03
-1.422440000000000076e-03 1.158729999999999960e-03
-1.489789999999999951e-03 7.962349999999999550e-04
-1.188189999999999993e-03 2.295839999999999893e-04
-6.198759999999999991e-04 -3.911659999999999747e-04
5.700419999999999879e-05 -9.066220000000000485e-04
6.705180000000000471e-04 -1.188880000000000015e-03
1.077290000000000062e-03 -1.172649999999999908e-03
1.194909999999999983e-03 -8.693280000000000495e-04
1.017220000000000103e-03 -3.611849999999999783e-04
6.098289999999999917e-04 2.217889999999999868e-04
8.851549999999999642e-05 7.358030000000000430e-04
-4.130599999999999788e-04 1.059089999999999945e-03
-7.773739999999999470e-04 1.120839999999999901e-03
-9.302590000000000121e-04 9.164390000000000123e-04
-8.551369999999999544e-04 5.060610000000000325e-04
-5.918629999999999811e-04 -2.534599999999999839e-06
-2.218619999999999978e-04 -4.820919999999999915e-04
