-7.175739999999999873e-09 9.879440000000000485e-07
-5.341829999999999864e-08 4.117030000000000120e-06
-2.033810000000000131e-07 8.953020000000000214e-06
-5.650299999999999714e-07 1.784530000000000006e-05
-1.368060000000000036e-06 3.951740000000000217e-05
-3.138810000000000192e-06 8.735599999999999507e-05
-6.885479999999999846e-06 1.706450000000000035e-04
-1.408910000000000034e-05 2.805309999999999878e-04
-2.635119999999999937e-05 3.899859999999999893e-04
-4.472039999999999962e-05 4.555599999999999819e-04
-6.881689999999999498e-05 4.233880000000000195e-04
-9.608589999999999427e-05 2.600780000000000127e-04
-1.216690000000000035e-04 -2.337280000000000092e-05
-1.390909999999999868e-04 -3.762260000000000127e-04
-1.414850000000000049e-04 -7.306279999999999849e-04
-1.228289999999999992e-04 -1.026079999999999961e-03
-7.881680000000000066e-05 -1.226059999999999954e-03
-7.255090000000000361e-06 -1.322550000000000028e-03
9.176540000000000066e-05 -1.322789999999999903e-03
2.154719999999999997e-04 -1.224400000000000054e-03
3.575340000000000094e-04 -1.013540000000000057e-03
5.071229999999999488e-04 -6.922809999999999945e-04
6.486909999999999595e-04 -2.876619999999999980e-04
7.629250000000000181e-04 1.612680000000000016e-04
8.289350000000000451e-04 6.049640000000000442e-04
8.275090000000000353e-04 9.820980000000000421e-04
7.448999999999999459e-04 1.240430000000000048e-03
5.761380000000000190e-04 1.360810000000000058e-03
3.268999999999999771e-04 1.364680000000000060e-03
1.340460000000000037e-05 1.306379999999999998e-03
-3.395699999999999760e-04 1.242379999999999960e-03
-7.017349999999999890e-04 1.185290000000000085e-03
-1.040560000000000053e-03 1.102010000000000055e-03
-1.324380000000000002e-03 9.495340000000000334e-04
-1.525400000000000107e-03 6.841549999999999845e-04
-1.622109999999999958e-03 2.781160000000000186e-04
-1.601240000000000085e-03 -2.476290000000000240e-04
-1.459149999999999987e-03 -8.210389999999999702e-04
-1.202359999999999974e-03 -1.344850000000000082e-03
-8.469569999999999616e-04 -1.728090000000000051e-03
-4.167129999999999793e-04 -1.916160000000000085e-03
5.971610000000000243e-05 -1.900800000000000016e-03
5.518230000000000053e-04 -1.712350000000000070e-03
1.029720000000000028e-03 -1.410330000000000004e-03
1.465520000000000104e-03 -1.055079999999999907e-03
1.833519999999999942e-03 -6.890060000000000368e-04
2.109799999999999783e-03 -3.453309999999999908e-04
2.272189999999999887e-03 -5.407860000000000092e-05
2.301479999999999845e-03 1.682230000000000053e-04
2.183759999999999868e-03 3.350319999999999731e-04
1.913409999999999937e-03 4.804189999999999958e-04
1.496209999999999988e-03 6.274129999999999508e-04
9.516490000000000496e-04 7.679730000000000280e-04
3.139209999999999917e-04 8.606809999999999678e-04
-3.695759999999999866e-04 8.646949999999999602e-04
-1.042549999999999944e-03 7.669989999999999794e-04
-1.646380000000000022e-03 5.523249999999999948e-04
-2.127299999999999938e-03 2.090390000000000022e-04
-2.442919999999999901e-03 -2.236709999999999935e-04
-2.567310000000000165e-03 -6.610010000000000364e-04
-2.493749999999999873e-03 -9.855580000000000937e-04
-2.234859999999999972e-03 -1.078200000000000078e-03
-1.820020000000000101e-03 -8.913540000000000178e-04
-1.290389999999999983e-03 -4.682379999999999984e-04
-6.928789999999999775e-04 8.960499999999999336e-05
-7.482649999999999924e-05 6.708260000000000178e-04
5.192699999999999530e-04 1.188620000000000041e-03
1.049100000000000076e-03 1.578140000000000012e-03
1.478930000000000045e-03 1.796550000000000057e-03
1.778190000000000022e-03 1.830229999999999965e-03
1.923220000000000008e-03 1.691280000000000084e-03
1.900149999999999973e-03 1.402830000000000093e-03
1.708710000000000003e-03 9.827250000000000481e-04
1.365579999999999919e-03 4.368609999999999768e-04
9.060879999999999889e-04 -2.414550000000000116e-04
3.828330000000000123e-04 -1.051199999999999964e-03
-1.395590000000000101e-04 -1.937509999999999927e-03
-5.934039999999999584e-04 -2.778529999999999976e-03
-9.190030000000000508e-04 -3.424190000000000133e-03
-1.075049999999999921e-03 -3.732510000000000081e-03
-1.045890000000000057e-03 -3.604019999999999880e-03
-8.439110000000000318e-04 -3.015589999999999851e-03
-5.067059999999999967e-04 -2.039809999999999974e-03
-8.996570000000000500e-05 -7.937719999999999889e-04
3.414499999999999784e-04 5.905279999999999948e-04
7.227180000000000149e-04 1.927249999999999927e-03
9.973560000000000238e-04 3.035920000000000112e-03
1.123469999999999894e-03 3.783460000000000208e-03
1.077559999999999976e-03 4.091219999999999579e-03
8.561629999999999545e-04 3.956119999999999602e-03
4.757960000000000097e-04 3.430939999999999945e-03
-2.815259999999999876e-05 2.585370000000000029e-03
-6.033269999999999649e-04 1.489400000000000099e-03
-1.183409999999999974e-03 1.964909999999999996e-04
-1.693019999999999942e-03 -1.220230000000000099e-03
-2.055899999999999828e-03 -2.572319999999999902e-03
-2.206430000000000110e-03 -3.607669999999999887e-03
-2.102269999999999833e-03 -4.101959999999999981e-03
-1.734529999999999969e-03 -3.920169999999999731e-03
-1.132650000000000020e-03 -3.073929999999999892e-03
-3.623650000000000178e-04 -1.687630000000000076e-03
4.827470000000000047e-04 1.767659999999999945e-05
1.294900000000000087e-03 1.726679999999999968e-03
1.968319999999999965e-03 3.143759999999999784e-03
2.414579999999999938e-03 4.070289999999999846e-03
2.574669999999999823e-03 4.370390000000000039e-03
2.426849999999999927e-03 3.986059999999999603e-03
1.990019999999999897e-03 2.921599999999999892e-03
1.322330000000000033e-03 1.256050000000000092e-03
5.148760000000000489e-04 -7.993499999999999954e-04
-3.195219999999999809e-04 -2.972900000000000108e-03
-1.061069999999999895e-03 -4.924940000000000047e-03
-1.600360000000000107e-03 -6.257460000000000279e-03
-1.856039999999999990e-03 -6.641379999999999680e-03
-1.789259999999999982e-03 -5.924880000000000424e-03
-1.411420000000000036e-03 -4.210959999999999703e-03
-7.835579999999999542e-04 -1.807339999999999945e-03
-7.942849999999999685e-06 8.982320000000000018e-04
7.862480000000000250e-04 3.498900000000000100e-03
1.461669999999999983e-03 5.592709999999999869e-03
1.893869999999999972e-03 6.864499999999999942e-03
1.991759999999999971e-03 7.136540000000000245e-03
1.714489999999999938e-03 6.354850000000000429e-03
1.082159999999999980e-03 4.571379999999999888e-03
1.783020000000000015e-04 1.958839999999999887e-03
-8.585290000000000196e-04 -1.127229999999999899e-03
-1.854619999999999966e-03 -4.158040000000000000e-03
-2.630330000000000168e-03 -6.545300000000000423e-03
-3.033160000000000023e-03 -7.783019999999999869e-03
-2.967879999999999997e-03 -7.563679999999999709e-03
-2.417340000000000027e-03 -5.870689999999999589e-03
-1.449070000000000002e-03 -3.014440000000000175e-03
-2.061689999999999974e-04 4.661660000000000087e-04
1.115399999999999898e-03 3.942909999999999991e-03
2.298989999999999888e-03 6.780940000000000058e-03
3.143739999999999903e-03 8.448809999999999307e-03
3.499470000000000185e-03 8.620769999999999822e-03
3.294270000000000184e-03 7.191640000000000012e-03
2.550549999999999953e-03 4.290509999999999984e-03
1.386129999999999958e-03 3.211579999999999904e-04
-1.857900000000000033e-06 -4.022300000000000354e-03
-1.369189999999999947e-03 -7.867880000000000706e-03
-2.467640000000000111e-03 -1.040589999999999918e-02
-3.090499999999999931e-03 -1.107819999999999985e-02
-3.112220000000000177e-03 -9.662610000000000296e-03
-2.514939999999999797e-03 -6.318029999999999653e-03
-1.396539999999999934e-03 -1.620520000000000077e-03
4.288870000000000155e-05 3.525480000000000107e-03
1.534470000000000018e-03 8.106570000000000442e-03
2.788029999999999935e-03 1.121510000000000042e-02
3.545509999999999981e-03 1.221900000000000069e-02
3.631380000000000025e-03 1.083770000000000046e-02
2.991010000000000110e-03 7.218360000000000054e-03
1.708569999999999967e-03 1.990149999999999992e-03
-1.196030000000000050e-06 -3.821660000000000161e-03
-1.827939999999999903e-03 -8.985409999999999231e-03
-3.422099999999999968e-03 -1.234490000000000066e-02
-4.462250000000000071e-03 -1.309719999999999981e-02
-4.720359999999999834e-03 -1.096659999999999996e-02
-4.111820000000000405e-03 -6.320550000000000300e-03
-2.718659999999999913e-03 -1.475059999999999935e-04
-7.804469999999999767e-04 6.226220000000000192e-03
1.346030000000000013e-03 1.145400000000000064e-02
3.251759999999999807e-03 1.440070000000000065e-02
4.554700000000000068e-03 1.432759999999999936e-02
4.978690000000000025e-03 1.109500000000000069e-02
4.415279999999999726e-03 5.297819999999999960e-03
2.953859999999999993e-03 -1.861220000000000019e-03
8.720940000000000159e-04 -8.837980000000000488e-03
-1.413179999999999992e-03 -1.409219999999999917e-02
-3.426579999999999817e-03 -1.641190000000000010e-02
-4.731800000000000415e-03 -1.514189999999999980e-02
-5.026329999999999860e-03 -1.043709999999999950e-02
-4.211839999999999681e-03 -3.311399999999999934e-03
-2.423569999999999891e-03 4.641290000000000172e-03
-1.100580000000000057e-05 1.160019999999999975e-02
2.528460000000000169e-03 1.588169999999999860e-02
4.651009999999999693e-03 1.640490000000000004e-02
5.881840000000000158e-03 1.301109999999999940e-02
5.920029999999999737e-03 6.456810000000000327e-03
4.710340000000000360e-03 -1.733109999999999946e-03
2.464880000000000022e-03 -9.609410000000000521e-03
-3.723360000000000211e-04 -1.528949999999999927e-02
-3.212940000000000067e-03 -1.734339999999999840e-02
-5.447930000000000134e-03 -1.514949999999999977e-02
-6.580980000000000163e-03 -9.188810000000000380e-03
-6.341280000000000354e-03 -9.314819999999999697e-04
-4.750120000000000037e-03 7.567980000000000193e-03
-2.125469999999999964e-03 1.418389999999999929e-02
9.791389999999999642e-04 1.723210000000000020e-02
3.890840000000000010e-03 1.587349999999999872e-02
5.964389999999999969e-03 1.045899999999999955e-02
6.727040000000000103e-03 2.441800000000000047e-03
5.988890000000000186e-03 -6.078509999999999643e-03
3.893600000000000099e-03 -1.289859999999999965e-02
8.955220000000000498e-04 -1.627719999999999861e-02
-2.334549999999999906e-03 -1.539839999999999959e-02
-5.056309999999999624e-03 -1.061289999999999976e-02
-6.628000000000000211e-03 -3.254959999999999885e-03
-6.658159999999999773e-03 4.685360000000000393e-03
-5.104049999999999733e-03 1.103729999999999989e-02
-2.291609999999999914e-03 1.414209999999999946e-02
1.150119999999999918e-03 1.331120000000000046e-02
4.427750000000000262e-03 8.943839999999999776e-03
6.766600000000000219e-03 2.315680000000000082e-03
7.596010000000000262e-03 -4.720160000000000154e-03
6.690940000000000255e-03 -1.017610000000000042e-02
4.234070000000000368e-03 -1.264299999999999972e-02
7.817850000000000103e-04 -1.165449999999999993e-02
-2.861100000000000101e-03 -7.691589999999999885e-03
-5.831030000000000067e-03 -2.019729999999999963e-03
-7.414839999999999799e-03 3.713979999999999972e-03
-7.226960000000000155e-03 7.970909999999999454e-03
-5.309610000000000198e-03 9.766129999999999603e-03
-2.128880000000000095e-03 8.890600000000000239e-03
1.535260000000000097e-03 5.868360000000000416e-03
4.779819999999999729e-03 1.750720000000000097e-03
6.803520000000000401e-03 -2.252000000000000095e-03
7.108780000000000307e-03 -5.159150000000000368e-03
5.628539999999999585e-03 -6.393189999999999984e-03
2.743250000000000029e-03 -5.839070000000000024e-03
-8.171870000000000349e-04 -3.876810000000000065e-03
-4.160439999999999625e-03 -1.215479999999999903e-03
-6.459359999999999928e-03 1.406050000000000052e-03
-7.161060000000000342e-03 3.394820000000000216e-03
-6.122700000000000017e-03 4.381010000000000286e-03
-3.639159999999999791e-03 4.270310000000000251e-03
-3.573180000000000236e-04 3.220409999999999939e-03
2.897670000000000193e-03 1.561579999999999913e-03
5.336500000000000098e-03 -2.926529999999999778e-04
6.402810000000000099e-03 -1.934050000000000092e-03
5.903040000000000023e-03 -3.035710000000000058e-03
4.038100000000000196e-03 -3.405599999999999947e-03
1.333640000000000086e-03 -3.016290000000000030e-03
-1.507829999999999934e-03 -2.005049999999999975e-03
-3.790720000000000027e-03 -6.443209999999999996e-04
-4.997060000000000217e-03 7.211960000000000115e-04
-4.902110000000000321e-03 1.761549999999999965e-03
-3.609859999999999892e-03 2.244770000000000099e-03
-1.505499999999999894e-03 2.092730000000000111e-03
8.567619999999999533e-04 1.395830000000000031e-03
2.898229999999999904e-03 3.808829999999999920e-04
4.154770000000000338e-03 -6.587090000000000523e-04
4.377640000000000350e-03 -1.446610000000000083e-03
3.575590000000000018e-03 -1.794280000000000094e-03
1.993410000000000147e-03 -1.640570000000000049e-03
3.764339999999999944e-05 -1.055909999999999965e-03
-1.828549999999999967e-03 -2.156480000000000061e-04
-3.194660000000000208e-03 6.477110000000000332e-04
-3.790940000000000022e-03 1.306499999999999936e-03
-3.537690000000000019e-03 1.601360000000000023e-03
-2.548400000000000144e-03 1.482119999999999965e-03
-1.090279999999999895e-03 1.013760000000000052e-03
4.855549999999999818e-04 3.507200000000000031e-04
1.826609999999999996e-03 -3.119129999999999798e-04
2.655760000000000065e-03 -7.952700000000000480e-04
2.826369999999999924e-03 -9.851659999999999931e-04
2.345719999999999923e-03 -8.591509999999999469e-04
1.364039999999999957e-03 -4.860050000000000199e-04
1.334440000000000051e-04 3.540940000000000207e-07
-1.052729999999999985e-03 4.434269999999999813e-04
-1.926439999999999967e-03 7.100710000000000528e-04
-2.302820000000000127e-03 7.266869999999999493e-04
-2.117340000000000107e-03 4.962080000000000440e-04
-1.434989999999999920e-03 9.250889999999999786e-05
-4.304409999999999942e-04 -3.646060000000000121e-04
6.556310000000000523e-04 -7.454859999999999568e-04
1.573430000000000011e-03 -9.470540000000000165e-04
2.121109999999999836e-03 -9.195300000000000001e-04
2.188920000000000015e-03 -6.768899999999999787e-04
1.780780000000000036e-03 -2.894260000000000170e-04
1.008769999999999979e-03 1.382680000000000118e-04
6.286910000000000426e-05 4.969319999999999510e-04
-8.364169999999999982e-04 7.015030000000000224e-04
-1.490620000000000009e-03 7.117000000000000062e-04
-1.768470000000000068e-03 5.396440000000000395e-04
-1.633169999999999978e-03 2.435380000000000118e-04
-1.146029999999999922e-03 -8.994260000000000178e-05
-4.465100000000000059e-04 -3.692480000000000263e-04
2.852409999999999885e-04 -5.212650000000000313e-04
8.735630000000000521e-04 -5.086059999999999887e-04
1.188770000000000018e-03 -3.371310000000000084e-04
1.175129999999999925e-03 -5.255149999999999991e-05
8.593029999999999549e-04 2.723399999999999844e-04
3.384390000000000033e-04 5.562370000000000075e-04
-2.478630000000000221e-04 7.290079999999999564e-04
-7.538659999999999545e-04 7.479229999999999472e-04
-1.062860000000000107e-03 6.068859999999999489e-04
-1.112769999999999905e-03 3.369000000000000033e-04
-9.067370000000000161e-04 -1.980449999999999817e-06
