-1.354740000000000059e-08 9.779519999999999415e-07
-9.702410000000000123e-08 4.046469999999999732e-06
-3.504259999999999908e-07 8.703450000000000501e-06
-9.165420000000000289e-07 1.720949999999999845e-05
-2.106210000000000117e-06 3.809379999999999770e-05
-4.672700000000000172e-06 8.425640000000000191e-05
-1.001310000000000074e-05 1.640979999999999999e-04
-1.989839999999999909e-05 2.677550000000000004e-04
-3.558849999999999985e-05 3.677929999999999936e-04
-5.665179999999999858e-05 4.218250000000000211e-04
-7.998080000000000510e-05 3.790919999999999815e-04
-9.971489999999999629e-05 2.110600000000000019e-04
-1.087049999999999968e-04 -6.624520000000000061e-05
-1.011589999999999983e-04 -3.993180000000000145e-04
-7.499650000000000608e-05 -7.217600000000000014e-04
-3.240860000000000003e-05 -9.789329999999999733e-04
2.186079999999999913e-05 -1.142589999999999969e-03
8.359449999999999390e-05 -1.212109999999999967e-03
1.516479999999999955e-04 -1.198279999999999918e-03
2.280130000000000004e-04 -1.097529999999999990e-03
3.148229999999999909e-04 -8.918599999999999618e-04
4.099829999999999946e-04 -5.793429999999999587e-04
5.041890000000000477e-04 -1.855430000000000089e-04
5.810010000000000435e-04 2.489850000000000158e-04
6.200640000000000318e-04 6.716909999999999764e-04
6.025260000000000381e-04 1.019329999999999932e-03
5.167149999999999478e-04 1.241090000000000032e-03
3.617469999999999909e-04 1.323090000000000073e-03
1.476279999999999899e-04 1.293829999999999937e-03
-1.078159999999999991e-04 1.213090000000000002e-03
-3.833190000000000208e-04 1.137980000000000025e-03
-6.573189999999999589e-04 1.076530000000000022e-03
-9.085179999999999775e-04 9.885169999999999547e-04
-1.115069999999999907e-03 8.256789999999999529e-04
-1.254490000000000032e-03 5.443489999999999614e-04
-1.305570000000000038e-03 1.228719999999999986e-04
-1.252429999999999906e-03 -4.080570000000000269e-04
-1.089700000000000087e-03 -9.677680000000000353e-04
-8.263160000000000080e-04 -1.456180000000000061e-03
-4.856220000000000068e-04 -1.787399999999999970e-03
-1.007079999999999987e-04 -1.918049999999999920e-03
2.934170000000000268e-04 -1.852340000000000063e-03
6.676359999999999890e-04 -1.628939999999999945e-03
1.003200000000000099e-03 -1.308099999999999975e-03
1.291110000000000044e-03 -9.437430000000000341e-04
1.526769999999999993e-03 -5.686149999999999625e-04
1.703050000000000007e-03 -2.084800000000000097e-04
1.805739999999999906e-03 1.079759999999999975e-04
1.813970000000000036e-03 3.588999999999999959e-04
1.705469999999999946e-03 5.483610000000000307e-04
1.464349999999999897e-03 7.010459999999999825e-04
1.088809999999999951e-03 8.344360000000000319e-04
5.962790000000000147e-04 9.411149999999999637e-04
2.441829999999999964e-05 9.865849999999998926e-04
-5.731020000000000298e-04 9.409270000000000394e-04
-1.135630000000000103e-03 8.018209999999999791e-04
-1.606500000000000072e-03 5.602699999999999738e-04
-1.942060000000000010e-03 2.046340000000000062e-04
-2.116750000000000142e-03 -2.313019999999999887e-04
-2.124480000000000205e-03 -6.710629999999999547e-04
-1.976680000000000190e-03 -1.005660000000000017e-03
-1.698260000000000047e-03 -1.122189999999999906e-03
-1.322019999999999923e-03 -9.755879999999999977e-04
-8.822279999999999836e-04 -6.065649999999999905e-04
-4.093109999999999847e-04 -1.088630000000000045e-04
7.188820000000000062e-05 4.176760000000000173e-04
5.396770000000000169e-04 8.977720000000000231e-04
9.708330000000000475e-04 1.273880000000000021e-03
1.337190000000000037e-03 1.503629999999999941e-03
1.606110000000000003e-03 1.567409999999999984e-03
1.745409999999999974e-03 1.467980000000000023e-03
1.731319999999999951e-03 1.220090000000000063e-03
1.556910000000000108e-03 8.380770000000000060e-04
1.237880000000000013e-03 3.308389999999999812e-04
8.133990000000000230e-04 -2.999449999999999751e-04
3.411390000000000147e-04 -1.043220000000000085e-03
-1.130679999999999955e-04 -1.837639999999999977e-03
-4.887189999999999807e-04 -2.563450000000000104e-03
-7.431350000000000195e-04 -3.083789999999999882e-03
-8.586540000000000361e-04 -3.279049999999999934e-03
-8.425130000000000292e-04 -3.074959999999999846e-03
-7.203300000000000371e-04 -2.468039999999999904e-03
-5.261880000000000246e-04 -1.537579999999999980e-03
-2.938109999999999962e-04 -3.914149999999999921e-04
-5.259500000000000042e-05 8.602549999999999824e-04
1.718219999999999958e-04 2.058149999999999910e-03
3.553130000000000047e-04 3.044610000000000111e-03
4.736240000000000176e-04 3.699500000000000097e-03
5.032739999999999523e-04 3.945289999999999735e-03
4.256970000000000003e-04 3.770799999999999933e-03
2.335319999999999996e-04 3.217059999999999885e-03
-6.281339999999999732e-05 2.344619999999999951e-03
-4.308219999999999758e-04 1.221709999999999983e-03
-8.161219999999999629e-04 -9.116419999999999700e-05
-1.148949999999999928e-03 -1.507730000000000094e-03
-1.357759999999999957e-03 -2.827309999999999979e-03
-1.387640000000000097e-03 -3.795489999999999888e-03
-1.216140000000000103e-03 -4.201370000000000278e-03
-8.600599999999999478e-04 -3.937170000000000253e-03
-3.701290000000000201e-04 -3.045969999999999841e-03
1.832070000000000096e-04 -1.674359999999999954e-03
7.264860000000000371e-04 -4.559280000000000163e-05
1.196849999999999954e-03 1.546129999999999944e-03
1.548899999999999973e-03 2.844020000000000055e-03
1.753659999999999984e-03 3.692500000000000036e-03
1.793319999999999940e-03 3.987450000000000022e-03
1.658119999999999906e-03 3.680909999999999911e-03
1.348969999999999900e-03 2.764459999999999834e-03
8.849990000000000287e-04 1.289479999999999967e-03
3.106760000000000185e-04 -5.638089999999999682e-04
-3.031570000000000250e-04 -2.548589999999999883e-03
-8.672890000000000373e-04 -4.340219999999999669e-03
-1.291389999999999899e-03 -5.548980000000000232e-03
-1.505749999999999927e-03 -5.854340000000000412e-03
-1.478960000000000084e-03 -5.118059999999999797e-03
-1.224239999999999920e-03 -3.459610000000000116e-03
-7.932259999999999572e-04 -1.197450000000000077e-03
-2.623629999999999951e-04 1.285230000000000053e-03
2.814879999999999856e-04 3.605810000000000091e-03
7.530809999999999544e-04 5.403100000000000090e-03
1.078179999999999980e-03 6.409989999999999959e-03
1.200969999999999989e-03 6.491649999999999851e-03
1.091149999999999932e-03 5.621359999999999725e-03
7.519539999999999905e-04 3.857869999999999789e-03
2.270879999999999915e-04 1.362380000000000058e-03
-3.986579999999999768e-04 -1.533679999999999939e-03
-1.010419999999999938e-03 -4.333349999999999702e-03
-1.485540000000000038e-03 -6.485480000000000064e-03
-1.720860000000000055e-03 -7.524760000000000129e-03
-1.656520000000000084e-03 -7.183840000000000364e-03
-1.289219999999999993e-03 -5.478199999999999910e-03
-6.715729999999999617e-04 -2.731959999999999857e-03
1.004969999999999968e-04 5.292619999999999617e-04
9.061489999999999736e-04 3.719399999999999876e-03
1.618539999999999909e-03 6.267059999999999645e-03
2.122209999999999808e-03 7.710680000000000138e-03
2.328300000000000161e-03 7.783359999999999584e-03
2.188040000000000037e-03 6.413399999999999657e-03
1.704610000000000066e-03 3.731519999999999889e-03
9.400429999999999984e-04 1.133099999999999976e-04
1.158760000000000066e-05 -3.798269999999999858e-03
-9.260540000000000481e-04 -7.197379999999999750e-03
-1.709250000000000049e-03 -9.346949999999999703e-03
-2.196870000000000073e-03 -9.757810000000000442e-03
-2.297599999999999903e-03 -8.261209999999999734e-03
-1.988450000000000113e-03 -5.042770000000000238e-03
-1.320800000000000012e-03 -6.708890000000000339e-04
-4.120129999999999734e-04 3.995369999999999824e-03
5.750399999999999696e-04 8.021350000000000008e-03
1.459549999999999997e-03 1.059839999999999914e-02
2.072739999999999999e-03 1.119389999999999968e-02
2.287449999999999900e-03 9.605199999999999502e-03
2.044289999999999823e-03 6.020039999999999940e-03
1.368429999999999907e-03 1.061270000000000008e-03
3.709690000000000188e-04 -4.298930000000000286e-03
-7.677680000000000528e-04 -8.920890000000000764e-03
-1.830440000000000018e-03 -1.176370000000000020e-02
-2.603709999999999965e-03 -1.214089999999999961e-02
-2.919909999999999953e-03 -9.869710000000000288e-03
-2.691269999999999947e-03 -5.364800000000000298e-03
-1.929479999999999910e-03 3.995019999999999843e-04
-7.476069999999999591e-04 6.174100000000000074e-03
6.543439999999999543e-04 1.073870000000000033e-02
2.019149999999999938e-03 1.310550000000000083e-02
3.076740000000000117e-03 1.267040000000000007e-02
3.598210000000000124e-03 9.386469999999999189e-03
3.447480000000000162e-03 3.878679999999999801e-03
2.617309999999999862e-03 -2.690890000000000035e-03
1.240420000000000108e-03 -8.883109999999999618e-03
-4.284539999999999876e-04 -1.330729999999999934e-02
-2.057919999999999975e-03 -1.491570000000000049e-02
-3.306480000000000096e-03 -1.319859999999999957e-02
-3.896580000000000182e-03 -8.407780000000000115e-03
-3.677779999999999851e-03 -1.582660000000000056e-03
-2.664249999999999952e-03 5.738820000000000379e-03
-1.039210000000000047e-03 1.186590000000000041e-02
8.763360000000000203e-04 1.529430000000000026e-02
2.685449999999999816e-03 1.513390000000000048e-02
3.994909999999999954e-03 1.138370000000000007e-02
4.497260000000000320e-03 4.884860000000000417e-03
4.040610000000000035e-03 -2.849729999999999971e-03
2.671020000000000078e-03 -9.979870000000000060e-03
6.364899999999999725e-04 -1.480429999999999940e-02
-1.652580000000000065e-03 -1.610359999999999916e-02
-3.703779999999999833e-03 -1.344539999999999971e-02
-5.047850000000000427e-03 -7.433079999999999896e-03
-5.344830000000000067e-03 4.387489999999999966e-04
-4.468159999999999667e-03 8.197819999999999760e-03
-2.547489999999999911e-03 1.388849999999999980e-02
4.311760000000000202e-05 1.604339999999999933e-02
2.754959999999999874e-03 1.403390000000000019e-02
4.980130000000000147e-03 8.363570000000000726e-03
6.187469999999999602e-03 5.420610000000000402e-04
6.050169999999999680e-03 -7.385179999999999870e-03
4.536260000000000292e-03 -1.336430000000000083e-02
1.936580000000000029e-03 -1.585800000000000057e-02
-1.182950000000000104e-03 -1.425569999999999962e-02
-4.099939999999999835e-03 -9.061829999999999885e-03
-6.102409999999999952e-03 -1.677129999999999984e-03
-6.666430000000000099e-03 5.938839999999999918e-03
-5.598050000000000248e-03 1.172780000000000003e-02
-3.099680000000000057e-03 1.419079999999999994e-02
2.596149999999999868e-04 1.280180000000000033e-02
3.668849999999999976e-03 8.084610000000000754e-03
6.270819999999999866e-03 1.374430000000000053e-03
7.381610000000000255e-03 -5.485280000000000364e-03
6.673840000000000328e-03 -1.057439999999999942e-02
4.273400000000000115e-03 -1.258549999999999947e-02
7.429889999999999975e-04 -1.115990000000000038e-02
-3.048920000000000102e-03 -6.866360000000000172e-03
-6.145010000000000229e-03 -1.023679999999999903e-03
-7.746949999999999843e-03 4.705009999999999921e-03
-7.428240000000000016e-03 8.795809999999999393e-03
-5.253560000000000001e-03 1.029839999999999922e-02
-1.769759999999999996e-03 9.048129999999999715e-03
2.132699999999999960e-03 5.618030000000000419e-03
5.453020000000000263e-03 1.111940000000000064e-03
7.345250000000000216e-03 -3.203440000000000107e-03
7.343170000000000426e-03 -6.290190000000000191e-03
5.481960000000000131e-03 -7.522290000000000053e-03
2.281399999999999834e-03 -6.761839999999999865e-03
-1.403039999999999930e-03 -4.409330000000000367e-03
-4.615440000000000167e-03 -1.245500000000000079e-03
-6.554260000000000121e-03 1.876559999999999990e-03
-6.777150000000000014e-03 4.233139999999999820e-03
-5.300929999999999705e-03 5.345299999999999878e-03
-2.574100000000000173e-03 5.069869999999999759e-03
6.632670000000000449e-04 3.600110000000000116e-03
3.586530000000000100e-03 1.384199999999999927e-03
5.500340000000000264e-03 -9.951230000000001012e-04
6.002539999999999785e-03 -2.961070000000000108e-03
5.060349999999999918e-03 -4.074519999999999878e-03
2.988460000000000075e-03 -4.127160000000000377e-03
3.449950000000000130e-04 -3.179330000000000177e-03
-2.219969999999999929e-03 -1.532989999999999917e-03
-4.121930000000000212e-03 3.518279999999999932e-04
-4.968740000000000136e-03 1.981489999999999814e-03
-4.632429999999999881e-03 2.963250000000000172e-03
-3.257350000000000002e-03 3.105049999999999824e-03
-1.210050000000000058e-03 2.452189999999999925e-03
1.013610000000000075e-03 1.255500000000000105e-03
2.902389999999999918e-03 -1.165599999999999953e-04
4.041349999999999977e-03 -1.292170000000000037e-03
4.199409999999999775e-03 -1.998139999999999812e-03
3.375389999999999814e-03 -2.118670000000000015e-03
1.792870000000000011e-03 -1.700239999999999998e-03
-1.554100000000000045e-04 -9.136580000000000265e-04
-2.001929999999999855e-03 5.951690000000000271e-06
-3.315820000000000139e-03 8.207359999999999699e-04
-3.804529999999999978e-03 1.344020000000000024e-03
-3.380820000000000092e-03 1.480320000000000030e-03
-2.178550000000000018e-03 1.238299999999999904e-03
-5.136539999999999986e-04 7.158079999999999608e-04
1.198980000000000098e-03 6.699670000000000180e-05
2.550559999999999893e-03 -5.392490000000000000e-04
3.238099999999999833e-03 -9.596859999999999592e-04
3.133350000000000024e-03 -1.107679999999999993e-03
2.304979999999999876e-03 -9.691349999999999834e-04
9.908600000000000914e-04 -6.009879999999999996e-04
-4.697939999999999950e-04 -1.134000000000000052e-04
-1.724499999999999904e-03 3.599450000000000240e-04
-2.492739999999999800e-03 6.963279999999999643e-04
-2.627500000000000061e-03 8.149130000000000089e-04
-2.140289999999999988e-03 6.963380000000000134e-04
-1.186610000000000052e-03 3.858800000000000121e-04
-1.901360000000000037e-05 -2.066929999999999877e-05
1.078469999999999993e-03 -4.045860000000000190e-04
1.857759999999999967e-03 -6.575850000000000271e-04
2.160490000000000153e-03 -7.115980000000000265e-04
1.947380000000000074e-03 -5.565950000000000064e-04
1.298729999999999893e-03 -2.416209999999999962e-04
3.882749999999999917e-04 1.408729999999999911e-04
-5.618039999999999493e-04 4.824089999999999954e-04
-1.333729999999999985e-03 6.893859999999999485e-04
-1.762740000000000053e-03 7.085709999999999622e-04
-1.771170000000000079e-03 5.402020000000000433e-04
-1.381159999999999983e-03 2.356480000000000044e-04
-7.043019999999999663e-04 -1.188909999999999972e-04
8.852530000000000435e-05 -4.273330000000000097e-04
8.094740000000000225e-04 -6.099550000000000241e-04
1.297949999999999972e-03 -6.237670000000000064e-04
1.456419999999999937e-03 -4.719829999999999837e-04
1.269720000000000007e-03 -2.008620000000000023e-04
8.040569999999999488e-04 1.143589999999999939e-04
1.866790000000000062e-04 3.900989999999999796e-04
-4.277400000000000212e-04 5.559799999999999725e-04
-8.954059999999999580e-04 5.719020000000000006e-04
-1.116760000000000062e-03 4.367730000000000007e-04
-1.057140000000000033e-03 1.872990000000000104e-04
-7.504900000000000329e-04 -1.123219999999999996e-04
