-1.291899999999999975e-08 9.786269999999999393e-07
-9.280800000000000625e-08 4.051090000000000206e-06
-3.366280000000000150e-07 8.719149999999999351e-06
-8.848219999999999540e-07 1.724770000000000090e-05
-2.042030000000000081e-06 3.817580000000000132e-05
-4.542229999999999877e-06 8.443170000000000004e-05
-9.750730000000000069e-06 1.644639999999999893e-04
-1.942310000000000043e-05 2.684580000000000104e-04
-3.487280000000000262e-05 3.689720000000000174e-04
-5.583170000000000282e-05 4.235199999999999837e-04
-7.945699999999999497e-05 3.811379999999999955e-04
-1.001629999999999963e-04 2.130500000000000015e-04
-1.109169999999999953e-04 -6.487540000000000570e-05
-1.056980000000000034e-04 -3.990549999999999935e-04
-8.180639999999999657e-05 -7.227429999999999749e-04
-4.056130000000000076e-05 -9.808119999999999599e-04
1.408579999999999988e-05 -1.144650000000000094e-03
7.827219999999999913e-05 -1.213660000000000086e-03
1.505669999999999968e-04 -1.199130000000000074e-03
2.321179999999999890e-04 -1.098299999999999971e-03
3.240079999999999783e-04 -8.938690000000000437e-04
4.232980000000000119e-04 -5.841070000000000506e-04
5.202899999999999669e-04 -1.940780000000000077e-04
5.985679999999999517e-04 2.366910000000000010e-04
6.379810000000000298e-04 6.568249999999999870e-04
6.197600000000000157e-04 1.003930000000000100e-03
5.320400000000000086e-04 1.227460000000000096e-03
3.735559999999999857e-04 1.313130000000000026e-03
1.540609999999999874e-04 1.288740000000000024e-03
-1.083930000000000039e-04 1.213410000000000053e-03
-3.916799999999999904e-04 1.143939999999999974e-03
-6.729359999999999552e-04 1.088339999999999924e-03
-9.296439999999999782e-04 1.006369999999999921e-03
-1.139330000000000030e-03 8.493370000000000303e-04
-1.279769999999999953e-03 5.726649999999999796e-04
-1.330629999999999964e-03 1.534790000000000123e-04
-1.277069999999999941e-03 -3.785419999999999952e-04
-1.114200000000000086e-03 -9.430070000000000466e-04
-8.505309999999999650e-04 -1.439100000000000015e-03
-5.081330000000000222e-04 -1.779369999999999953e-03
-1.185840000000000017e-04 -1.918620000000000004e-03
2.840529999999999856e-04 -1.859820000000000093e-03
6.704109999999999887e-04 -1.641389999999999950e-03
1.020180000000000088e-03 -1.324389999999999942e-03
1.321920000000000083e-03 -9.640620000000000136e-04
1.568589999999999915e-03 -5.941409999999999617e-04
1.751409999999999903e-03 -2.403770000000000060e-04
1.855730000000000096e-03 6.976159999999999967e-05
1.861349999999999897e-03 3.164309999999999931e-04
1.747180000000000087e-03 5.056779999999999652e-04
1.498490000000000108e-03 6.633360000000000471e-04
1.114130000000000068e-03 8.067130000000000264e-04
6.116630000000000287e-04 9.269330000000000104e-04
2.860140000000000029e-05 9.872209999999999319e-04
-5.813860000000000338e-04 9.552970000000000255e-04
-1.157110000000000040e-03 8.271139999999999959e-04
-1.640720000000000026e-03 5.929919999999999766e-04
-1.986910000000000152e-03 2.415800000000000011e-04
-2.168590000000000188e-03 -1.925239999999999883e-04
-2.178610000000000095e-03 -6.320489999999999789e-04
-2.028199999999999968e-03 -9.676049999999999625e-04
-1.742749999999999942e-03 -1.086359999999999973e-03
-1.356100000000000057e-03 -9.436429999999999775e-04
-9.037360000000000358e-04 -5.806239999999999622e-04
-4.174049999999999787e-04 -9.133280000000000077e-05
7.684020000000000336e-05 4.244920000000000008e-04
5.563210000000000290e-04 8.922389999999999662e-04
9.971540000000000958e-04 1.255639999999999925e-03
1.370829999999999965e-03 1.474019999999999931e-03
1.644550000000000048e-03 1.529519999999999925e-03
1.785990000000000104e-03 1.426240000000000060e-03
1.771189999999999961e-03 1.179479999999999895e-03
1.592960000000000036e-03 8.031380000000000073e-04
1.266849999999999921e-03 3.048710000000000157e-04
8.322089999999999869e-04 -3.154049999999999931e-04
3.474430000000000140e-04 -1.048440000000000092e-03
-1.202519999999999999e-04 -1.834249999999999943e-03
-5.084350000000000067e-04 -2.553810000000000108e-03
-7.722200000000000028e-04 -3.070189999999999985e-03
-8.919870000000000099e-04 -3.263199999999999955e-03
-8.738780000000000246e-04 -3.058030000000000210e-03
-7.437430000000000516e-04 -2.450990000000000113e-03
-5.373370000000000360e-04 -1.521720000000000060e-03
-2.911270000000000199e-04 -3.787829999999999951e-04
-3.753099999999999693e-05 8.670979999999999573e-04
1.953950000000000088e-04 2.056899999999999961e-03
3.823039999999999772e-04 3.034240000000000114e-03
4.990370000000000266e-04 3.681100000000000084e-03
5.231920000000000147e-04 3.922260000000000330e-03
4.376800000000000243e-04 3.748280000000000101e-03
2.364719999999999951e-04 3.200720000000000214e-03
-6.917000000000000351e-05 2.339180000000000165e-03
-4.463529999999999733e-04 1.229719999999999902e-03
-8.405560000000000071e-04 -7.001069999999999700e-05
-1.181710000000000095e-03 -1.476529999999999987e-03
-1.397430000000000070e-03 -2.791039999999999840e-03
-1.431200000000000094e-03 -3.759580000000000213e-03
-1.258519999999999951e-03 -4.170229999999999597e-03
-8.943469999999999805e-04 -3.913329999999999587e-03
-3.889589999999999736e-04 -3.030240000000000017e-03
1.855960000000000032e-04 -1.666729999999999948e-03
7.521659999999999674e-04 -4.648169999999999917e-05
1.242980000000000083e-03 1.535289999999999919e-03
1.608019999999999936e-03 2.821119999999999878e-03
1.815439999999999979e-03 3.656099999999999801e-03
1.847380000000000029e-03 3.938620000000000315e-03
1.696680000000000106e-03 3.624399999999999844e-03
1.368370000000000046e-03 2.708540000000000166e-03
8.856380000000000068e-04 1.244129999999999975e-03
2.956619999999999756e-04 -5.897889999999999600e-04
-3.297279999999999981e-04 -2.550310000000000077e-03
-9.015159999999999927e-04 -4.318220000000000218e-03
-1.329679999999999968e-03 -5.508909999999999675e-03
-1.544060000000000094e-03 -5.804949999999999694e-03
-1.511900000000000049e-03 -5.068439999999999578e-03
-1.245220000000000007e-03 -3.417020000000000213e-03
-7.959609999999999776e-04 -1.166520000000000100e-03
-2.433339999999999982e-04 1.302060000000000066e-03
3.208080000000000090e-04 3.607260000000000154e-03
8.054549999999999514e-04 5.388600000000000334e-03
1.131880000000000039e-03 6.379980000000000373e-03
1.242800000000000068e-03 6.448739999999999681e-03
1.110169999999999950e-03 5.571310000000000325e-03
7.424820000000000378e-04 3.809680000000000184e-03
1.899260000000000108e-04 1.326740000000000081e-03
-4.569660000000000020e-04 -1.547119999999999919e-03
-1.079649999999999924e-03 -4.318930000000000338e-03
-1.554119999999999981e-03 -6.443489999999999635e-03
-1.777769999999999915e-03 -7.461559999999999894e-03
-1.692499999999999994e-03 -7.110329999999999775e-03
-1.297629999999999921e-03 -5.407269999999999611e-03
-6.493049999999999777e-04 -2.675900000000000153e-03
1.520460000000000008e-04 5.607049999999999925e-04
9.803380000000000861e-04 3.720170000000000074e-03
1.703730000000000088e-03 6.235359999999999688e-03
2.203350000000000187e-03 7.649290000000000429e-03
2.389829999999999906e-03 7.699710000000000235e-03
2.217400000000000013e-03 6.319179999999999763e-03
1.695239999999999985e-03 3.641430000000000188e-03
8.930840000000000436e-04 4.271729999999999841e-05
-6.423379999999999476e-05 -3.836270000000000131e-03
-1.016049999999999896e-03 -7.194779999999999578e-03
-1.795439999999999927e-03 -9.302750000000000255e-03
-2.261290000000000001e-03 -9.678549999999999306e-03
-2.325659999999999793e-03 -8.160040000000000349e-03
-1.971969999999999973e-03 -4.937350000000000072e-03
-1.260059999999999913e-03 -5.803390000000000284e-04
-3.164880000000000232e-04 4.053740000000000121e-03
6.877580000000000108e-04 8.035179999999999406e-03
1.566590000000000083e-03 1.056280000000000066e-02
2.150410000000000169e-03 1.111290000000000021e-02
2.316390000000000202e-03 9.491970000000000615e-03
2.014100000000000005e-03 5.895179999999999865e-03
1.280590000000000070e-03 9.492940000000000492e-04
2.393100000000000110e-04 -4.374249999999999666e-03
-9.191409999999999468e-04 -8.941450000000000092e-03
-1.971510000000000103e-03 -1.172109999999999992e-02
-2.704419999999999914e-03 -1.203899999999999935e-02
-2.956509999999999867e-03 -9.724460000000000742e-03
-2.651890000000000063e-03 -5.201980000000000146e-03
-1.817770000000000019e-03 5.485899999999999501e-04
-5.833150000000000487e-04 6.278459999999999597e-03
8.384170000000000468e-04 1.077400000000000059e-02
2.183609999999999891e-03 1.305959999999999933e-02
3.184179999999999996e-03 1.254760000000000077e-02
3.621870000000000124e-03 9.207450000000000703e-03
3.377919999999999968e-03 3.677469999999999958e-03
2.465450000000000107e-03 -2.873489999999999812e-03
1.036199999999999925e-03 -9.008060000000000025e-03
-6.416990000000000237e-04 -1.334600000000000022e-02
-2.232420000000000151e-03 -1.485679999999999987e-02
-3.400349999999999900e-03 -1.305130000000000005e-02
-3.883380000000000078e-03 -8.200620000000000479e-03
-3.553290000000000181e-03 -1.358159999999999966e-03
-2.448979999999999907e-03 5.932670000000000131e-03
-7.755639999999999626e-04 1.198560000000000077e-02
1.131899999999999920e-03 1.531040000000000005e-02
2.874219999999999813e-03 1.503789999999999988e-02
4.069289999999999713e-03 1.119099999999999956e-02
4.432880000000000154e-03 4.633159999999999883e-03
3.843919999999999802e-03 -3.107430000000000001e-03
2.380039999999999933e-03 -1.018600000000000061e-02
3.139120000000000126e-04 -1.490949999999999914e-02
-1.933009999999999980e-03 -1.607880000000000073e-02
-3.874419999999999947e-03 -1.328979999999999918e-02
-5.063770000000000424e-03 -7.176120000000000242e-03
-5.195929999999999646e-03 7.424200000000000374e-04
-4.183349999999999742e-03 8.480029999999999513e-03
-2.189630000000000135e-03 1.408300000000000003e-02
3.910319999999999790e-04 1.610189999999999885e-02
3.009099999999999796e-03 1.393840000000000010e-02
5.076230000000000152e-03 8.132069999999999924e-03
6.097339999999999705e-03 2.257059999999999969e-04
5.790080000000000400e-03 -7.713290000000000250e-03
4.164540000000000429e-03 -1.362619999999999977e-02
1.540670000000000060e-03 -1.599000000000000074e-02
-1.507290000000000105e-03 -1.422460000000000044e-02
-4.272070000000000208e-03 -8.874299999999999897e-03
-6.077130000000000032e-03 -1.378909999999999901e-03
-6.445779999999999912e-03 6.273820000000000265e-03
-5.231509999999999980e-03 1.201580000000000009e-02
-2.672659999999999880e-03 1.435969999999999955e-02
6.463120000000000150e-04 1.280949999999999971e-02
3.923499999999999904e-03 7.930110000000000631e-03
6.333059999999999731e-03 1.098009999999999958e-03
7.236919999999999985e-03 -5.812829999999999733e-03
6.356820000000000005e-03 -1.087040000000000055e-02
3.859260000000000208e-03 -1.277700000000000016e-02
3.293309999999999814e-04 -1.120209999999999956e-02
-3.365529999999999824e-03 -6.753730000000000323e-03
-6.291910000000000384e-03 -7.901709999999999940e-04
-7.692150000000000029e-03 4.996109999999999787e-03
-7.187289999999999825e-03 9.069469999999999615e-03
-4.884959999999999823e-03 1.048780000000000025e-02
-1.360520000000000045e-03 9.111899999999999167e-03
2.487790000000000140e-03 5.549290000000000125e-03
5.673300000000000044e-03 9.381059999999999659e-04
7.382119999999999828e-03 -3.430349999999999979e-03
7.190229999999999712e-03 -6.509130000000000124e-03
5.175429999999999961e-03 -7.680020000000000076e-03
1.891279999999999958e-03 -6.826050000000000173e-03
-1.788770000000000074e-03 -4.374580000000000309e-03
-4.910190000000000041e-03 -1.131379999999999972e-03
-6.691690000000000138e-03 2.033699999999999831e-03
-6.725809999999999601e-03 4.391700000000000118e-03
-5.071540000000000249e-03 5.469319999999999737e-03
-2.217840000000000002e-03 5.136660000000000358e-03
1.065390000000000044e-03 3.603009999999999807e-03
3.941509999999999632e-03 1.330989999999999994e-03
5.724530000000000243e-03 -1.086659999999999926e-03
6.041890000000000281e-03 -3.068500000000000047e-03
4.904399999999999732e-03 -4.175589999999999857e-03
2.674170000000000019e-03 -4.203349999999999795e-03
-5.123820000000000013e-05 -3.218229999999999875e-03
-2.600760000000000138e-03 -1.529739999999999919e-03
-4.393400000000000430e-03 3.938659999999999861e-04
-5.064619999999999712e-03 2.051139999999999908e-03
-4.531239999999999747e-03 3.043360000000000162e-03
-2.987640000000000174e-03 3.176019999999999885e-03
-8.423050000000000068e-04 2.496809999999999915e-03
1.386150000000000056e-03 1.263760000000000057e-03
3.188449999999999791e-03 -1.442559999999999958e-04
4.174830000000000034e-03 -1.344860000000000022e-03
4.154900000000000433e-03 -2.057690000000000040e-03
3.172079999999999865e-03 -2.165760000000000081e-03
1.486960000000000061e-03 -1.720989999999999933e-03
-4.871179999999999803e-04 -9.043140000000000293e-04
-2.281899999999999901e-03 3.806420000000000056e-05
-3.483870000000000022e-03 8.604809999999999629e-04
-3.829990000000000130e-03 1.374650000000000047e-03
-3.266760000000000063e-03 1.490180000000000020e-03
-1.958199999999999785e-03 1.225320000000000012e-03
-2.409199999999999905e-04 6.880420000000000372e-04
1.462200000000000088e-03 3.900170000000000302e-05
2.747560000000000020e-03 -5.526040000000000509e-04
3.328590000000000194e-03 -9.495320000000000019e-04
3.101039999999999786e-03 -1.075000000000000001e-03
2.160350000000000117e-03 -9.246900000000000388e-04
7.686239999999999782e-04 -5.613369999999999688e-04
-7.181359999999999697e-04 -9.470039999999999882e-05
-1.941879999999999995e-03 3.480180000000000144e-04
-2.629320000000000095e-03 6.542470000000000533e-04
-2.652310000000000171e-03 7.533009999999999489e-04
-2.048780000000000046e-03 6.324580000000000219e-04
-1.002010000000000010e-03 3.380219999999999969e-04
2.131509999999999926e-04 -3.888030000000000110e-05
1.301690000000000095e-03 -3.880840000000000201e-04
2.018709999999999949e-03 -6.108970000000000025e-04
2.222410000000000184e-03 -6.470169999999999481e-04
1.898970000000000042e-03 -4.903999999999999939e-04
1.156249999999999943e-03 -1.896749999999999890e-04
1.904089999999999993e-04 1.668510000000000056e-04
-7.647679999999999799e-04 4.771280000000000031e-04
-1.493109999999999967e-03 6.545830000000000311e-04
-1.843510000000000027e-03 6.521660000000000304e-04
-1.759630000000000092e-03 4.744670000000000094e-04
-1.286730000000000035e-03 1.748099999999999882e-04
-5.553129999999999872e-04 -1.612890000000000070e-04
2.532349999999999835e-04 -4.410390000000000035e-04
9.506609999999999974e-04 -5.902729999999999913e-04
1.385100000000000003e-03 -5.730379999999999979e-04
1.473860000000000014e-03 -3.997890000000000037e-04
1.218719999999999960e-03 -1.225929999999999967e-04
7.008949999999999902e-04 1.806020000000000032e-04
5.779859999999999919e-05 4.277290000000000107e-04
-5.522930000000000330e-04 5.542999999999999750e-04
-9.886100000000000096e-04 5.293760000000000219e-04
-1.160060000000000084e-03 3.621000000000000195e-04
-1.043789999999999952e-03 9.775139999999999383e-05
-6.863019999999999624e-04 -1.950459999999999889e-04
