-1.002170000000000066e-08 9.807519999999999402e-07
-7.312920000000000344e-08 4.065560000000000255e-06
-2.710320000000000145e-07 8.767709999999999780e-06
-7.304110000000000148e-07 1.736370000000000114e-05
-1.722689999999999976e-06 3.842199999999999907e-05
-3.885179999999999959e-06 8.495270000000000403e-05
-8.419850000000000370e-06 1.655489999999999967e-04
-1.697710000000000047e-05 2.705229999999999983e-04
-3.106729999999999984e-05 3.723870000000000110e-04
-5.113670000000000119e-05 4.283070000000000041e-04
-7.558770000000000137e-05 3.866809999999999930e-04
-1.002520000000000017e-04 2.180390000000000041e-04
-1.189099999999999982e-04 -6.203519999999999857e-05
-1.248680000000000113e-04 -3.993910000000000255e-04
-1.128089999999999968e-04 -7.258009999999999852e-04
-7.997550000000000026e-05 -9.843250000000000870e-04
-2.613489999999999943e-05 -1.145270000000000099e-03
4.740269999999999933e-05 -1.208689999999999895e-03
1.388659999999999949e-04 -1.188610000000000100e-03
2.460820000000000065e-04 -1.086310000000000053e-03
3.650379999999999836e-04 -8.881279999999999644e-04
4.877640000000000144e-04 -5.937199999999999466e-04
6.010809999999999461e-04 -2.262549999999999945e-04
6.871639999999999823e-04 1.796230000000000114e-04
7.260940000000000449e-04 5.789150000000000502e-04
6.999730000000000014e-04 9.150350000000000237e-04
5.975460000000000146e-04 1.140860000000000051e-03
4.176839999999999806e-04 1.242360000000000079e-03
1.704560000000000092e-04 1.244909999999999897e-03
-1.245250000000000046e-04 1.203740000000000018e-03
-4.416709999999999798e-04 1.171759999999999989e-03
-7.532430000000000115e-04 1.153699999999999908e-03
-1.032090000000000047e-03 1.106390000000000064e-03
-1.253310000000000101e-03 9.779499999999999998e-04
-1.395479999999999941e-03 7.200660000000000003e-04
-1.441970000000000101e-03 3.061800000000000264e-04
-1.382490000000000108e-03 -2.363739999999999971e-04
-1.215010000000000092e-03 -8.267809999999999569e-04
-9.472449999999999880e-04 -1.360380000000000009e-03
-5.965299999999999552e-04 -1.743200000000000088e-03
-1.877360000000000064e-04 -1.923039999999999992e-03
2.505089999999999964e-04 -1.897950000000000028e-03
6.898479999999999586e-04 -1.705429999999999967e-03
1.105010000000000020e-03 -1.409649999999999922e-03
1.474459999999999920e-03 -1.071069999999999921e-03
1.778899999999999926e-03 -7.276169999999999556e-04
1.998919999999999950e-03 -4.051719999999999757e-04
2.113830000000000136e-03 -1.261140000000000058e-04
2.103059999999999912e-03 9.886399999999999398e-05
1.949999999999999910e-03 2.858919999999999929e-04
1.647089999999999926e-03 4.680530000000000129e-04
1.200689999999999917e-03 6.641340000000000351e-04
6.343870000000000368e-04 8.598670000000000532e-04
-1.056569999999999948e-05 1.007359999999999896e-03
-6.786980000000000400e-04 1.060530000000000066e-03
-1.307650000000000045e-03 1.002690000000000092e-03
-1.837679999999999956e-03 8.160589999999999468e-04
-2.220399999999999978e-03 4.871699999999999859e-04
-2.424850000000000096e-03 5.376529999999999835e-05
-2.440330000000000103e-03 -4.006950000000000117e-04
-2.275650000000000155e-03 -7.603619999999999953e-04
-1.955750000000000023e-03 -9.079510000000000488e-04
-1.516119999999999924e-03 -7.974920000000000142e-04
-9.962519999999999883e-04 -4.719610000000000168e-04
-4.340960000000000261e-04 -2.890679999999999910e-05
1.366539999999999964e-04 4.289890000000000088e-04
6.856199999999999578e-04 8.272950000000000269e-04
1.182689999999999913e-03 1.114760000000000013e-03
1.595559999999999990e-03 1.260510000000000059e-03
1.890060000000000047e-03 1.259179999999999935e-03
2.034160000000000135e-03 1.126599999999999954e-03
2.004829999999999980e-03 8.854880000000000303e-04
1.795759999999999978e-03 5.503409999999999812e-04
1.423329999999999994e-03 1.221069999999999881e-04
9.283499999999999868e-04 -4.115860000000000265e-04
3.723819999999999865e-04 -1.056099999999999921e-03
-1.715890000000000134e-04 -1.764579999999999968e-03
-6.323509999999999635e-04 -2.426479999999999956e-03
-9.541239999999999877e-04 -2.907410000000000029e-03
-1.106559999999999922e-03 -3.084640000000000038e-03
-1.088379999999999903e-03 -2.878390000000000202e-03
-9.243079999999999873e-04 -2.280760000000000166e-03
-6.566189999999999961e-04 -1.369989999999999966e-03
-3.350129999999999992e-04 -2.561919999999999757e-04
-8.326710000000000106e-06 9.475959999999999852e-04
2.804509999999999750e-04 2.082389999999999936e-03
4.964760000000000353e-04 2.996579999999999990e-03
6.134810000000000306e-04 3.582010000000000055e-03
6.138429999999999841e-04 3.776410000000000010e-03
4.896040000000000374e-04 3.582640000000000217e-03
2.448050000000000117e-04 3.049679999999999926e-03
-1.013270000000000007e-04 2.236800000000000160e-03
-5.117540000000000066e-04 1.201129999999999906e-03
-9.315639999999999598e-04 -1.525629999999999994e-05
-1.292369999999999934e-03 -1.347120000000000045e-03
-1.522759999999999956e-03 -2.611479999999999791e-03
-1.563710000000000057e-03 -3.563230000000000130e-03
-1.384060000000000108e-03 -3.990389999999999909e-03
-9.903030000000001033e-04 -3.775820000000000044e-03
-4.270580000000000166e-04 -2.950229999999999866e-03
2.315490000000000018e-04 -1.650339999999999923e-03
8.963320000000000098e-04 -9.517329999999999898e-05
1.479269999999999977e-03 1.420639999999999924e-03
1.907339999999999990e-03 2.639390000000000139e-03
2.130570000000000033e-03 3.409569999999999788e-03
2.124309999999999914e-03 3.639349999999999963e-03
1.888460000000000008e-03 3.299929999999999964e-03
1.446320000000000071e-03 2.402560000000000199e-03
8.441409999999999669e-04 1.010049999999999967e-03
1.497830000000000125e-04 -7.011940000000000360e-04
-5.515010000000000311e-04 -2.505260000000000039e-03
-1.165580000000000045e-03 -4.111100000000000344e-03
-1.603089999999999940e-03 -5.165870000000000357e-03
-1.796319999999999905e-03 -5.378670000000000326e-03
-1.714239999999999904e-03 -4.626070000000000355e-03
-1.370679999999999989e-03 -3.025959999999999848e-03
-8.229269999999999901e-04 -8.825130000000000257e-04
-1.622849999999999954e-04 1.441989999999999982e-03
5.004350000000000291e-04 3.587460000000000215e-03
1.052200000000000097e-03 5.214560000000000028e-03
1.395689999999999995e-03 6.077070000000000388e-03
1.465219999999999934e-03 6.060280000000000354e-03
1.238610000000000015e-03 5.155400000000000087e-03
7.438399999999999526e-04 3.433149999999999830e-03
5.905649999999999946e-05 1.055420000000000056e-03
-6.963790000000000084e-04 -1.660819999999999918e-03
-1.380909999999999950e-03 -4.247980000000000159e-03
-1.857350000000000017e-03 -6.193869999999999758e-03
-2.020919999999999835e-03 -7.073140000000000330e-03
-1.821769999999999900e-03 -6.650569999999999746e-03
-1.276439999999999996e-03 -4.959380000000000212e-03
-4.654750000000000250e-04 -2.324370000000000082e-03
4.815910000000000178e-04 7.443299999999999699e-04
1.409160000000000013e-03 3.689430000000000053e-03
2.161399999999999953e-03 5.977760000000000365e-03
2.607139999999999978e-03 7.190969999999999654e-03
2.660899999999999897e-03 7.104659999999999621e-03
2.297800000000000016e-03 5.682000000000000418e-03
1.561209999999999942e-03 3.073259999999999968e-03
5.610370000000000157e-04 -3.482870000000000215e-04
-5.401509999999999992e-04 -3.966289999999999920e-03
-1.553380000000000039e-03 -7.022519999999999978e-03
-2.297580000000000022e-03 -8.840000000000000635e-03
-2.634220000000000051e-03 -8.990820000000000062e-03
-2.495100000000000096e-03 -7.357090000000000157e-03
-1.898230000000000100e-03 -4.155129999999999935e-03
-9.481900000000000137e-04 4.233630000000000325e-05
1.807690000000000035e-04 4.399899999999999992e-03
1.275709999999999995e-03 8.031639999999999613e-03
2.123889999999999806e-03 1.019590000000000080e-02
2.552270000000000146e-03 1.043499999999999983e-02
2.461609999999999927e-03 8.617190000000000266e-03
1.849549999999999935e-03 4.982119999999999604e-03
8.169479999999999581e-04 1.740230000000000108e-04
-4.460679999999999853e-04 -4.851839999999999625e-03
-1.693599999999999967e-03 -9.010809999999999306e-03
-2.671199999999999877e-03 -1.134690000000000004e-02
-3.167140000000000146e-03 -1.127359999999999994e-02
-3.057110000000000036e-03 -8.703650000000000275e-03
-2.333149999999999981e-03 -4.123230000000000298e-03
-1.109560000000000103e-03 1.461969999999999936e-03
3.954580000000000074e-04 6.821360000000000270e-03
1.898100000000000004e-03 1.080389999999999996e-02
3.100739999999999833e-03 1.253209999999999914e-02
3.749839999999999944e-03 1.153440000000000021e-02
3.690339999999999853e-03 7.890130000000000407e-03
2.903960000000000135e-03 2.316209999999999970e-03
1.521250000000000033e-03 -3.991480000000000375e-03
-1.972610000000000075e-04 -9.629830000000000681e-03
-1.908270000000000105e-03 -1.331079999999999937e-02
-3.253520000000000197e-03 -1.413709999999999967e-02
-3.935870000000000167e-03 -1.176649999999999918e-02
-3.787550000000000205e-03 -6.598419999999999806e-03
-2.813200000000000076e-03 2.332439999999999915e-04
-1.196540000000000060e-03 7.172600000000000330e-03
7.319269999999999466e-04 1.259459999999999920e-02
2.560970000000000087e-03 1.513420000000000043e-02
3.885749999999999881e-03 1.408670000000000061e-02
4.396630000000000330e-03 9.646049999999999763e-03
3.950160000000000303e-03 2.814839999999999877e-03
2.607200000000000056e-03 -4.802909999999999645e-03
6.284539999999999701e-04 -1.137149999999999966e-02
-1.573619999999999967e-03 -1.529510000000000071e-02
-3.518690000000000099e-03 -1.554400000000000052e-02
-4.762830000000000015e-03 -1.192059999999999995e-02
-5.000110000000000318e-03 -5.256509999999999828e-03
-4.136990000000000112e-03 2.786390000000000134e-03
-2.321950000000000142e-03 1.017279999999999920e-02
7.730980000000000306e-05 1.500950000000000027e-02
2.546849999999999808e-03 1.600959999999999883e-02
4.536659999999999651e-03 1.280599999999999968e-02
5.584409999999999721e-03 6.186030000000000348e-03
5.424009999999999942e-03 -2.103279999999999907e-03
4.054249999999999694e-03 -9.885440000000000546e-03
1.750940000000000092e-03 -1.511999999999999976e-02
-9.834789999999999938e-04 -1.643150000000000166e-02
-3.525790000000000000e-03 -1.348569999999999977e-02
-5.271940000000000133e-03 -7.114159999999999581e-03
-5.780999999999999681e-03 9.868430000000000517e-04
-4.889430000000000165e-03 8.670399999999999982e-03
-2.764690000000000203e-03 1.385119999999999928e-02
1.193059999999999992e-04 1.517540000000000035e-02
3.082670000000000028e-03 1.240059999999999947e-02
5.396109999999999969e-03 6.401890000000000358e-03
6.459630000000000059e-03 -1.157169999999999900e-03
5.959879999999999865e-03 -8.215470000000000758e-03
3.962290000000000256e-03 -1.280410000000000055e-02
9.107679999999999509e-04 -1.374930000000000076e-02
-2.468430000000000190e-03 -1.097330000000000007e-02
-5.339250000000000246e-03 -5.398149999999999997e-03
-6.965240000000000146e-03 1.325919999999999963e-03
-6.902789999999999794e-03 7.314819999999999656e-03
-5.126150000000000324e-03 1.099179999999999949e-02
-2.048250000000000157e-03 1.153299999999999985e-02
1.572840000000000045e-03 9.041669999999999915e-03
4.822080000000000290e-03 4.423930000000000397e-03
6.863509999999999750e-03 -9.102099999999999471e-04
7.162209999999999584e-03 -5.496960000000000388e-03
5.631689999999999960e-03 -8.259360000000000313e-03
2.664179999999999934e-03 -8.693259999999999529e-03
-9.688239999999999656e-04 -6.900820000000000218e-03
-4.320540000000000318e-03 -3.567199999999999972e-03
-6.521279999999999959e-03 2.783519999999999940e-04
-7.010210000000000226e-03 3.634919999999999818e-03
-5.683159999999999601e-03 5.762579999999999786e-03
-2.915469999999999867e-03 6.289079999999999844e-03
5.460439999999999782e-04 5.258819999999999988e-03
3.789960000000000204e-03 3.073900000000000070e-03
5.986730000000000003e-03 3.549080000000000247e-04
6.605759999999999584e-03 -2.219319999999999887e-03
5.544490000000000009e-03 -4.065329999999999812e-03
3.137940000000000087e-03 -4.814399999999999930e-03
5.142800000000000295e-05 -4.375579999999999574e-03
-2.908260000000000185e-03 -2.937790000000000019e-03
-5.008030000000000120e-03 -9.115069999999999856e-04
-5.771309999999999982e-03 1.174600000000000036e-03
-5.082660000000000129e-03 2.805329999999999976e-03
-3.193200000000000205e-03 3.609960000000000165e-03
-6.333660000000000071e-04 3.451780000000000213e-03
1.936840000000000003e-03 2.451130000000000149e-03
3.897550000000000060e-03 9.384680000000000279e-04
4.815269999999999967e-03 -6.488660000000000044e-04
4.532679999999999869e-03 -1.894969999999999944e-03
3.186159999999999947e-03 -2.517750000000000023e-03
1.153549999999999931e-03 -2.431029999999999823e-03
-1.049870000000000057e-03 -1.743329999999999966e-03
-2.899039999999999864e-03 -7.038980000000000020e-04
-3.980459999999999901e-03 3.796609999999999959e-04
-4.080349999999999949e-03 1.225200000000000074e-03
-3.222549999999999807e-03 1.644419999999999953e-03
-1.650769999999999972e-03 1.583830000000000047e-03
2.376839999999999964e-04 1.123929999999999981e-03
1.989869999999999920e-03 4.397709999999999879e-04
3.203650000000000161e-03 -2.587630000000000160e-04
3.618580000000000147e-03 -7.880380000000000197e-04
3.171129999999999869e-03 -1.036150000000000005e-03
2.002610000000000154e-03 -9.824600000000001040e-04
4.188630000000000044e-04 -6.894639999999999840e-04
-1.187670000000000045e-03 -2.734799999999999905e-04
-2.434299999999999919e-03 1.348169999999999935e-04
-3.039449999999999964e-03 4.276710000000000190e-04
-2.886919999999999851e-03 5.456680000000000211e-04
-2.047980000000000026e-03 4.863420000000000134e-04
-7.569550000000000193e-04 2.962999999999999922e-04
6.524740000000000010e-04 5.147479999999999715e-05
1.833060000000000071e-03 -1.675640000000000105e-04
2.509760000000000203e-03 -2.981360000000000065e-04
2.543890000000000040e-03 -3.103819999999999973e-04
1.960519999999999884e-03 -2.117879999999999990e-04
9.338610000000000227e-04 -4.144560000000000176e-05
-2.635989999999999948e-04 1.434340000000000094e-04
-1.333519999999999931e-03 2.846640000000000108e-04
-2.026280000000000095e-03 3.393289999999999761e-04
-2.198879999999999845e-03 2.911270000000000199e-04
-1.842899999999999964e-03 1.541670000000000030e-04
-1.077519999999999997e-03 -3.151640000000000203e-05
-1.118689999999999957e-04 -2.114390000000000063e-04
8.118140000000000035e-04 -3.320849999999999757e-04
1.478699999999999893e-03 -3.561729999999999931e-04
1.750699999999999999e-03 -2.736249999999999967e-04
1.593440000000000004e-03 -1.051199999999999964e-04
1.076399999999999926e-03 1.029579999999999992e-04
3.483469999999999904e-04 2.910170000000000226e-04
-4.038630000000000193e-04 4.029160000000000163e-04
-1.002110000000000067e-03 4.021590000000000234e-04
-1.317929999999999926e-03 2.829970000000000012e-04
-1.298480000000000077e-03 7.309980000000000102e-05
-9.730010000000000308e-04 -1.732140000000000123e-04
-4.397000000000000084e-04 -3.894750000000000208e-04
1.621570000000000129e-04 -5.153440000000000451e-04
