-2.012170000000000011e-08 9.622900000000000227e-07
-1.393920000000000083e-07 3.937849999999999914e-06
-4.808709999999999654e-07 8.328279999999999822e-06
-1.193370000000000104e-06 1.627760000000000150e-05
-2.627459999999999997e-06 3.604290000000000011e-05
-5.699210000000000276e-06 7.981710000000000530e-05
-1.204759999999999964e-05 1.547409999999999877e-04
-2.341669999999999893e-05 2.496350000000000045e-04
-4.026240000000000266e-05 3.367970000000000078e-04
-6.036130000000000092e-05 3.757769999999999904e-04
-7.827819999999999874e-05 3.204680000000000224e-04
-8.651130000000000636e-05 1.489089999999999934e-04
-7.862620000000000286e-05 -1.168290000000000024e-04
-5.296990000000000254e-05 -4.208600000000000058e-04
-1.428719999999999934e-05 -6.999289999999999592e-04
2.852189999999999877e-05 -9.072159999999999686e-04
6.769780000000000090e-05 -1.023779999999999959e-03
1.018869999999999954e-04 -1.056089999999999980e-03
1.377829999999999919e-04 -1.017969999999999986e-03
1.861630000000000131e-04 -9.059030000000000034e-04
2.538330000000000209e-04 -7.021729999999999465e-04
3.365090000000000268e-04 -4.076400000000000206e-04
4.175399999999999901e-04 -5.195270000000000150e-05
4.732229999999999922e-04 3.230029999999999837e-04
4.815730000000000054e-04 6.700280000000000298e-04
4.302900000000000019e-04 9.389150000000000187e-04
3.204220000000000028e-04 1.096460000000000056e-03
1.642159999999999876e-04 1.144400000000000061e-03
-2.128409999999999837e-05 1.117809999999999897e-03
-2.209360000000000002e-04 1.070049999999999907e-03
-4.244739999999999885e-04 1.040560000000000053e-03
-6.237470000000000167e-04 1.016020000000000074e-03
-8.062909999999999956e-04 9.412140000000000046e-04
-9.509940000000000363e-04 7.661229999999999559e-04
-1.030419999999999990e-03 4.583629999999999888e-04
-1.019350000000000030e-03 1.405699999999999941e-05
-9.053929999999999964e-04 -5.209249999999999905e-04
-6.964329999999999913e-04 -1.060430000000000010e-03
-4.202529999999999894e-04 -1.510169999999999915e-03
-1.155419999999999993e-04 -1.796899999999999930e-03
1.819029999999999963e-04 -1.889210000000000108e-03
4.509800000000000223e-04 -1.796620000000000075e-03
6.889949999999999720e-04 -1.555280000000000031e-03
9.055060000000000409e-04 -1.219079999999999990e-03
1.109689999999999982e-03 -8.378430000000000079e-04
1.297779999999999897e-03 -4.465270000000000025e-04
1.447410000000000103e-03 -7.855969999999999934e-05
1.522480000000000101e-03 2.301539999999999923e-04
1.486249999999999941e-03 4.581090000000000010e-04
1.315409999999999930e-03 6.202280000000000119e-04
1.008779999999999920e-03 7.584479999999999998e-04
5.879680000000000193e-04 9.047919999999999661e-04
9.230179999999999776e-05 1.055120000000000103e-03
-4.286030000000000026e-04 1.163949999999999967e-03
-9.224599999999999467e-04 1.180099999999999899e-03
-1.341659999999999945e-03 1.077959999999999986e-03
-1.649139999999999894e-03 8.322720000000000031e-04
-1.821289999999999932e-03 4.287569999999999880e-04
-1.848730000000000035e-03 -8.686299999999999826e-05
-1.736700000000000093e-03 -6.175310000000000478e-04
-1.504469999999999939e-03 -1.034909999999999997e-03
-1.182619999999999895e-03 -1.216910000000000084e-03
-8.066899999999999895e-04 -1.122469999999999978e-03
-4.079700000000000123e-04 -8.048110000000000029e-04
-6.008349999999999826e-06 -3.695319999999999985e-04
3.915829999999999810e-04 7.986349999999999862e-05
7.807759999999999527e-04 4.744940000000000008e-04
1.149180000000000080e-03 7.699840000000000330e-04
1.468520000000000068e-03 9.390299999999999862e-04
1.696629999999999970e-03 9.756009999999999856e-04
1.788859999999999973e-03 8.932610000000000116e-04
1.713700000000000076e-03 7.145440000000000081e-04
1.466099999999999912e-03 4.576940000000000262e-04
1.072990000000000011e-03 1.297980000000000065e-04
5.889530000000000242e-04 -2.772420000000000266e-04
8.395799999999999813e-05 -7.709630000000000519e-04
-3.730730000000000244e-04 -1.316040000000000092e-03
-7.299490000000000275e-04 -1.822840000000000051e-03
-9.607640000000000190e-04 -2.183420000000000152e-03
-1.065909999999999991e-03 -2.299610000000000109e-03
-1.063860000000000023e-03 -2.105950000000000096e-03
-9.795200000000000001e-04 -1.593360000000000045e-03
-8.345349999999999643e-04 -8.235099999999999539e-04
-6.440270000000000326e-04 1.191780000000000031e-04
-4.209799999999999979e-04 1.145940000000000023e-03
-1.830850000000000131e-04 2.112010000000000103e-03
4.428280000000000231e-05 2.868569999999999974e-03
2.306119999999999936e-04 3.304010000000000020e-03
3.469580000000000212e-04 3.354349999999999866e-03
3.737309999999999764e-04 3.028289999999999888e-03
3.063419999999999750e-04 2.388799999999999951e-03
1.575679999999999930e-04 1.512820000000000007e-03
-4.309840000000000058e-05 4.726309999999999951e-04
-2.527680000000000031e-04 -6.821839999999999588e-04
-4.214280000000000044e-04 -1.888780000000000060e-03
-5.030990000000000158e-04 -2.978080000000000137e-03
-4.702470000000000261e-04 -3.731749999999999824e-03
-3.236410000000000003e-04 -3.974789999999999747e-03
-9.117889999999999535e-05 -3.627889999999999934e-03
1.841959999999999962e-04 -2.746870000000000214e-03
4.603230000000000039e-04 -1.469889999999999955e-03
7.062270000000000266e-04 7.693899999999999299e-06
9.035469999999999873e-04 1.431250000000000014e-03
1.040380000000000037e-03 2.584490000000000051e-03
1.101549999999999968e-03 3.343099999999999891e-03
1.063420000000000034e-03 3.619589999999999787e-03
8.998250000000000389e-04 3.370119999999999887e-03
5.976570000000000276e-04 2.584640000000000028e-03
1.736999999999999937e-04 1.312659999999999999e-03
-3.189019999999999767e-04 -2.694099999999999837e-04
-7.999549999999999803e-04 -1.929369999999999913e-03
-1.183470000000000051e-03 -3.377699999999999973e-03
-1.403050000000000087e-03 -4.283999999999999614e-03
-1.430609999999999911e-03 -4.403719999999999857e-03
-1.278990000000000031e-03 -3.670629999999999813e-03
-9.880340000000000476e-04 -2.245109999999999814e-03
-6.040870000000000050e-04 -4.339289999999999987e-04
-1.673930000000000014e-04 1.447029999999999974e-03
2.853110000000000064e-04 3.119180000000000043e-03
7.098929999999999607e-04 4.331380000000000126e-03
1.048239999999999979e-03 4.904419999999999613e-03
1.234349999999999944e-03 4.754200000000000093e-03
1.213969999999999980e-03 3.867919999999999952e-03
9.705210000000000139e-04 2.292619999999999988e-03
5.440500000000000240e-04 1.642950000000000118e-04
2.950609999999999859e-05 -2.220629999999999913e-03
-4.498850000000000201e-04 -4.417149999999999896e-03
-7.832019999999999867e-04 -5.952419999999999933e-03
-9.063699999999999838e-04 -6.464430000000000176e-03
-8.151270000000000173e-04 -5.794989999999999863e-03
-5.536539999999999951e-04 -4.042150000000000430e-03
-1.883510000000000132e-04 -1.553630000000000072e-03
2.167930000000000096e-04 1.196470000000000042e-03
6.095410000000000108e-04 3.738410000000000170e-03
9.430200000000000344e-04 5.648900000000000102e-03
1.165419999999999911e-03 6.605520000000000141e-03
1.218839999999999897e-03 6.439359999999999876e-03
1.053869999999999937e-03 5.121520000000000065e-03
6.558319999999999645e-04 2.774480000000000175e-03
6.767190000000000510e-05 -2.728750000000000056e-04
-6.079069999999999786e-04 -3.453830000000000181e-03
-1.233369999999999909e-03 -6.067440000000000333e-03
-1.676760000000000013e-03 -7.509159999999999967e-03
-1.847490000000000026e-03 -7.436710000000000022e-03
-1.714250000000000062e-03 -5.813249999999999841e-03
-1.304049999999999957e-03 -2.904209999999999951e-03
-6.882480000000000282e-04 7.261589999999999842e-04
3.658410000000000096e-05 4.320459999999999925e-03
7.644200000000000300e-04 7.130300000000000006e-03
1.388450000000000057e-03 8.578679999999999986e-03
1.806990000000000072e-03 8.356529999999999167e-03
1.935279999999999943e-03 6.426409999999999588e-03
1.726639999999999989e-03 3.050349999999999850e-03
1.195099999999999938e-03 -1.176329999999999954e-03
4.256999999999999933e-04 -5.404520000000000331e-03
-4.363300000000000186e-04 -8.694020000000000220e-03
-1.216089999999999966e-03 -1.025009999999999984e-02
-1.748970000000000082e-03 -9.639139999999999167e-03
-1.917840000000000083e-03 -6.889410000000000325e-03
-1.678040000000000000e-03 -2.537450000000000122e-03
-1.064770000000000039e-03 2.446830000000000099e-03
-1.855799999999999952e-04 6.957979999999999894e-03
7.951679999999999599e-04 1.003659999999999969e-02
1.678559999999999948e-03 1.101880000000000047e-02
2.264589999999999919e-03 9.617139999999999717e-03
2.396000000000000126e-03 6.023999999999999841e-03
2.000920000000000216e-03 9.726659999999999603e-04
1.119379999999999898e-03 -4.427809999999999906e-03
-9.498990000000000341e-05 -8.950899999999999482e-03
-1.400109999999999983e-03 -1.154160000000000082e-02
-2.513660000000000026e-03 -1.154540000000000080e-02
-3.176060000000000081e-03 -8.821070000000000300e-03
-3.213259999999999901e-03 -3.882399999999999827e-03
-2.580129999999999924e-03 2.142370000000000212e-03
-1.374360000000000035e-03 7.834129999999999913e-03
1.792010000000000076e-04 1.181630000000000007e-02
1.770550000000000075e-03 1.303400000000000045e-02
3.065589999999999982e-03 1.108439999999999946e-02
3.773410000000000045e-03 6.379319999999999956e-03
3.708770000000000122e-03 -4.683049999999999996e-06
2.840379999999999988e-03 -6.557989999999999653e-03
1.313109999999999928e-03 -1.168869999999999978e-02
-5.657979999999999520e-04 -1.413640000000000035e-02
-2.381589999999999836e-03 -1.321740000000000068e-02
-3.702959999999999932e-03 -9.011879999999999891e-03
-4.187250000000000000e-03 -2.495289999999999835e-03
-3.669930000000000067e-03 4.696670000000000011e-03
-2.215869999999999992e-03 1.072530000000000011e-02
-1.195449999999999947e-04 1.402310000000000015e-02
2.149680000000000167e-03 1.368330000000000067e-02
4.049989999999999840e-03 9.683390000000000053e-03
5.094419999999999678e-03 3.033070000000000124e-03
4.971169999999999582e-03 -4.481749999999999623e-03
3.630340000000000129e-03 -1.084850000000000050e-02
1.316909999999999912e-03 -1.435769999999999928e-02
-1.464400000000000033e-03 -1.405039999999999935e-02
-4.053130000000000274e-03 -9.988900000000000209e-03
-5.787510000000000050e-03 -3.279049999999999934e-03
-6.175800000000000387e-03 4.298869999999999775e-03
-5.040539999999999604e-03 1.072359999999999980e-02
-2.589530000000000044e-03 1.421260000000000058e-02
6.135949999999999824e-04 1.381749999999999992e-02
3.776209999999999897e-03 9.704799999999999538e-03
6.073330000000000048e-03 3.060559999999999930e-03
6.868159999999999890e-03 -4.313250000000000244e-03
5.896460000000000069e-03 -1.041979999999999990e-02
3.355630000000000071e-03 -1.354110000000000036e-02
-1.307880000000000088e-04 -1.288109999999999949e-02
-3.663850000000000180e-03 -8.772310000000000177e-03
-6.300069999999999629e-03 -2.475479999999999955e-03
-7.305380000000000207e-03 4.179070000000000007e-03
-6.362999999999999733e-03 9.330120000000000774e-03
-3.674750000000000065e-03 1.161940000000000021e-02
7.682160000000000323e-05 1.057950000000000036e-02
3.900960000000000191e-03 6.715080000000000007e-03
6.763639999999999583e-03 1.276650000000000050e-03
7.873669999999999281e-03 -4.122920000000000404e-03
6.908159999999999995e-03 -8.005780000000000535e-03
4.111069999999999655e-03 -9.468799999999999439e-03
2.319730000000000099e-04 -8.323489999999999361e-03
-3.682829999999999784e-03 -5.053229999999999701e-03
-6.585610000000000422e-03 -6.996920000000000223e-04
-7.719039999999999929e-03 3.463219999999999927e-03
-6.820409999999999841e-03 6.364999999999999998e-03
-4.182919999999999694e-03 7.391690000000000239e-03
-5.596820000000000397e-04 6.463520000000000376e-03
3.057869999999999859e-03 4.010729999999999677e-03
5.718589999999999958e-03 8.131430000000000038e-04
6.765710000000000300e-03 -2.242740000000000011e-03
5.997459999999999597e-03 -4.400170000000000123e-03
3.696360000000000097e-03 -5.210440000000000210e-03
5.285749999999999867e-04 -4.614809999999999572e-03
-2.650280000000000084e-03 -2.917129999999999983e-03
-5.025080000000000345e-03 -6.688780000000000290e-04
-6.025449999999999903e-03 1.496329999999999926e-03
-5.455169999999999637e-03 3.029550000000000212e-03
-3.520370000000000096e-03 3.597899999999999796e-03
-7.574819999999999687e-04 3.152959999999999791e-03
2.115099999999999966e-03 1.916940000000000007e-03
4.381570000000000430e-03 2.966259999999999752e-04
5.504140000000000248e-03 -1.243380000000000093e-03
5.248260000000000251e-03 -2.310829999999999829e-03
3.729479999999999861e-03 -2.684150000000000164e-03
1.372820000000000073e-03 -2.352719999999999985e-03
-1.203639999999999962e-03 -1.492070000000000072e-03
-3.350650000000000156e-03 -3.897249999999999998e-04
-4.553480000000000374e-03 6.474049999999999857e-04
-4.558360000000000016e-03 1.373569999999999956e-03
-3.427130000000000020e-03 1.653409999999999906e-03
-1.507290000000000105e-03 1.478989999999999905e-03
6.713290000000000229e-04 9.597050000000000415e-04
2.542309999999999882e-03 2.833949999999999794e-04
3.649680000000000198e-03 -3.418040000000000227e-04
3.757439999999999912e-03 -7.459650000000000178e-04
2.895599999999999910e-03 -8.410790000000000020e-04
1.335690000000000054e-03 -6.386360000000000431e-04
-4.927689999999999978e-04 -2.374149999999999893e-04
-2.119219999999999784e-03 2.134229999999999927e-04
-3.150880000000000000e-03 5.635809999999999561e-04
-3.364289999999999815e-03 7.075449999999999622e-04
-2.749539999999999970e-03 6.132989999999999839e-04
-1.499799999999999918e-03 3.261730000000000228e-04
4.774010000000000054e-05 -5.153169999999999995e-05
1.502319999999999914e-03 -3.968870000000000102e-04
2.518100000000000113e-03 -6.060840000000000064e-04
2.876319999999999918e-03 -6.250509999999999487e-04
2.531840000000000045e-03 -4.624019999999999953e-04
1.614409999999999934e-03 -1.823539999999999959e-04
3.864140000000000174e-04 1.185400000000000001e-04
-8.301619999999999572e-04 3.426400000000000127e-04
-1.737550000000000032e-03 4.207489999999999928e-04
-2.134950000000000042e-03 3.316109999999999934e-04
-1.962310000000000096e-03 1.065239999999999986e-04
-1.305839999999999952e-03 -1.813790000000000129e-04
-3.662089999999999898e-04 -4.395010000000000193e-04
5.997020000000000258e-04 -5.831739999999999971e-04
1.346989999999999950e-03 -5.603999999999999607e-04
1.702750000000000053e-03 -3.671020000000000099e-04
1.603650000000000084e-03 -4.875639999999999960e-05
1.103379999999999942e-03 3.120260000000000243e-04
3.506949999999999889e-04 6.184920000000000001e-04
-4.541850000000000162e-04 7.868610000000000274e-04
-1.112410000000000091e-03 7.699129999999999993e-04
-1.474870000000000087e-03 5.703509999999999743e-04
-1.474789999999999912e-03 2.401770000000000012e-04
-1.137790000000000069e-03 -1.337130000000000122e-04
-5.686690000000000538e-04 -4.535310000000000188e-04
8.002110000000000538e-05 -6.373610000000000256e-04
6.487900000000000004e-04 -6.411770000000000446e-04
1.010569999999999915e-03 -4.701080000000000059e-04
