-1.859100000000000084e-08 9.648739999999999882e-07
-1.297139999999999927e-07 3.955300000000000061e-06
-4.519739999999999945e-07 8.386310000000000349e-06
-1.134679999999999993e-06 1.641579999999999960e-05
-2.521639999999999967e-06 3.633740000000000212e-05
-5.495040000000000162e-06 8.044759999999999867e-05
-1.164739999999999965e-05 1.560649999999999906e-04
-2.274929999999999918e-05 2.521649999999999955e-04
-3.947020000000000031e-05 3.410040000000000033e-04
-6.001290000000000270e-05 3.817569999999999839e-04
-7.944120000000000098e-05 3.276250000000000082e-04
-9.051650000000000657e-05 1.558639999999999971e-04
-8.645789999999999769e-05 -1.119160000000000039e-04
-6.447719999999999992e-05 -4.195949999999999832e-04
-2.767239999999999953e-05 -7.030050000000000361e-04
1.648669999999999921e-05 -9.142129999999999831e-04
6.064369999999999673e-05 -1.033660000000000048e-03
1.024489999999999944e-04 -1.068099999999999996e-03
1.465910000000000065e-04 -1.032359999999999962e-03
2.018629999999999882e-04 -9.237860000000000082e-04
2.741840000000000162e-04 -7.245119999999999642e-04
3.598370000000000041e-04 -4.339030000000000230e-04
4.435190000000000204e-04 -7.949909999999999919e-05
5.024069999999999621e-04 2.982460000000000037e-04
5.139679999999999553e-04 6.519330000000000480e-04
4.639509999999999901e-04 9.295020000000000192e-04
3.510580000000000124e-04 1.095220000000000048e-03
1.862470000000000076e-04 1.149030000000000103e-03
-1.264980000000000042e-05 1.126059999999999908e-03
-2.277190000000000063e-04 1.081520000000000094e-03
-4.452030000000000267e-04 1.057449999999999926e-03
-6.545560000000000397e-04 1.042050000000000094e-03
-8.432949999999999821e-04 9.791760000000000047e-04
-9.925199999999999908e-04 8.154640000000000109e-04
-1.077580000000000074e-03 5.143090000000000118e-04
-1.074440000000000074e-03 6.890529999999999908e-05
-9.690239999999999704e-04 -4.749940000000000130e-04
-7.650069999999999483e-04 -1.028519999999999998e-03
-4.854099999999999756e-04 -1.493360000000000000e-03
-1.661859999999999976e-04 -1.793050000000000026e-03
1.558350000000000013e-04 -1.895460000000000070e-03
4.548590000000000033e-04 -1.811890000000000028e-03
7.218279999999999879e-04 -1.581230000000000092e-03
9.610520000000000000e-04 -1.258959999999999940e-03
1.179670000000000067e-03 -8.937599999999999538e-04
1.375359999999999951e-03 -5.169089999999999666e-04
1.529100000000000034e-03 -1.572929999999999999e-04
1.607549999999999908e-03 1.521070000000000126e-04
1.574059999999999956e-03 3.894120000000000047e-04
1.402809999999999994e-03 5.660609999999999730e-04
1.089040000000000103e-03 7.194389999999999943e-04
6.522360000000000484e-04 8.785439999999999829e-04
1.324820000000000099e-04 1.039219999999999988e-03
-4.171819999999999912e-04 1.158469999999999986e-03
-9.400749999999999601e-04 1.188059999999999897e-03
-1.385139999999999982e-03 1.103620000000000035e-03
-1.713859999999999993e-03 8.782980000000000127e-04
-1.902950000000000041e-03 4.938600000000000455e-04
-1.943889999999999984e-03 -8.675349999999999872e-06
-1.841790000000000050e-03 -5.354620000000000039e-04
-1.613969999999999945e-03 -9.583830000000000430e-04
-1.287949999999999946e-03 -1.152540000000000075e-03
-8.968020000000000375e-04 -1.072599999999999942e-03
-4.720379999999999823e-04 -7.683149999999999919e-04
-3.700530000000000296e-05 -3.443270000000000120e-04
3.943500000000000174e-04 9.441220000000000384e-05
8.117550000000000503e-04 4.769279999999999982e-04
1.199320000000000030e-03 7.582030000000000453e-04
1.529060000000000055e-03 9.126600000000000337e-04
1.761919999999999936e-03 9.374919999999999478e-04
1.856639999999999896e-03 8.490089999999999616e-04
1.783239999999999955e-03 6.702849999999999564e-04
1.535539999999999952e-03 4.175049999999999812e-04
1.137680000000000071e-03 9.425009999999999400e-05
6.418780000000000232e-04 -3.105849999999999952e-04
1.180350000000000041e-04 -8.054860000000000058e-04
-3.619979999999999856e-04 -1.353650000000000079e-03
-7.409540000000000484e-04 -1.862410000000000107e-03
-9.876209999999999416e-04 -2.220890000000000104e-03
-1.098989999999999993e-03 -2.329729999999999909e-03
-1.093350000000000094e-03 -2.124730000000000021e-03
-9.984980000000000071e-04 -1.599960000000000097e-03
-8.406340000000000427e-04 -8.206059999999999830e-04
-6.390770000000000478e-04 1.269320000000000105e-04
-4.090249999999999810e-04 1.154580000000000103e-03
-1.680650000000000113e-04 2.120690000000000162e-03
5.974600000000000022e-05 2.880230000000000117e-03
2.447869999999999994e-04 3.323819999999999900e-03
3.575590000000000235e-04 3.386820000000000021e-03
3.767549999999999935e-04 3.074710000000000030e-03
2.962530000000000111e-04 2.446359999999999854e-03
1.289890000000000079e-04 1.575699999999999974e-03
-9.308260000000000221e-05 5.341929999999999725e-04
-3.229300000000000269e-04 -6.275169999999999620e-04
-5.061599999999999650e-04 -1.844869999999999973e-03
-5.933919999999999863e-04 -2.947369999999999938e-03
-5.550900000000000539e-04 -3.715650000000000029e-03
-3.914270000000000184e-04 -3.973520000000000350e-03
-1.312700000000000086e-04 -3.640340000000000156e-03
1.795350000000000082e-04 -2.770879999999999871e-03
4.939470000000000059e-04 -1.503109999999999993e-03
7.749960000000000182e-04 -3.297319999999999798e-05
9.987710000000000771e-04 1.384189999999999986e-03
1.149880000000000043e-03 2.532089999999999862e-03
1.212680000000000051e-03 3.287589999999999957e-03
1.165800000000000039e-03 3.565190000000000199e-03
9.864389999999999790e-04 3.322499999999999933e-03
6.640430000000000117e-04 2.548799999999999937e-03
2.161370000000000077e-04 1.290240000000000007e-03
-3.044079999999999898e-04 -2.815030000000000050e-04
-8.166249999999999681e-04 -1.937839999999999918e-03
-1.230980000000000008e-03 -3.389370000000000056e-03
-1.474679999999999915e-03 -4.301789999999999781e-03
-1.512509999999999896e-03 -4.424090000000000314e-03
-1.352949999999999899e-03 -3.684440000000000198e-03
-1.037530000000000049e-03 -2.241949999999999932e-03
-6.207440000000000050e-04 -4.076980000000000122e-04
-1.545849999999999980e-04 1.494429999999999934e-03
3.142649999999999871e-04 3.178740000000000211e-03
7.380579999999999866e-04 4.391929999999999619e-03
1.062439999999999999e-03 4.958419999999999842e-03
1.229660000000000041e-03 4.800869999999999617e-03
1.193159999999999967e-03 3.911719999999999607e-03
9.394569999999999874e-04 2.338059999999999878e-03
5.062380000000000005e-04 2.103410000000000110e-04
-1.623890000000000134e-05 -2.182869999999999949e-03
-5.067920000000000497e-04 -4.401139999999999566e-03
-8.504419999999999731e-04 -5.968829999999999622e-03
-9.738719999999999755e-04 -6.514050000000000396e-03
-8.635760000000000138e-04 -5.866510000000000127e-03
-5.609430000000000536e-04 -4.116520000000000248e-03
-1.397220000000000016e-04 -1.612930000000000049e-03
3.203689999999999815e-04 1.160690000000000029e-03
7.496990000000000468e-04 3.722270000000000179e-03
1.090400000000000050e-03 5.640300000000000001e-03
1.290799999999999934e-03 6.592559999999999913e-03
1.303230000000000057e-03 6.417589999999999927e-03
1.092529999999999977e-03 5.095780000000000275e-03
6.550469999999999644e-04 2.754180000000000170e-03
3.736050000000000254e-05 -2.815499999999999860e-04
-6.603709999999999832e-04 -3.453429999999999955e-03
-1.304030000000000076e-03 -6.068160000000000394e-03
-1.760880000000000041e-03 -7.521650000000000384e-03
-1.934500000000000022e-03 -7.463649999999999625e-03
-1.786709999999999948e-03 -5.845389999999999787e-03
-1.342590000000000059e-03 -2.923450000000000180e-03
-6.803859999999999466e-04 7.382159999999999807e-04
8.861600000000000672e-05 4.373140000000000187e-03
8.415849999999999460e-04 7.218689999999999829e-03
1.460609999999999990e-03 8.685450000000000809e-03
1.844149999999999913e-03 8.459440000000000362e-03
1.919010000000000073e-03 6.507119999999999918e-03
1.656219999999999914e-03 3.099530000000000080e-03
1.086149999999999919e-03 -1.159459999999999961e-03
3.031670000000000198e-04 -5.416360000000000272e-03
-5.464590000000000072e-04 -8.730639999999999581e-03
-1.292680000000000044e-03 -1.030810000000000060e-02
-1.778010000000000007e-03 -9.713499999999999912e-03
-1.892409999999999969e-03 -6.970480000000000252e-03
-1.598189999999999984e-03 -2.610480000000000092e-03
-9.386379999999999941e-04 2.398139999999999994e-03
-3.074390000000000223e-05 6.945060000000000296e-03
9.523869999999999602e-04 1.006040000000000059e-02
1.807749999999999895e-03 1.106829999999999967e-02
2.339030000000000189e-03 9.672659999999999592e-03
2.400680000000000088e-03 6.063889999999999732e-03
1.937539999999999965e-03 9.796250000000000270e-04
1.006530000000000055e-03 -4.461900000000000414e-03
-2.265900000000000108e-04 -9.023019999999999652e-03
-1.515749999999999953e-03 -1.163860000000000068e-02
-2.583690000000000032e-03 -1.164710000000000051e-02
-3.183220000000000060e-03 -8.904520000000000837e-03
-3.156459999999999821e-03 -3.926110000000000017e-03
-2.474549999999999840e-03 2.153969999999999843e-03
-1.248200000000000091e-03 7.906510000000000274e-03
2.906229999999999990e-04 1.194190000000000008e-02
1.832709999999999981e-03 1.319189999999999946e-02
3.053390000000000010e-03 1.124409999999999993e-02
3.678739999999999788e-03 6.506979999999999882e-03
3.544770000000000039e-03 6.320970000000000570e-05
2.640350000000000075e-03 -6.564069999999999974e-03
1.123220000000000078e-03 -1.176519999999999996e-02
-6.984650000000000017e-04 -1.426320000000000018e-02
-2.422160000000000025e-03 -1.336320000000000043e-02
-3.638740000000000117e-03 -9.141510000000000261e-03
-4.031429999999999909e-03 -2.578190000000000169e-03
-3.458479999999999888e-03 4.679950000000000429e-03
-1.998639999999999878e-03 1.077810000000000053e-02
5.207590000000000060e-05 1.413090000000000006e-02
2.235679999999999872e-03 1.381620000000000070e-02
4.032120000000000148e-03 9.801920000000000424e-03
4.981450000000000114e-03 3.098140000000000095e-03
4.797759999999999872e-03 -4.498379999999999740e-03
3.449269999999999940e-03 -1.095490000000000005e-02
1.185520000000000020e-03 -1.453770000000000062e-02
-1.500449999999999961e-03 -1.426630000000000086e-02
-3.974270000000000233e-03 -1.019089999999999926e-02
-5.608000000000000138e-03 -3.418480000000000216e-03
-5.941459999999999970e-03 4.256450000000000164e-03
-4.816339999999999684e-03 1.078980000000000043e-02
-2.440669999999999819e-03 1.437350000000000086e-02
6.410810000000000510e-04 1.403700000000000087e-02
3.669319999999999787e-03 9.933390000000000275e-03
5.856309999999999988e-03 3.246800000000000207e-03
6.595629999999999896e-03 -4.210590000000000166e-03
5.637569999999999734e-03 -1.042230000000000066e-02
3.174409999999999905e-03 -1.364510000000000028e-02
-1.927789999999999918e-04 -1.305779999999999962e-02
-3.598230000000000005e-03 -8.973449999999999135e-03
-6.133109999999999777e-03 -2.644969999999999960e-03
-7.090039999999999711e-03 4.090319999999999720e-03
-6.163519999999999589e-03 9.350539999999999199e-03
-3.548219999999999933e-03 1.174820000000000031e-02
9.686799999999999480e-05 1.078570000000000050e-02
3.814080000000000074e-03 6.945230000000000153e-03
6.602120000000000384e-03 1.468839999999999903e-03
7.692110000000000267e-03 -4.022799999999999987e-03
6.766180000000000111e-03 -8.029829999999999954e-03
4.054679999999999743e-03 -9.618609999999999660e-03
2.796340000000000132e-04 -8.569469999999999171e-03
-3.544540000000000104e-03 -5.341140000000000297e-03
-6.395869999999999680e-03 -9.629470000000000217e-04
-7.529140000000000138e-03 3.287800000000000011e-03
-6.677869999999999813e-03 6.321089999999999695e-03
-4.118590000000000098e-03 7.491160000000000180e-03
-5.813259999999999565e-04 6.681580000000000331e-03
2.964619999999999842e-03 4.290630000000000138e-03
5.583489999999999981e-03 1.080199999999999910e-03
6.624500000000000180e-03 -2.060799999999999785e-03
5.882740000000000018e-03 -4.352360000000000430e-03
3.630720000000000041e-03 -5.307420000000000193e-03
5.207389999999999892e-04 -4.824919999999999903e-03
-2.606269999999999941e-03 -3.175340000000000020e-03
-4.948000000000000141e-03 -8.962339999999999847e-04
-5.942450000000000163e-03 1.368960000000000012e-03
-5.395099999999999896e-03 3.041009999999999807e-03
-3.506019999999999883e-03 3.746070000000000216e-03
-7.984080000000000170e-04 3.396839999999999929e-03
2.026570000000000107e-03 2.190220000000000101e-03
4.269349999999999881e-03 5.276560000000000451e-04
5.401849999999999707e-03 -1.111709999999999912e-03
5.188690000000000142e-03 -2.307109999999999803e-03
3.733479999999999958e-03 -2.803560000000000080e-03
1.441790000000000085e-03 -2.561320000000000176e-03
-1.088659999999999975e-03 -1.737650000000000089e-03
-3.222640000000000140e-03 -6.154900000000000041e-04
-4.448060000000000208e-03 4.897709999999999564e-04
-4.501630000000000388e-03 1.314049999999999984e-03
-3.427390000000000211e-03 1.698230000000000009e-03
-1.553590000000000092e-03 1.610080000000000061e-03
6.036769999999999463e-04 1.138970000000000000e-03
2.481899999999999992e-03 4.614640000000000256e-04
3.618909999999999922e-03 -2.137130000000000052e-04
3.765860000000000214e-03 -7.034100000000000161e-04
2.938510000000000080e-03 -8.963219999999999608e-04
1.397510000000000028e-03 -7.764230000000000437e-04
-4.324609999999999782e-04 -4.185549999999999796e-04
-2.079389999999999971e-03 4.115329999999999780e-05
-3.144420000000000201e-03 4.502870000000000071e-04
-3.395710000000000135e-03 6.865750000000000325e-04
-2.814650000000000138e-03 6.918440000000000527e-04
-1.586930000000000068e-03 4.840099999999999958e-04
-4.460340000000000057e-05 1.449119999999999976e-04
1.423449999999999932e-03 -2.105040000000000025e-04
2.469180000000000073e-03 -4.726700000000000129e-04
2.867339999999999906e-03 -5.709559999999999592e-04
2.563039999999999936e-03 -4.922900000000000453e-04
1.675400000000000066e-03 -2.803510000000000268e-04
4.584759999999999790e-04 -1.730180000000000094e-05
-7.687850000000000196e-04 2.048169999999999874e-04
-1.704889999999999921e-03 3.134710000000000079e-04
-2.139380000000000188e-03 2.769320000000000245e-04
-1.999649999999999952e-03 1.118639999999999983e-04
-1.360639999999999983e-03 -1.239599999999999990e-04
-4.168539999999999767e-04 -3.506760000000000150e-04
5.738769999999999809e-04 -4.909610000000000449e-04
1.359060000000000042e-03 -4.930649999999999963e-04
1.754260000000000107e-03 -3.459040000000000140e-04
1.684390000000000019e-03 -8.232619999999999793e-05
1.194769999999999947e-03 2.300810000000000084e-04
4.312939999999999808e-04 5.079130000000000277e-04
-4.028169999999999754e-04 6.753119999999999609e-04
-1.101170000000000057e-03 6.853140000000000186e-04
-1.504920000000000086e-03 5.332439999999999923e-04
-1.537860000000000052e-03 2.583959999999999838e-04
-1.218660000000000099e-03 -6.654360000000000440e-05
-6.490579999999999917e-04 -3.554289999999999880e-04
1.711439999999999999e-05 -5.323720000000000318e-04
6.151519999999999948e-04 -5.525999999999999879e-04
1.010089999999999946e-03 -4.145980000000000173e-04
