-1.811869999999999865e-08 9.656270000000000214e-07
-1.266979999999999874e-07 3.960390000000000379e-06
-4.428259999999999976e-07 8.403299999999999656e-06
-1.115669999999999984e-06 1.645630000000000031e-05
-2.486630000000000026e-06 3.642390000000000205e-05
-5.426879999999999954e-06 8.063270000000000474e-05
-1.151320000000000015e-05 1.564530000000000011e-04
-2.252170000000000157e-05 2.529070000000000233e-04
-3.918400000000000295e-05 3.422389999999999872e-04
-5.983429999999999733e-05 3.835150000000000169e-04
-7.969859999999999618e-05 3.297279999999999981e-04
-9.163919999999999499e-05 1.579019999999999935e-04
-8.879489999999999920e-05 -1.104890000000000055e-04
-6.804670000000000022e-05 -4.192530000000000193e-04
-3.197889999999999972e-05 -7.039340000000000267e-04
1.242280000000000073e-05 -9.162460000000000092e-04
5.799730000000000120e-05 -1.036430000000000077e-03
1.021560000000000024e-04 -1.071340000000000053e-03
1.489969999999999966e-04 -1.036129999999999907e-03
2.066579999999999990e-04 -9.285069999999999652e-04
2.806849999999999731e-04 -7.306469999999999588e-04
3.674300000000000244e-04 -4.415140000000000015e-04
4.519549999999999783e-04 -8.797749999999999581e-05
5.117379999999999715e-04 2.900700000000000197e-04
5.241770000000000197e-04 6.453449999999999681e-04
4.745129999999999747e-04 9.253720000000000435e-04
3.607489999999999981e-04 1.093690000000000027e-03
1.933749999999999976e-04 1.149609999999999911e-03
-9.655110000000000805e-06 1.128129999999999975e-03
-2.296630000000000134e-04 1.084869999999999932e-03
-4.517950000000000069e-04 1.062610000000000074e-03
-6.646160000000000349e-04 1.050060000000000012e-03
-8.554419999999999863e-04 9.909490000000000832e-04
-1.005919999999999991e-03 8.309769999999999960e-04
-1.092290000000000101e-03 5.322249999999999941e-04
-1.091109999999999953e-03 8.683580000000000639e-05
-9.880710000000000881e-04 -4.596719999999999994e-04
-7.857330000000000477e-04 -1.017719999999999953e-03
-5.056309999999999841e-04 -1.487660000000000024e-03
-1.826169999999999898e-04 -1.791859999999999937e-03
1.465310000000000104e-04 -1.897650000000000075e-03
4.548600000000000191e-04 -1.816719999999999967e-03
7.313820000000000390e-04 -1.588879999999999980e-03
9.785410000000000896e-04 -1.270419999999999969e-03
1.202439999999999933e-03 -9.100430000000000281e-04
1.400860000000000083e-03 -5.381249999999999749e-04
1.555699999999999921e-03 -1.820919999999999906e-04
1.634610000000000099e-03 1.263500000000000083e-04
1.601379999999999904e-03 3.657169999999999952e-04
1.429680000000000013e-03 5.467659999999999621e-04
1.113760000000000097e-03 7.055380000000000202e-04
6.722339999999999609e-04 8.697960000000000457e-04
1.451419999999999870e-04 1.034860000000000077e-03
-4.136580000000000161e-04 1.158060000000000036e-03
-9.461149999999999768e-04 1.191900000000000077e-03
-1.399829999999999911e-03 1.112560000000000068e-03
-1.735479999999999965e-03 8.930980000000000472e-04
-1.929619999999999946e-03 5.143980000000000037e-04
-1.974060000000000138e-03 1.614999999999999953e-05
-1.874170000000000089e-03 -5.089559999999999701e-04
-1.647119999999999964e-03 -9.332019999999999465e-04
-1.319770000000000058e-03 -1.131119999999999999e-03
-9.244080000000000439e-04 -1.056110000000000078e-03
-4.922709999999999629e-04 -7.567039999999999704e-04
-4.741060000000000310e-05 -3.369280000000000105e-04
3.946120000000000226e-04 9.806549999999999816e-05
8.215940000000000352e-04 4.766810000000000123e-04
1.216209999999999904e-03 7.535070000000000483e-04
1.550060000000000023e-03 9.032289999999999677e-04
1.784610000000000059e-03 9.239100000000000090e-04
1.879599999999999934e-03 8.328559999999999826e-04
1.805769999999999945e-03 6.536860000000000023e-04
1.557030000000000046e-03 4.023459999999999862e-04
1.157019999999999924e-03 8.151470000000000070e-05
6.573199999999999746e-04 -3.210260000000000262e-04
1.276469999999999927e-04 -8.145360000000000360e-04
-3.595420000000000213e-04 -1.362310000000000040e-03
-7.456140000000000207e-04 -1.871110000000000047e-03
-9.976740000000000434e-04 -2.229169999999999936e-03
-1.111400000000000018e-03 -2.336430000000000017e-03
-1.104689999999999969e-03 -2.128650000000000160e-03
-1.006050000000000087e-03 -1.600550000000000063e-03
-8.431719999999999970e-04 -8.183710000000000290e-04
-6.370290000000000024e-04 1.306000000000000032e-04
-4.039329999999999830e-04 1.158139999999999994e-03
-1.617310000000000004e-04 2.123340000000000036e-03
6.593260000000000635e-05 2.882389999999999865e-03
2.500049999999999755e-04 3.326980000000000215e-03
3.612290000000000206e-04 3.392790000000000129e-03
3.780550000000000251e-04 3.084710000000000056e-03
2.938999999999999881e-04 2.460420000000000055e-03
1.214720000000000052e-04 1.592660000000000083e-03
-1.069030000000000029e-04 5.521900000000000376e-04
-3.431989999999999780e-04 -6.104240000000000360e-04
-5.316770000000000393e-04 -1.830269999999999944e-03
-6.216410000000000338e-04 -2.936349999999999898e-03
-5.825389999999999735e-04 -3.708770000000000122e-03
-4.140419999999999908e-04 -3.970809999999999965e-03
-1.452090000000000119e-04 -3.641450000000000069e-03
1.770890000000000116e-04 -2.775329999999999898e-03
5.040430000000000257e-04 -1.510609999999999904e-03
7.965599999999999764e-04 -4.357579999999999706e-05
1.028840000000000050e-03 1.370260000000000098e-03
1.184380000000000068e-03 2.514849999999999898e-03
1.247440000000000051e-03 3.267809999999999899e-03
1.197479999999999899e-03 3.544659999999999825e-03
1.012859999999999976e-03 3.303739999999999889e-03
6.838970000000000422e-04 2.534250000000000044e-03
2.283979999999999908e-04 1.281259999999999994e-03
-3.008749999999999814e-04 -2.853579999999999875e-04
-8.227869999999999542e-04 -1.938520000000000000e-03
-1.246780000000000067e-03 -3.389339999999999801e-03
-1.498100000000000039e-03 -4.302659999999999818e-03
-1.539189999999999959e-03 -4.425639999999999782e-03
-1.377020000000000067e-03 -3.684660000000000192e-03
-1.053370000000000088e-03 -2.238140000000000008e-03
-6.252070000000000197e-04 -3.982629999999999916e-04
-1.483579999999999914e-04 1.508830000000000067e-03
3.269379999999999791e-04 3.195270000000000055e-03
7.512280000000000520e-04 4.407030000000000149e-03
1.070919999999999945e-03 4.969740000000000268e-03
1.230809999999999934e-03 4.808429999999999822e-03
1.187230000000000056e-03 3.917740000000000285e-03
9.284210000000000206e-04 2.345369999999999833e-03
4.920039999999999874e-04 2.202700000000000036e-04
-3.299229999999999920e-05 -2.171709999999999873e-03
-5.263250000000000133e-04 -4.392459999999999941e-03
-8.724030000000000023e-04 -5.966670000000000307e-03
-9.956089999999999472e-04 -6.520350000000000278e-03
-8.796960000000000153e-04 -5.879839999999999893e-03
-5.647879999999999871e-04 -4.132659999999999806e-03
-1.262489999999999901e-04 -1.627160000000000108e-03
3.517719999999999788e-04 1.151050000000000033e-03
7.941120000000000297e-04 3.716520000000000067e-03
1.138729999999999907e-03 5.635109999999999598e-03
1.333030000000000022e-03 6.584310000000000336e-03
1.331869999999999972e-03 6.404830000000000245e-03
1.104659999999999930e-03 5.080269999999999578e-03
6.521349999999999760e-04 2.739969999999999992e-03
2.325650000000000002e-05 -2.905939999999999760e-04
-6.816749999999999676e-04 -3.455870000000000209e-03
-1.329509999999999893e-03 -6.065639999999999747e-03
-1.788029999999999915e-03 -7.517519999999999758e-03
-1.960139999999999973e-03 -7.460600000000000391e-03
-1.806370000000000068e-03 -5.843629999999999831e-03
-1.351329999999999979e-03 -2.920530000000000174e-03
-6.748410000000000259e-04 7.458089999999999468e-04
1.079569999999999965e-04 4.387689999999999646e-03
8.693559999999999482e-04 7.239459999999999645e-03
1.487629999999999985e-03 8.708669999999999953e-03
1.860380000000000020e-03 8.479900000000000285e-03
1.917190000000000040e-03 6.520540000000000017e-03
1.634430000000000084e-03 3.104309999999999882e-03
1.048349999999999976e-03 -1.162089999999999955e-03
2.576440000000000154e-04 -5.423520000000000250e-03
-5.896919999999999506e-04 -8.739439999999999362e-03
-1.324440000000000079e-03 -1.031669999999999983e-02
-1.791679999999999922e-03 -9.721169999999999464e-03
-1.884779999999999962e-03 -6.977009999999999636e-03
-1.569660000000000066e-03 -2.615460000000000007e-03
-8.931559999999999847e-04 2.395389999999999846e-03
2.441880000000000073e-05 6.944879999999999630e-03
1.007469999999999893e-03 1.006209999999999917e-02
1.852209999999999968e-03 1.106979999999999943e-02
2.363860000000000180e-03 9.671410000000000076e-03
2.400760000000000047e-03 6.057329999999999659e-03
1.913170000000000062e-03 9.664569999999999932e-04
9.636959999999999971e-04 -4.481060000000000251e-03
-2.773450000000000221e-04 -9.045519999999999602e-03
-1.561749999999999987e-03 -1.166030000000000018e-02
-2.613199999999999985e-03 -1.166309999999999916e-02
-3.188340000000000011e-03 -8.910599999999999424e-03
-3.135199999999999879e-03 -3.919630000000000336e-03
-2.431500000000000068e-03 2.173369999999999989e-03
-1.193830000000000108e-03 7.936459999999999348e-03
3.421289999999999900e-04 1.197739999999999916e-02
1.866760000000000077e-03 1.322639999999999927e-02
3.058609999999999801e-03 1.127039999999999986e-02
3.650270000000000164e-03 6.519549999999999824e-03
3.486180000000000181e-03 5.945960000000000242e-05
2.563419999999999848e-03 -6.582629999999999905e-03
1.045429999999999970e-03 -1.179320000000000021e-02
-7.583089999999999796e-04 -1.429290000000000074e-02
-2.448870000000000127e-03 -1.338639999999999969e-02
-3.624829999999999892e-03 -9.152220000000000841e-03
-3.979179999999999696e-03 -2.573399999999999993e-03
-3.379500000000000125e-03 4.699240000000000361e-03
-1.911219999999999933e-03 1.080710000000000004e-02
1.273360000000000019e-04 1.416189999999999984e-02
2.280889999999999827e-03 1.384029999999999982e-02
4.036600000000000431e-03 9.810879999999999254e-03
4.944640000000000146e-03 3.086499999999999834e-03
4.729859999999999794e-03 -4.531489999999999997e-03
3.369120000000000188e-03 -1.100489999999999975e-02
1.116089999999999921e-03 -1.459489999999999919e-02
-1.538209999999999925e-03 -1.431830000000000082e-02
-3.967459999999999910e-03 -1.022550000000000021e-02
-5.555919999999999782e-03 -3.427359999999999955e-03
-5.856390000000000380e-03 4.275410000000000321e-03
-4.720460000000000107e-03 1.083190000000000021e-02
-2.359959999999999922e-03 1.442829999999999981e-02
6.841230000000000228e-04 1.409159999999999927e-02
3.662030000000000146e-03 9.975019999999999373e-03
5.799430000000000383e-03 3.266590000000000205e-03
6.503079999999999625e-03 -4.215909999999999797e-03
5.532419999999999699e-03 -1.044989999999999981e-02
3.082549999999999873e-03 -1.368680000000000070e-02
-2.495449999999999969e-04 -1.310219999999999961e-02
-3.607710000000000083e-03 -9.008359999999999979e-03
-6.095660000000000141e-03 -2.660469999999999849e-03
-7.018059999999999576e-03 4.099509999999999786e-03
-6.077820000000000271e-03 9.383549999999999183e-03
-3.472170000000000117e-03 1.179799999999999946e-02
1.437110000000000069e-04 1.084060000000000058e-02
3.821150000000000154e-03 6.991739999999999761e-03
6.570359999999999916e-03 1.495039999999999997e-03
7.633100000000000301e-03 -4.024329999999999574e-03
6.698349999999999617e-03 -8.060140000000000360e-03
3.997670000000000043e-03 -9.672180000000000707e-03
2.488100000000000251e-04 -8.635540000000000577e-03
-3.541920000000000051e-03 -5.406030000000000037e-03
-6.361699999999999647e-03 -1.012950000000000092e-03
-7.472939999999999965e-03 3.263579999999999866e-03
-6.613550000000000158e-03 6.328180000000000090e-03
-4.060689999999999612e-03 7.528110000000000183e-03
-5.417370000000000345e-04 6.739789999999999844e-03
2.978769999999999942e-03 4.355809999999999890e-03
5.570699999999999610e-03 1.135640000000000044e-03
6.588649999999999715e-03 -2.030020000000000002e-03
5.832069999999999962e-03 -4.354990000000000423e-03
3.576199999999999865e-03 -5.343109999999999873e-03
4.739160000000000074e-04 -4.883690000000000427e-03
-2.635719999999999816e-03 -3.240069999999999843e-03
-4.954599999999999976e-03 -9.474659999999999983e-04
-5.926449999999999774e-03 1.347160000000000024e-03
-5.362640000000000115e-03 3.056179999999999921e-03
-3.467580000000000055e-03 3.795090000000000095e-03
-7.657919999999999484e-04 3.466920000000000071e-03
2.043779999999999816e-03 2.262929999999999803e-03
4.266739999999999769e-03 5.844049999999999722e-04
5.381359999999999963e-03 -1.084440000000000100e-03
5.157659999999999675e-03 -2.314490000000000210e-03
3.701949999999999859e-03 -2.841810000000000169e-03
1.419050000000000042e-03 -2.619629999999999962e-03
-1.096930000000000084e-03 -1.801649999999999910e-03
-3.215609999999999823e-03 -6.710359999999999632e-04
-4.429129999999999873e-03 4.535450000000000224e-04
-4.476469999999999755e-03 1.302919999999999946e-03
-3.401630000000000105e-03 1.712320000000000031e-03
-1.531250000000000059e-03 1.644269999999999976e-03
6.206529999999999816e-04 1.184060000000000017e-03
2.493050000000000127e-03 5.059560000000000056e-04
3.624319999999999885e-03 -1.812990000000000001e-04
3.765530000000000006e-03 -6.918980000000000356e-04
2.932399999999999937e-03 -9.094770000000000068e-04
1.386080000000000038e-03 -8.115480000000000436e-04
-4.476649999999999770e-04 -4.667370000000000004e-04
-2.095669999999999998e-03 -7.086830000000000045e-06
-3.158530000000000105e-03 4.155200000000000061e-04
-3.404889999999999826e-03 6.754190000000000194e-04
-2.817699999999999805e-03 7.080399999999999498e-04
-1.584600000000000028e-03 5.238410000000000418e-04
-3.925269999999999774e-05 1.984350000000000068e-04
1.428840000000000015e-03 -1.564170000000000035e-04
2.472110000000000019e-03 -4.305380000000000036e-04
2.866560000000000202e-03 -5.493889999999999538e-04
2.558700000000000124e-03 -4.941270000000000211e-04
1.668570000000000079e-03 -3.025880000000000106e-04
4.505360000000000246e-04 -5.254680000000000315e-05
-7.766679999999999981e-04 1.660250000000000105e-04
-1.711829999999999906e-03 2.802370000000000208e-04
-2.144560000000000216e-03 2.560509999999999783e-04
-2.002009999999999814e-03 1.066510000000000060e-04
-1.358889999999999968e-03 -1.140199999999999959e-04
-4.098339999999999796e-04 -3.295370000000000265e-04
5.865840000000000203e-04 -4.650209999999999782e-04
1.376529999999999941e-03 -4.697209999999999840e-04
1.774030000000000008e-03 -3.318689999999999900e-04
1.702940000000000009e-03 -8.201469999999999930e-05
1.208400000000000099e-03 2.157120000000000109e-04
4.372739999999999743e-04 4.817140000000000029e-04
-4.054080000000000053e-04 6.433020000000000014e-04
-1.111149999999999985e-03 6.551390000000000035e-04
-1.519380000000000079e-03 5.121560000000000478e-04
-1.553059999999999987e-03 2.513260000000000125e-04
-1.231080000000000065e-03 -5.823019999999999688e-05
-6.563089999999999940e-04 -3.341390000000000072e-04
1.583070000000000074e-05 -5.034380000000000408e-04
6.190199999999999652e-04 -5.226960000000000113e-04
1.017040000000000088e-03 -3.899409999999999855e-04
