-1.722440000000000103e-08 9.669899999999999523e-07
-1.209510000000000088e-07 3.969619999999999781e-06
-4.252119999999999829e-07 8.434129999999999834e-06
-1.078560000000000097e-06 1.652999999999999928e-05
-2.417309999999999985e-06 3.658110000000000116e-05
-5.291140000000000302e-06 8.096880000000000310e-05
-1.124520000000000035e-05 1.571579999999999885e-04
-2.206210000000000007e-05 2.542549999999999975e-04
-3.858690000000000150e-05 3.444839999999999903e-04
-5.940130000000000334e-05 3.867079999999999845e-04
-8.004869999999999813e-05 3.335470000000000101e-04
-9.360679999999999966e-05 1.615950000000000004e-04
-9.309730000000000056e-05 -1.079230000000000033e-04
-7.480419999999999778e-05 -4.186719999999999786e-04
-4.033630000000000207e-05 -7.056519999999999720e-04
4.287559999999999993e-06 -9.199009999999999869e-04
5.236879999999999910e-05 -1.041269999999999956e-03
1.009640000000000044e-04 -1.076799999999999936e-03
1.530950000000000106e-04 -1.042340000000000107e-03
2.156209999999999876e-04 -9.363499999999999645e-04
2.932580000000000169e-04 -7.411959999999999556e-04
3.823389999999999862e-04 -4.551779999999999845e-04
4.685210000000000091e-04 -1.038930000000000029e-04
5.298710000000000095e-04 2.739649999999999833e-04
5.437709999999999679e-04 6.315620000000000088e-04
4.946440000000000298e-04 9.158600000000000031e-04
3.792439999999999895e-04 1.089139999999999943e-03
2.071259999999999952e-04 1.149470000000000092e-03
-3.674410000000000197e-06 1.131360000000000091e-03
-2.331719999999999962e-04 1.091020000000000054e-03
-4.644590000000000198e-04 1.072449999999999966e-03
-6.842900000000000501e-04 1.065399999999999984e-03
-8.793489999999999727e-04 1.013440000000000001e-03
-1.032120000000000086e-03 8.607149999999999610e-04
-1.120499999999999968e-03 5.668589999999999610e-04
-1.122369999999999922e-03 1.219139999999999986e-04
-1.023330000000000030e-03 -4.292780000000000055e-04
-8.241740000000000003e-04 -9.959759999999999794e-04
-5.436800000000000530e-04 -1.476089999999999998e-03
-2.143710000000000114e-04 -1.789470000000000036e-03
1.275319999999999980e-04 -1.902140000000000081e-03
4.533240000000000121e-04 -1.826230000000000084e-03
7.485470000000000144e-04 -1.603299999999999994e-03
1.011909999999999980e-03 -1.291400000000000057e-03
1.247049999999999981e-03 -9.397919999999999495e-04
1.451379999999999944e-03 -5.775399999999999761e-04
1.608260000000000028e-03 -2.293750000000000053e-04
1.687340000000000064e-03 7.575969999999999905e-05
1.653549999999999942e-03 3.177620000000000249e-04
1.480159999999999896e-03 5.067150000000000300e-04
1.159819999999999992e-03 6.763980000000000383e-04
7.095299999999999914e-04 8.520030000000000485e-04
1.688209999999999884e-04 1.027249999999999951e-03
-4.072699999999999953e-04 1.159349999999999964e-03
-9.582790000000000318e-04 1.201779999999999949e-03
-1.429120000000000086e-03 1.131789999999999923e-03
-1.778510000000000073e-03 9.226720000000000321e-04
-1.982330000000000030e-03 5.541959999999999638e-04
-2.032799999999999972e-03 6.392639999999999835e-05
-1.936030000000000043e-03 -4.576189999999999837e-04
-1.709400000000000025e-03 -8.838060000000000013e-04
-1.378969999999999979e-03 -1.088540000000000037e-03
-9.757779999999999536e-04 -1.023199999999999934e-03
-5.303229999999999706e-04 -7.339379999999999515e-04
-6.745740000000000232e-05 -3.233390000000000157e-04
3.947320000000000147e-04 1.034840000000000006e-04
8.406209999999999464e-04 4.740319999999999907e-04
1.249939999999999949e-03 7.421279999999999934e-04
1.592899999999999958e-03 8.827120000000000149e-04
1.831359999999999976e-03 8.952399999999999464e-04
1.926559999999999905e-03 7.988640000000000411e-04
1.850730000000000083e-03 6.184930000000000158e-04
1.598409999999999978e-03 3.700590000000000021e-04
1.192869999999999955e-03 5.485619999999999835e-05
6.849030000000000526e-04 -3.414390000000000220e-04
1.438760000000000028e-04 -8.299629999999999681e-04
-3.568800000000000119e-04 -1.374849999999999944e-03
-7.564989999999999952e-04 -1.882390000000000061e-03
-1.019099999999999997e-03 -2.239389999999999957e-03
-1.137750000000000089e-03 -2.344319999999999998e-03
-1.129269999999999927e-03 -2.132380000000000126e-03
-1.023150000000000014e-03 -1.599010000000000101e-03
-8.497999999999999478e-04 -8.121590000000000146e-04
-6.335200000000000466e-04 1.391499999999999942e-04
-3.932240000000000149e-04 1.166020000000000034e-03
-1.477480000000000091e-04 2.128520000000000065e-03
7.979329999999999377e-05 2.885029999999999799e-03
2.615539999999999966e-04 3.329540000000000190e-03
3.691699999999999908e-04 3.398899999999999838e-03
3.811309999999999937e-04 3.097519999999999874e-03
2.902420000000000173e-04 2.481199999999999812e-03
1.086760000000000010e-04 1.620380000000000041e-03
-1.309609999999999952e-04 5.839589999999999972e-04
-3.792329999999999790e-04 -5.782759999999999637e-04
-5.781249999999999714e-04 -1.801260000000000057e-03
-6.743609999999999492e-04 -2.913209999999999845e-03
-6.350729999999999960e-04 -3.693049999999999805e-03
-4.584629999999999912e-04 -3.962819999999999711e-03
-1.735750000000000042e-04 -3.640550000000000209e-03
1.708780000000000130e-04 -2.780649999999999962e-03
5.225199999999999506e-04 -1.521839999999999998e-03
8.378240000000000340e-04 -6.133110000000000644e-05
1.086979999999999977e-03 1.344879999999999904e-03
1.251069999999999960e-03 2.481310000000000026e-03
1.314169999999999922e-03 3.227359999999999864e-03
1.257450000000000017e-03 3.501059999999999849e-03
1.061829999999999935e-03 3.262750000000000025e-03
7.196359999999999519e-04 2.501859999999999848e-03
2.493829999999999940e-04 1.261350000000000058e-03
-2.963759999999999962e-04 -2.925849999999999913e-04
-8.363970000000000085e-04 -1.936479999999999972e-03
-1.278449999999999986e-03 -3.383240000000000032e-03
-1.544229999999999952e-03 -4.296740000000000281e-03
-1.591699999999999929e-03 -4.420979999999999702e-03
-1.424530000000000024e-03 -3.678770000000000043e-03
-1.084630000000000056e-03 -2.226820000000000015e-03
-6.333750000000000404e-04 -3.787509999999999792e-04
-1.340090000000000107e-04 1.535329999999999898e-03
3.558400000000000083e-04 3.223530000000000059e-03
7.825900000000000000e-04 4.430350000000000434e-03
1.093350000000000094e-03 4.983600000000000356e-03
1.237620000000000040e-03 4.813170000000000295e-03
1.177749999999999977e-03 3.918500000000000108e-03
9.062919999999999483e-04 2.349219999999999954e-03
4.618499999999999776e-04 2.320350000000000103e-04
-6.832209999999999423e-05 -2.152620000000000054e-03
-5.660010000000000041e-04 -4.372049999999999721e-03
-9.152859999999999642e-04 -5.953209999999999578e-03
-1.037149999999999921e-03 -6.519699999999999801e-03
-9.106420000000000270e-04 -5.892259999999999859e-03
-5.731920000000000374e-04 -4.152939999999999930e-03
-1.023980000000000045e-04 -1.647969999999999904e-03
4.100110000000000018e-04 1.134550000000000012e-03
8.785719999999999901e-04 3.703769999999999892e-03
1.232680000000000104e-03 5.620879999999999974e-03
1.416720000000000002e-03 6.562450000000000054e-03
1.389279999999999899e-03 6.372840000000000275e-03
1.128249999999999913e-03 5.041829999999999749e-03
6.434760000000000306e-04 2.703769999999999871e-03
-9.914240000000000135e-06 -3.151790000000000125e-04
-7.298479999999999551e-04 -3.463499999999999999e-03
-1.384370000000000002e-03 -6.057319999999999718e-03
-1.842789999999999966e-03 -7.499160000000000374e-03
-2.008110000000000017e-03 -7.439150000000000276e-03
-1.839850000000000079e-03 -5.823280000000000123e-03
-1.362509999999999936e-03 -2.901209999999999987e-03
-6.587090000000000523e-04 7.670669999999999659e-04
1.499489999999999970e-04 4.413480000000000007e-03
9.272640000000000179e-04 7.269049999999999991e-03
1.544369999999999988e-03 8.737210000000000462e-03
1.896619999999999903e-03 8.500560000000000754e-03
1.917869999999999905e-03 6.528159999999999866e-03
1.594109999999999928e-03 3.098229999999999994e-03
9.731250000000000316e-04 -1.177560000000000022e-03
1.632390000000000002e-04 -5.441129999999999751e-03
-6.825310000000000014e-04 -8.752209999999999851e-03
-1.395250000000000006e-03 -1.032059999999999922e-02
-1.824700000000000063e-03 -9.715740000000000487e-03
-1.871760000000000090e-03 -6.965050000000000407e-03
-1.511009999999999914e-03 -2.601190000000000186e-03
-7.978930000000000397e-04 2.407620000000000073e-03
1.398430000000000094e-04 6.951119999999999868e-03
1.121669999999999959e-03 1.005890000000000083e-02
1.942839999999999932e-03 1.105459999999999950e-02
2.412479999999999833e-03 9.643240000000000839e-03
2.397230000000000194e-03 6.017579999999999804e-03
1.858480000000000028e-03 9.191240000000000044e-04
8.703429999999999847e-04 -4.529639999999999708e-03
-3.875780000000000219e-04 -9.087500000000000092e-03
-1.662370000000000037e-03 -1.168759999999999938e-02
-2.679050000000000094e-03 -1.166949999999999932e-02
-3.201670000000000210e-03 -8.892729999999999732e-03
-3.090310000000000192e-03 -3.878579999999999962e-03
-2.336860000000000066e-03 2.232019999999999924e-03
-1.071139999999999939e-03 8.002989999999999757e-03
4.622359999999999837e-04 1.203940000000000045e-02
1.951599999999999949e-03 1.327120000000000036e-02
3.081669999999999895e-03 1.128799999999999942e-02
3.598699999999999816e-03 6.505490000000000057e-03
3.365519999999999883e-03 1.711310000000000053e-05
2.397719999999999886e-03 -6.642229999999999836e-03
8.722040000000000131e-04 -1.185370000000000000e-02
-8.972890000000000076e-04 -1.433689999999999964e-02
-2.518439999999999828e-03 -1.340069999999999976e-02
-3.605769999999999895e-03 -9.131149999999999337e-03
-3.873430000000000189e-03 -2.520839999999999886e-03
-3.210100000000000019e-03 4.771090000000000400e-03
-1.717140000000000029e-03 1.088040000000000014e-02
3.003619999999999814e-04 1.421739999999999983e-02
2.391390000000000182e-03 1.386130000000000001e-02
4.057670000000000200e-03 9.787600000000000466e-03
4.871150000000000306e-03 3.018450000000000213e-03
4.580700000000000049e-03 -4.634450000000000028e-03
3.183660000000000049e-03 -1.112370000000000025e-02
9.449390000000000003e-04 -1.470469999999999937e-02
-1.646190000000000066e-03 -1.439449999999999931e-02
-3.978670000000000123e-03 -1.024989999999999929e-02
-5.462189999999999580e-03 -3.393890000000000101e-03
-5.678400000000000114e-03 4.358449999999999824e-03
-4.503000000000000058e-03 1.094350000000000010e-02
-2.160099999999999867e-03 1.454049999999999961e-02
8.125190000000000450e-04 1.417640000000000046e-02
3.683099999999999916e-03 1.001250000000000057e-02
5.705290000000000014e-03 3.249460000000000022e-03
6.315929999999999982e-03 -4.280280000000000022e-03
5.298399999999999985e-03 -1.054210000000000043e-02
2.859200000000000109e-03 -1.378120000000000039e-02
-4.083490000000000167e-04 -1.317289999999999954e-02
-3.665540000000000118e-03 -9.035869999999999666e-03
-6.042510000000000069e-03 -2.636330000000000097e-03
-6.872259999999999827e-03 4.170919999999999836e-03
-5.880530000000000132e-03 9.486150000000000485e-03
-3.276010000000000207e-03 1.190790000000000078e-02
2.887540000000000072e-04 1.093210000000000015e-02
3.880709999999999889e-03 7.043240000000000091e-03
6.534029999999999699e-03 1.494490000000000011e-03
7.516069999999999696e-03 -4.076989999999999954e-03
6.535939999999999632e-03 -8.153380000000000002e-03
3.834880000000000146e-03 -9.786150000000000404e-03
1.279850000000000020e-04 -8.746929999999999983e-03
-3.591529999999999896e-03 -5.493249999999999869e-03
-6.329949999999999986e-03 -1.060030000000000000e-03
-7.369439999999999671e-03 3.264340000000000123e-03
-6.463779999999999699e-03 6.375079999999999983e-03
-3.899140000000000158e-03 7.610269999999999709e-03
-4.039599999999999745e-04 6.838819999999999795e-03
3.063489999999999876e-03 4.448979999999999949e-03
5.584940000000000043e-03 1.200330000000000103e-03
6.530120000000000369e-03 -2.010930000000000183e-03
5.714069999999999913e-03 -4.388170000000000265e-03
3.425140000000000129e-03 -5.421689999999999843e-03
3.239130000000000004e-04 -4.987680000000000412e-03
-2.750519999999999788e-03 -3.340759999999999910e-03
-5.008359999999999895e-03 -1.015199999999999957e-03
-5.908599999999999963e-03 1.334209999999999953e-03
-5.281110000000000318e-03 3.105049999999999824e-03
-3.346969999999999893e-03 3.895319999999999859e-03
-6.406310000000000129e-04 3.593390000000000126e-03
2.138900000000000003e-03 2.383249999999999952e-03
4.307059999999999708e-03 6.684800000000000507e-04
5.358700000000000095e-03 -1.055909999999999965e-03
5.081869999999999617e-03 -2.345310000000000190e-03
3.596849999999999960e-03 -2.920639999999999955e-03
1.314459999999999934e-03 -2.724589999999999824e-03
-1.174059999999999991e-03 -1.907239999999999934e-03
-3.248040000000000215e-03 -7.548960000000000175e-04
-4.412369999999999660e-03 4.060959999999999960e-04
-4.417719999999999980e-03 1.297100000000000032e-03
-3.315989999999999997e-03 1.744539999999999936e-03
-1.437010000000000067e-03 1.704070000000000020e-03
7.059790000000000249e-04 1.256530000000000060e-03
2.555309999999999873e-03 5.741820000000000127e-04
3.654129999999999791e-03 -1.335209999999999978e-04
3.759080000000000147e-03 -6.770069999999999777e-04
2.892060000000000117e-03 -9.330130000000000064e-04
1.320500000000000059e-03 -8.698760000000000043e-04
-5.244540000000000443e-04 -5.467719999999999482e-04
-2.166720000000000017e-03 -8.877290000000000517e-05
-3.207820000000000116e-03 3.541880000000000180e-04
-3.421679999999999860e-03 6.521759999999999710e-04
-2.799779999999999977e-03 7.309589999999999924e-04
-1.539219999999999998e-03 5.887079999999999614e-04
1.888590000000000158e-05 2.898749999999999851e-04
1.481990000000000087e-03 -6.039699999999999789e-05
2.504750000000000032e-03 -3.521950000000000254e-04
2.869739999999999965e-03 -5.052029999999999672e-04
2.532099999999999802e-03 -4.909380000000000081e-04
1.619769999999999977e-03 -3.368339999999999941e-04
3.921269999999999812e-04 -1.123840000000000001e-04
-8.308989999999999605e-04 9.680509999999999918e-05
-1.750339999999999969e-03 2.178949999999999865e-04
-2.160220000000000022e-03 2.133520000000000132e-04
-1.992799999999999867e-03 9.068790000000000293e-05
-1.327419999999999945e-03 -1.025530000000000056e-04
-3.622739999999999945e-04 -2.958729999999999910e-04
6.417699999999999490e-04 -4.189539999999999736e-04
1.429909999999999948e-03 -4.235689999999999963e-04
1.816609999999999970e-03 -2.979699999999999948e-04
1.727669999999999944e-03 -7.004350000000000116e-05
1.211650000000000097e-03 2.011019999999999865e-04
4.198459999999999779e-04 4.423030000000000104e-04
-4.381850000000000068e-04 5.872199999999999512e-04
-1.150490000000000106e-03 5.950880000000000189e-04
-1.555179999999999974e-03 4.622679999999999997e-04
-1.576539999999999973e-03 2.234969999999999915e-04
-1.237150000000000012e-03 -5.746230000000000039e-05
-6.448530000000000277e-04 -3.052239999999999901e-04
4.011899999999999993e-05 -4.534849999999999992e-04
6.481479999999999750e-04 -4.633479999999999825e-04
1.042060000000000035e-03 -3.341829999999999952e-04
