-8.345640000000000144e-09 9.810100000000000739e-07
-6.159520000000000088e-08 4.067100000000000413e-06
-2.318389999999999891e-07 8.771740000000000486e-06
-6.358949999999999909e-07 1.736990000000000119e-05
-1.522849999999999955e-06 3.842839999999999955e-05
-3.468750000000000035e-06 8.495859999999999664e-05
-7.569610000000000189e-06 1.655539999999999941e-04
-1.539190000000000081e-05 2.705049999999999859e-04
-2.852460000000000130e-05 3.722679999999999804e-04
-4.779600000000000114e-05 4.279199999999999822e-04
-7.233309999999999360e-05 3.858010000000000150e-04
-9.886729999999999444e-05 2.165179999999999893e-04
-1.218259999999999954e-04 -6.401609999999999853e-05
-1.343550000000000104e-04 -4.010449999999999931e-04
-1.298159999999999917e-04 -7.256190000000000469e-04
-1.030919999999999948e-04 -9.803150000000000492e-04
-5.125200000000000328e-05 -1.135649999999999984e-03
2.641719999999999840e-05 -1.192879999999999895e-03
1.285699999999999972e-04 -1.168180000000000000e-03
2.515109999999999980e-04 -1.065380000000000103e-03
3.881709999999999805e-04 -8.728749999999999530e-04
5.269600000000000369e-04 -5.909570000000000274e-04
6.515509999999999965e-04 -2.414630000000000021e-04
7.421819999999999763e-04 1.441810000000000075e-04
7.784480000000000522e-04 5.253680000000000155e-04
7.431830000000000163e-04 8.499350000000000134e-04
6.265659999999999502e-04 1.074029999999999907e-03
4.291470000000000029e-04 1.184930000000000054e-03
1.627199999999999870e-04 1.207060000000000034e-03
-1.512639999999999937e-04 1.192890000000000053e-03
-4.851829999999999793e-04 1.191379999999999913e-03
-8.092639999999999686e-04 1.202970000000000038e-03
-1.094890000000000056e-03 1.180540000000000105e-03
-1.316899999999999972e-03 1.069049999999999992e-03
-1.455130000000000009e-03 8.182079999999999562e-04
-1.495330000000000010e-03 4.008559999999999988e-04
-1.429790000000000011e-03 -1.547279999999999999e-04
-1.258000000000000004e-03 -7.653630000000000242e-04
-9.871109999999999347e-04 -1.323029999999999996e-03
-6.316310000000000110e-04 -1.730200000000000097e-03
-2.122880000000000112e-04 -1.931919999999999948e-03
2.459809999999999883e-04 -1.925129999999999940e-03
7.161440000000000470e-04 -1.748149999999999964e-03
1.170639999999999918e-03 -1.467430000000000036e-03
1.582029999999999895e-03 -1.145949999999999963e-03
1.922850000000000037e-03 -8.228089999999999753e-04
2.165550000000000027e-03 -5.225860000000000141e-04
2.283589999999999839e-03 -2.634730000000000166e-04
2.254470000000000172e-03 -4.995139999999999747e-05
2.063929999999999845e-03 1.405500000000000011e-04
1.710350000000000021e-03 3.455999999999999979e-04
1.208000000000000089e-03 5.846809999999999811e-04
5.883340000000000358e-04 8.396029999999999639e-04
-1.014070000000000000e-04 1.054480000000000001e-03
-8.027060000000000358e-04 1.172950000000000078e-03
-1.453070000000000099e-03 1.168390000000000054e-03
-1.994590000000000078e-03 1.015819999999999961e-03
-2.381359999999999900e-03 6.989719999999999614e-04
-2.584350000000000015e-03 2.573629999999999820e-04
-2.593359999999999849e-03 -2.203750000000000034e-04
-2.416100000000000018e-03 -6.119009999999999814e-04
-2.075179999999999820e-03 -7.943950000000000403e-04
-1.603620000000000045e-03 -7.190099999999999617e-04
-1.039839999999999992e-03 -4.290559999999999795e-04
-4.232719999999999820e-04 -2.482609999999999936e-05
2.077539999999999899e-04 3.877849999999999743e-04
8.158520000000000485e-04 7.330439999999999699e-04
1.363089999999999961e-03 9.621849999999999500e-04
1.810380000000000105e-03 1.051140000000000104e-03
2.119279999999999862e-03 1.004509999999999908e-03
2.256660000000000176e-03 8.486830000000000328e-04
2.201320000000000100e-03 6.143280000000000312e-04
1.950880000000000105e-03 3.185800000000000025e-04
1.526599999999999919e-03 -4.154430000000000134e-05
9.741630000000000037e-04 -4.882969999999999498e-04
3.594900000000000157e-04 -1.040490000000000035e-03
-2.405209999999999965e-04 -1.664939999999999953e-03
-7.507669999999999491e-04 -2.261710000000000109e-03
-1.111229999999999943e-03 -2.701859999999999939e-03
-1.287189999999999905e-03 -2.862679999999999825e-03
-1.273830000000000101e-03 -2.660370000000000009e-03
-1.094490000000000046e-03 -2.081420000000000058e-03
-7.935190000000000169e-04 -1.199299999999999932e-03
-4.263909999999999771e-04 -1.214650000000000034e-04
-5.043319999999999683e-05 1.039760000000000033e-03
2.822540000000000118e-04 2.125619999999999940e-03
5.294349999999999751e-04 2.986139999999999975e-03
6.610459999999999860e-04 3.517600000000000067e-03
6.600490000000000090e-04 3.664960000000000093e-03
5.229240000000000234e-04 3.439699999999999962e-03
2.603619999999999849e-04 2.898260000000000159e-03
-1.017420000000000027e-04 2.103460000000000139e-03
-5.217110000000000063e-04 1.110209999999999930e-03
-9.432180000000000078e-04 -4.762290000000000105e-05
-1.299580000000000049e-03 -1.317299999999999981e-03
-1.522689999999999938e-03 -2.529469999999999809e-03
-1.556059999999999952e-03 -3.450229999999999877e-03
-1.368429999999999907e-03 -3.873580000000000165e-03
-9.632889999999999855e-04 -3.682209999999999997e-03
-3.811449999999999973e-04 -2.901499999999999999e-03
3.062510000000000059e-04 -1.659950000000000097e-03
1.007759999999999906e-03 -1.679119999999999875e-04
1.628129999999999985e-03 1.287539999999999995e-03
2.083109999999999996e-03 2.454870000000000056e-03
2.311020000000000001e-03 3.188129999999999957e-03
2.279240000000000085e-03 3.401389999999999796e-03
1.986830000000000193e-03 3.072119999999999799e-03
1.464229999999999959e-03 2.216909999999999888e-03
7.709859999999999804e-04 9.005519999999999931e-04
-9.207309999999999773e-06 -7.044420000000000022e-04
-7.767470000000000494e-04 -2.383319999999999970e-03
-1.427740000000000042e-03 -3.862729999999999983e-03
-1.868890000000000004e-03 -4.811199999999999852e-03
-2.033779999999999789e-03 -4.958279999999999806e-03
-1.896560000000000043e-03 -4.195370000000000349e-03
-1.478890000000000066e-03 -2.646019999999999796e-03
-8.479530000000000314e-04 -6.094159999999999942e-04
-1.064880000000000009e-04 1.567049999999999953e-03
6.228110000000000243e-04 3.545480000000000159e-03
1.216429999999999899e-03 5.012260000000000153e-03
1.570189999999999954e-03 5.746120000000000394e-03
1.617179999999999963e-03 5.652540000000000169e-03
1.340620000000000049e-03 4.734790000000000006e-03
7.798290000000000039e-04 3.065440000000000005e-03
2.772550000000000077e-05 7.973770000000000467e-04
-7.813709999999999970e-04 -1.771070000000000023e-03
-1.493839999999999968e-03 -4.197619999999999997e-03
-1.965370000000000138e-03 -5.997800000000000180e-03
-2.090030000000000100e-03 -6.771690000000000348e-03
-1.822990000000000027e-03 -6.302880000000000288e-03
-1.191589999999999967e-03 -4.633759999999999789e-03
-2.919090000000000270e-04 -2.087180000000000112e-03
7.281300000000000099e-04 8.397230000000000102e-04
1.694849999999999916e-03 3.612160000000000110e-03
2.438650000000000106e-03 5.726239999999999629e-03
2.822900000000000149e-03 6.795650000000000301e-03
2.767470000000000173e-03 6.625810000000000206e-03
2.263680000000000119e-03 5.202029999999999849e-03
1.379220000000000012e-03 2.683850000000000211e-03
2.511820000000000220e-04 -5.625079999999999750e-04
-9.334669999999999990e-04 -3.944790000000000102e-03
-1.969049999999999967e-03 -6.742930000000000278e-03
-2.668520000000000180e-03 -8.325990000000000127e-03
-2.899269999999999799e-03 -8.311549999999999147e-03
-2.610190000000000080e-03 -6.617630000000000214e-03
-1.845089999999999968e-03 -3.479270000000000019e-03
-7.388240000000000128e-04 5.341439999999999600e-04
5.045750000000000538e-04 4.613420000000000021e-03
1.648310000000000053e-03 7.918200000000000238e-03
2.466850000000000032e-03 9.764310000000000003e-03
2.789390000000000099e-03 9.753599999999999423e-03
2.535159999999999844e-03 7.804059999999999817e-03
1.734180000000000096e-03 4.185789999999999997e-03
5.279630000000000000e-04 -4.538400000000000051e-04
-8.524929999999999574e-04 -5.186020000000000386e-03
-2.128919999999999858e-03 -8.979010000000000810e-03
-3.030740000000000083e-03 -1.094730000000000009e-02
-3.351520000000000193e-03 -1.057969999999999917e-02
-2.995020000000000147e-03 -7.853799999999999323e-03
-2.000490000000000167e-03 -3.296299999999999838e-03
-5.406249999999999814e-04 2.081009999999999891e-03
1.108599999999999950e-03 7.079979999999999607e-03
2.619719999999999861e-03 1.061679999999999915e-02
3.677730000000000148e-03 1.190480000000000010e-02
4.045220000000000413e-03 1.056900000000000027e-02
3.616359999999999887e-03 6.771029999999999931e-03
2.446680000000000122e-03 1.275740000000000034e-03
7.501380000000000201e-04 -4.720310000000000131e-03
-1.138260000000000096e-03 -9.864829999999999779e-03
-2.827699999999999832e-03 -1.296450000000000033e-02
-3.952500000000000284e-03 -1.324280000000000075e-02
-4.252910000000000371e-03 -1.047870000000000051e-02
-3.637839999999999824e-03 -5.166529999999999907e-03
-2.213160000000000040e-03 1.515019999999999952e-03
-2.670190000000000129e-04 8.027750000000000163e-03
1.786150000000000021e-03 1.282679999999999931e-02
3.492659999999999862e-03 1.467509999999999995e-02
4.459750000000000172e-03 1.301790000000000065e-02
4.446130000000000394e-03 8.187540000000000096e-03
3.421770000000000193e-03 1.282439999999999925e-03
1.583009999999999929e-03 -6.064789999999999591e-03
-6.825279999999999542e-04 -1.206710000000000074e-02
-2.875439999999999940e-03 -1.524769999999999945e-02
-4.493030000000000287e-03 -1.474250000000000040e-02
-5.144420000000000243e-03 -1.053029999999999938e-02
-4.645260000000000014e-03 -3.588699999999999789e-03
-3.068159999999999898e-03 4.340570000000000192e-03
-7.354269999999999774e-04 1.123120000000000021e-02
1.845950000000000065e-03 1.529050000000000027e-02
4.094379999999999895e-03 1.540479999999999974e-02
5.486180000000000223e-03 1.141469999999999985e-02
5.679850000000000176e-03 4.301740000000000078e-03
4.601619999999999842e-03 -4.054610000000000158e-03
2.471269999999999804e-03 -1.144279999999999950e-02
-2.394220000000000126e-04 -1.589820000000000122e-02
-2.908659999999999978e-03 -1.621939999999999840e-02
-4.905999999999999771e-03 -1.230580000000000042e-02
-5.741460000000000313e-03 -5.225819999999999944e-03
-5.187469999999999581e-03 3.142489999999999954e-03
-3.343860000000000148e-03 1.057519999999999988e-02
-6.260499999999999572e-04 1.503819999999999983e-02
2.324350000000000201e-03 1.534890000000000039e-02
4.787579999999999614e-03 1.151600000000000019e-02
6.138789999999999872e-03 4.683559999999999807e-03
6.006079999999999579e-03 -3.268479999999999823e-03
4.373319999999999985e-03 -1.017299999999999975e-02
1.597820000000000013e-03 -1.409599999999999916e-02
-1.665880000000000008e-03 -1.403399999999999960e-02
-4.619540000000000105e-03 -1.017080000000000067e-02
-6.516759999999999914e-03 -3.714670000000000211e-03
-6.853630000000000312e-03 3.451150000000000051e-03
-5.505010000000000285e-03 9.324900000000000549e-03
-2.768849999999999784e-03 1.236029999999999941e-02
6.967780000000000024e-04 1.190440000000000074e-02
4.031690000000000100e-03 8.325370000000000340e-03
6.389620000000000369e-03 2.816239999999999803e-03
7.157619999999999955e-03 -2.982439999999999831e-03
6.121070000000000157e-03 -7.494719999999999854e-03
3.528760000000000143e-03 -9.678449999999999900e-03
3.722670000000000053e-05 -9.198609999999999426e-03
-3.455320000000000006e-03 -6.410820000000000234e-03
-6.043490000000000320e-03 -2.265759999999999909e-03
-7.054470000000000185e-03 2.003089999999999905e-03
-6.228100000000000303e-03 5.305439999999999809e-03
-3.788049999999999837e-03 6.945879999999999763e-03
-3.829099999999999778e-04 6.711130000000000047e-03
3.088009999999999974e-03 4.868479999999999683e-03
5.716470000000000405e-03 2.041230000000000214e-03
6.828019999999999749e-03 -9.913590000000000336e-04
6.158819999999999746e-03 -3.493140000000000047e-03
3.918819999999999942e-03 -4.932289999999999765e-03
7.257789999999999641e-04 -5.077009999999999856e-03
-2.569080000000000061e-03 -4.013329999999999849e-03
-5.113190000000000096e-03 -2.095179999999999872e-03
-6.277610000000000308e-03 1.571900000000000044e-04
-5.814139999999999760e-03 2.183959999999999981e-03
-3.904879999999999896e-03 3.516519999999999976e-03
-1.095889999999999972e-03 3.886619999999999919e-03
1.861519999999999972e-03 3.281889999999999981e-03
4.214680000000000162e-03 1.933620000000000044e-03
5.402429999999999732e-03 2.431350000000000091e-04
5.187429999999999819e-03 -1.333779999999999905e-03
3.697499999999999832e-03 -2.412150000000000058e-03
1.371739999999999982e-03 -2.775070000000000141e-03
-1.168250000000000018e-03 -2.414480000000000098e-03
-3.284140000000000063e-03 -1.508760000000000049e-03
-4.479679999999999773e-03 -3.528100000000000051e-04
-4.513679999999999949e-03 7.320220000000000329e-04
-3.442719999999999808e-03 1.480720000000000040e-03
-1.588439999999999991e-03 1.744789999999999969e-03
5.571550000000000417e-04 1.520590000000000049e-03
2.460899999999999806e-03 9.348460000000000276e-04
3.678830000000000121e-03 1.937530000000000133e-04
3.956669999999999805e-03 -4.835749999999999771e-04
3.278909999999999898e-03 -9.270380000000000374e-04
1.858370000000000031e-03 -1.055830000000000006e-03
7.268020000000000253e-05 -8.881590000000000188e-04
-1.634390000000000105e-03 -5.213950000000000182e-04
-2.861480000000000013e-03 -9.224329999999999823e-05
-3.342439999999999908e-03 2.688139999999999779e-04
-3.002400000000000121e-03 4.745880000000000172e-04
-1.965950000000000163e-03 4.998830000000000114e-04
-5.176560000000000189e-04 3.787470000000000246e-04
9.735219999999999941e-04 1.840590000000000075e-04
2.146589999999999870e-03 -1.854429999999999963e-06
2.734889999999999804e-03 -1.152830000000000006e-04
2.625970000000000040e-03 -1.292769999999999889e-04
1.881730000000000078e-03 -5.745559999999999925e-05
7.153269999999999768e-04 5.594469999999999988e-05
-5.677879999999999516e-04 1.550040000000000087e-04
-1.648780000000000081e-03 1.929789999999999967e-04
-2.274159999999999897e-03 1.482280000000000045e-04
-2.314779999999999789e-03 3.057360000000000150e-05
-1.791389999999999910e-03 -1.231150000000000029e-04
-8.618340000000000159e-04 -2.619249999999999834e-04
2.251750000000000116e-04 -3.378750000000000134e-04
1.196360000000000045e-03 -3.214329999999999835e-04
1.822770000000000033e-03 -2.109660000000000127e-04
1.973729999999999929e-03 -3.358189999999999775e-05
1.643120000000000084e-03 1.625490000000000051e-04
9.431459999999999583e-04 3.219270000000000096e-04
6.890790000000000478e-05 3.974989999999999969e-04
-7.552470000000000147e-04 3.640480000000000083e-04
-1.333039999999999963e-03 2.256290000000000043e-04
-1.542619999999999972e-03 1.508479999999999997e-05
-1.361060000000000091e-03 -2.141409999999999950e-04
-8.626429999999999602e-04 -4.017550000000000049e-04
-1.932090000000000131e-04 -4.963450000000000327e-04
4.711059999999999987e-04 -4.690469999999999969e-04
9.692719999999999721e-04 -3.216089999999999899e-04
