-2.759870000000000149e-08 9.416780000000000496e-07
-1.837670000000000070e-07 3.798769999999999969e-06
-6.000710000000000269e-07 7.864509999999999687e-06
-1.399400000000000103e-06 1.516579999999999971e-05
-2.942979999999999900e-06 3.364679999999999776e-05
-6.280419999999999747e-06 7.464609999999999670e-05
-1.317440000000000044e-05 1.438479999999999956e-04
-2.501670000000000055e-05 2.287540000000000124e-04
-4.101050000000000317e-05 3.018419999999999740e-04
-5.703449999999999747e-05 3.254059999999999809e-04
-6.621500000000000215e-05 2.587399999999999791e-04
-6.161069999999999611e-05 8.662850000000000585e-05
-4.044770000000000239e-05 -1.634940000000000037e-04
-7.263009999999999601e-06 -4.345630000000000066e-04
2.731130000000000057e-05 -6.672269999999999460e-04
5.265990000000000043e-05 -8.219530000000000499e-04
6.569540000000000123e-05 -8.875960000000000447e-04
7.449789999999999700e-05 -8.770190000000000407e-04
9.472979999999999552e-05 -8.091199999999999781e-04
1.397589999999999878e-04 -6.857049999999999951e-04
2.100880000000000119e-04 -4.953549999999999490e-04
2.896940000000000084e-04 -2.437849999999999978e-04
3.526630000000000216e-04 4.100589999999999986e-05
3.754520000000000231e-04 3.287659999999999758e-04
3.466000000000000222e-04 5.916899999999999677e-04
2.690869999999999937e-04 7.992579999999999563e-04
1.557510000000000068e-04 9.298209999999999462e-04
2.143129999999999927e-05 9.838019999999999838e-04
-1.233130000000000033e-04 9.835259999999999749e-04
-2.735220000000000012e-04 9.645800000000000381e-04
-4.259299999999999827e-04 9.517329999999999627e-04
-5.722579999999999681e-04 9.259379999999999564e-04
-6.944380000000000214e-04 8.366089999999999855e-04
-7.670679999999999816e-04 6.446089999999999806e-04
-7.672780000000000355e-04 3.278360000000000237e-04
-6.856839999999999897e-04 -1.125210000000000023e-04
-5.317670000000000469e-04 -6.305150000000000034e-04
-3.309529999999999872e-04 -1.141520000000000035e-03
-1.146809999999999952e-04 -1.551319999999999913e-03
9.188159999999999795e-05 -1.785260000000000102e-03
2.784400000000000243e-04 -1.812309999999999919e-03
4.501730000000000011e-04 -1.648319999999999994e-03
6.199169999999999941e-04 -1.343369999999999981e-03
7.961080000000000153e-04 -9.695080000000000017e-04
9.727040000000000165e-04 -5.909840000000000189e-04
1.125810000000000092e-03 -2.452199999999999866e-04
1.218990000000000091e-03 4.801129999999999889e-05
1.215530000000000039e-03 2.798279999999999778e-04
1.091930000000000071e-03 4.595469999999999828e-04
8.457910000000000341e-04 6.234199999999999638e-04
4.954440000000000493e-04 8.142410000000000533e-04
7.455260000000000175e-05 1.042329999999999949e-03
-3.735219999999999925e-04 1.268479999999999998e-03
-7.999580000000000276e-04 1.414719999999999953e-03
-1.155849999999999933e-03 1.413739999999999919e-03
-1.401279999999999974e-03 1.244249999999999913e-03
-1.514930000000000053e-03 9.002250000000000486e-04
-1.497639999999999952e-03 3.924940000000000134e-04
-1.368859999999999955e-03 -2.106809999999999976e-04
-1.158780000000000096e-03 -7.983200000000000409e-04
-8.992810000000000387e-04 -1.239740000000000026e-03
-6.162869999999999763e-04 -1.421970000000000048e-03
-3.241440000000000055e-04 -1.320779999999999914e-03
-2.295830000000000006e-05 -1.007190000000000038e-03
2.977079999999999896e-04 -5.984729999999999737e-04
6.466980000000000211e-04 -2.003049999999999872e-04
1.015019999999999941e-03 1.253199999999999995e-04
1.365810000000000071e-03 3.481080000000000220e-04
1.639019999999999930e-03 4.611489999999999990e-04
1.770249999999999905e-03 4.837840000000000152e-04
1.714210000000000083e-03 4.548430000000000225e-04
1.461620000000000063e-03 4.125919999999999826e-04
1.043190000000000046e-03 3.716130000000000214e-04
5.210599999999999477e-04 3.118919999999999744e-04
-2.718970000000000160e-05 1.807120000000000005e-04
-5.256040000000000451e-04 -7.714360000000000455e-05
-9.148000000000000098e-04 -4.613719999999999865e-04
-1.162950000000000051e-03 -8.959709999999999636e-04
-1.269549999999999932e-03 -1.266449999999999911e-03
-1.259329999999999911e-03 -1.456229999999999981e-03
-1.168399999999999994e-03 -1.380060000000000011e-03
-1.028540000000000097e-03 -1.015489999999999969e-03
-8.565229999999999849e-04 -4.198420000000000233e-04
-6.536099999999999983e-04 3.204409999999999767e-04
-4.158879999999999999e-04 1.112890000000000060e-03
-1.468929999999999910e-04 1.814169999999999932e-03
1.364930000000000093e-04 2.289520000000000183e-03
4.057159999999999760e-04 2.457219999999999977e-03
6.269230000000000419e-04 2.294379999999999944e-03
7.686519999999999854e-04 1.850599999999999988e-03
8.086109999999999869e-04 1.215909999999999951e-03
7.399270000000000326e-04 4.714769999999999855e-04
5.766159999999999558e-04 -3.293309999999999814e-04
3.556389999999999877e-04 -1.171320000000000000e-03
1.315509999999999878e-04 -2.031230000000000188e-03
-4.004520000000000074e-05 -2.778919999999999828e-03
-1.249599999999999962e-04 -3.234309999999999789e-03
-1.234469999999999990e-04 -3.258870000000000083e-03
-6.397149999999999560e-05 -2.801239999999999980e-03
1.764450000000000022e-05 -1.926629999999999922e-03
9.803199999999999924e-05 -7.589569999999999910e-04
1.711059999999999979e-04 5.391799999999999978e-04
2.384459999999999867e-04 1.752810000000000045e-03
2.949110000000000230e-04 2.701690000000000081e-03
3.189889999999999913e-04 3.288370000000000095e-03
2.765490000000000114e-04 3.443949999999999876e-03
1.388949999999999907e-04 3.140009999999999937e-03
-9.561809999999999852e-05 2.381320000000000138e-03
-3.906930000000000082e-04 1.226840000000000092e-03
-6.814530000000000500e-04 -1.544919999999999974e-04
-8.990270000000000509e-04 -1.564859999999999949e-03
-9.950309999999999537e-04 -2.774169999999999848e-03
-9.552160000000000512e-04 -3.522139999999999993e-03
-7.975150000000000511e-04 -3.623760000000000175e-03
-5.559570000000000440e-04 -3.042040000000000195e-03
-2.602600000000000052e-04 -1.925779999999999983e-03
7.483979999999999452e-05 -5.329570000000000271e-04
4.409220000000000045e-04 8.893619999999999868e-04
8.142719999999999993e-04 2.130099999999999789e-03
1.141969999999999964e-03 2.992349999999999958e-03
1.350599999999999978e-03 3.339910000000000188e-03
1.373829999999999930e-03 3.127420000000000113e-03
1.183519999999999971e-03 2.376849999999999796e-03
8.080500000000000443e-04 1.154779999999999999e-03
3.282410000000000037e-04 -4.160890000000000205e-04
-1.496989999999999909e-04 -2.099629999999999899e-03
-5.329589999999999501e-04 -3.558330000000000173e-03
-7.721629999999999727e-04 -4.454289999999999639e-03
-8.663289999999999923e-04 -4.551330000000000132e-03
-8.437300000000000008e-04 -3.770069999999999932e-03
-7.350279999999999835e-04 -2.218710000000000040e-03
-5.568759999999999856e-04 -1.898769999999999983e-04
-3.156500000000000018e-04 1.938789999999999914e-03
-2.743889999999999914e-05 3.804510000000000097e-03
2.636289999999999792e-04 5.079690000000000420e-03
4.871039999999999767e-04 5.521919999999999606e-03
5.703859999999999833e-04 5.031840000000000097e-03
4.724950000000000222e-04 3.640689999999999812e-03
2.090139999999999880e-04 1.509499999999999991e-03
-1.474480000000000018e-04 -1.039470000000000021e-03
-4.948970000000000018e-04 -3.514170000000000054e-03
-7.432819999999999488e-04 -5.360499999999999814e-03
-8.433750000000000491e-04 -6.164679999999999639e-03
-7.869949999999999689e-04 -5.762370000000000166e-03
-5.875869999999999834e-04 -4.222380000000000404e-03
-2.641699999999999864e-04 -1.810509999999999984e-03
1.584719999999999965e-04 1.008170000000000073e-03
6.384179999999999716e-04 3.641580000000000164e-03
1.106530000000000100e-03 5.530389999999999612e-03
1.468579999999999929e-03 6.274519999999999577e-03
1.624709999999999913e-03 5.705840000000000217e-03
1.502880000000000058e-03 3.877869999999999841e-03
1.092539999999999917e-03 1.082049999999999982e-03
4.585169999999999741e-04 -2.133480000000000099e-03
-2.753659999999999788e-04 -5.057500000000000363e-03
-9.644140000000000264e-04 -6.976079999999999955e-03
-1.482260000000000001e-03 -7.375470000000000290e-03
-1.743790000000000054e-03 -6.092320000000000027e-03
-1.710080000000000107e-03 -3.337989999999999881e-03
-1.385029999999999985e-03 3.141759999999999952e-04
-8.126900000000000270e-04 4.022359999999999998e-03
-7.927040000000000594e-05 6.945690000000000024e-03
6.831629999999999777e-04 8.459440000000000362e-03
1.306800000000000106e-03 8.224949999999999969e-03
1.625820000000000043e-03 6.204600000000000219e-03
1.533609999999999921e-03 2.724250000000000109e-03
1.029130000000000062e-03 -1.488270000000000088e-03
2.256989999999999951e-04 -5.476540000000000227e-03
-6.801420000000000078e-04 -8.301390000000000505e-03
-1.462760000000000015e-03 -9.285220000000000279e-03
-1.923749999999999896e-03 -8.162579999999999142e-03
-1.937329999999999912e-03 -5.098100000000000374e-03
-1.477269999999999929e-03 -7.428330000000000349e-04
-6.194209999999999907e-04 3.857139999999999787e-03
4.748740000000000209e-04 7.580120000000000087e-03
1.585639999999999923e-03 9.497820000000000568e-03
2.471039999999999869e-03 9.047899999999999346e-03
2.914480000000000109e-03 6.246329999999999591e-03
2.773920000000000032e-03 1.747580000000000097e-03
2.023629999999999787e-03 -3.365939999999999991e-03
7.780060000000000317e-04 -7.823260000000000283e-03
-7.162489999999999656e-04 -1.046859999999999978e-02
-2.125469999999999964e-03 -1.058510000000000006e-02
-3.106990000000000012e-03 -8.024039999999999645e-03
-3.401980000000000195e-03 -3.272329999999999944e-03
-2.910719999999999887e-03 2.517759999999999963e-03
-1.722510000000000013e-03 7.827570000000000708e-03
-9.678440000000000122e-05 1.122659999999999977e-02
1.592620000000000103e-03 1.176499999999999942e-02
2.937649999999999983e-03 9.215519999999999615e-03
3.589469999999999987e-03 4.122579999999999821e-03
3.346169999999999874e-03 -2.201849999999999988e-03
2.211799999999999877e-03 -8.026119999999999435e-03
4.137710000000000064e-04 -1.174709999999999990e-02
-1.628679999999999971e-03 -1.232270000000000067e-02
-3.389469999999999896e-03 -9.550940000000000818e-03
-4.364899999999999683e-03 -4.148770000000000409e-03
-4.216379999999999607e-03 2.394959999999999797e-03
-2.885739999999999920e-03 8.293049999999999727e-03
-6.425649999999999981e-04 1.190599999999999992e-02
1.964689999999999839e-03 1.213960000000000039e-02
4.246839999999999990e-03 8.878509999999999180e-03
5.559439999999999694e-03 3.054299999999999810e-03
5.483919999999999767e-03 -3.659780000000000064e-03
3.958790000000000225e-03 -9.396200000000000385e-03
1.321340000000000058e-03 -1.254639999999999922e-02
-1.764589999999999909e-03 -1.214430000000000023e-02
-4.479280000000000414e-03 -8.315239999999999784e-03
-6.065840000000000294e-03 -2.230380000000000123e-03
-6.041989999999999687e-03 4.329979999999999767e-03
-4.350889999999999619e-03 9.481949999999999407e-03
-1.403230000000000102e-03 1.179149999999999990e-02
2.012620000000000121e-03 1.068790000000000018e-02
4.937170000000000274e-03 6.631149999999999718e-03
6.510789999999999807e-03 9.367130000000000421e-04
6.232530000000000014e-03 -4.671790000000000317e-03
4.126160000000000244e-03 -8.571109999999999840e-03
7.548509999999999595e-04 -9.732330000000000841e-03
-2.927550000000000117e-03 -8.030239999999999254e-03
-5.850509999999999738e-03 -4.163219999999999595e-03
-7.148200000000000387e-03 6.359249999999999669e-04
-6.425519999999999669e-03 4.919439999999999751e-03
-3.879039999999999832e-03 7.461640000000000286e-03
-2.371030000000000099e-04 7.675859999999999628e-03
3.457169999999999861e-03 5.720720000000000319e-03
6.153709999999999736e-03 2.347539999999999957e-03
7.102340000000000389e-03 -1.365649999999999937e-03
6.066799999999999797e-03 -4.354199999999999911e-03
3.383730000000000158e-03 -5.875049999999999717e-03
-1.475849999999999905e-04 -5.678859999999999984e-03
-3.507639999999999803e-03 -4.020160000000000053e-03
-5.756380000000000177e-03 -1.524119999999999902e-03
-6.300159999999999962e-03 1.035530000000000001e-03
-5.049200000000000216e-03 2.969240000000000160e-03
-2.423989999999999999e-03 3.849229999999999926e-03
7.846899999999999969e-04 3.587739999999999853e-03
3.655110000000000043e-03 2.414200000000000026e-03
5.399519999999999667e-03 7.737959999999999890e-04
5.577890000000000278e-03 -8.210010000000000224e-04
4.203359999999999735e-03 -1.940600000000000007e-03
1.716569999999999945e-03 -2.346200000000000108e-03
-1.156310000000000020e-03 -2.031400000000000046e-03
-3.616059999999999934e-03 -1.194100000000000023e-03
-5.012009999999999903e-03 -1.527850000000000085e-04
-5.012360000000000426e-03 7.641969999999999883e-04
-3.679969999999999856e-03 1.319239999999999953e-03
-1.437469999999999937e-03 1.423030000000000041e-03
1.064540000000000104e-03 1.134749999999999908e-03
3.136719999999999960e-03 6.135599999999999735e-04
4.243069999999999828e-03 5.036319999999999919e-05
4.141620000000000371e-03 -3.917999999999999825e-04
2.935559999999999819e-03 -6.192660000000000439e-04
1.024509999999999961e-03 -6.241470000000000264e-04
-1.024320000000000005e-03 -4.714219999999999869e-04
-2.643210000000000004e-03 -2.642990000000000118e-04
-3.419660000000000147e-03 -1.012249999999999939e-04
-3.198289999999999900e-03 -3.986980000000000238e-05
-2.105249999999999917e-03 -8.030069999999999504e-05
-4.945680000000000258e-04 -1.720650000000000001e-04
1.163100000000000028e-03 -2.407959999999999896e-04
2.415159999999999963e-03 -2.227639999999999970e-04
2.947770000000000164e-03 -9.339390000000000040e-05
2.661160000000000088e-03 1.211479999999999995e-04
1.682450000000000048e-03 3.530599999999999841e-04
3.163110000000000010e-04 5.184470000000000051e-04
-1.049189999999999975e-03 5.492370000000000542e-04
-2.053169999999999995e-03 4.196340000000000009e-04
-2.457519999999999930e-03 1.578519999999999923e-04
-2.202140000000000000e-03 -1.607740000000000026e-04
-1.407550000000000034e-03 -4.368679999999999786e-04
-3.281210000000000116e-04 -5.787379999999999738e-04
7.273779999999999872e-04 -5.325939999999999494e-04
1.483259999999999917e-03 -3.016030000000000056e-04
1.768000000000000040e-03 5.249120000000000321e-05
1.551049999999999998e-03 4.261290000000000260e-04
9.384940000000000036e-04 7.043540000000000261e-04
1.325090000000000014e-04 7.957759999999999920e-04
-6.313059999999999896e-04 6.612939999999999877e-04
-1.149910000000000081e-03 3.275449999999999954e-04
-1.304239999999999913e-03 -1.193440000000000012e-04
-1.083540000000000024e-03 -5.580449999999999603e-04
-5.785519999999999725e-04 -8.670709999999999659e-04
5.198070000000000191e-05 -9.600529999999999915e-04
6.299650000000000171e-04 -8.107060000000000134e-04
1.007340000000000015e-03 -4.602319999999999805e-04
1.102679999999999980e-03 -5.200209999999999632e-06
9.163910000000000155e-04 4.302570000000000244e-04
5.223950000000000425e-04 7.296779999999999889e-04
4.100300000000000028e-05 8.167190000000000387e-04
-3.977280000000000247e-04 6.756779999999999774e-04
