-1.264500000000000007e-08 9.723599999999999534e-07
-9.081429999999999813e-08 4.006050000000000379e-06
-3.293889999999999857e-07 8.556000000000000752e-06
-8.662729999999999644e-07 1.682110000000000061e-05
-2.001669999999999844e-06 3.720089999999999817e-05
-4.458920000000000331e-06 8.228930000000000511e-05
-9.583840000000000723e-06 1.599209999999999889e-04
-1.911290000000000127e-05 2.595300000000000037e-04
-3.436880000000000203e-05 3.532470000000000011e-04
-5.515990000000000021e-05 3.991159999999999782e-04
-7.881309999999999932e-05 3.482320000000000229e-04
-9.997890000000000596e-05 1.754910000000000042e-04
-1.118060000000000066e-04 -9.875970000000000245e-05
-1.082070000000000026e-04 -4.173150000000000253e-04
-8.594619999999999376e-05 -7.125220000000000468e-04
-4.528179999999999732e-05 -9.322220000000000202e-04
1.123949999999999971e-05 -1.054519999999999980e-03
8.099770000000000548e-05 -1.087759999999999899e-03
1.629439999999999903e-04 -1.052079999999999942e-03
2.571170000000000118e-04 -9.511759999999999746e-04
3.617690000000000120e-04 -7.704469999999999505e-04
4.698090000000000144e-04 -5.066050000000000327e-04
5.670980000000000378e-04 -1.791270000000000080e-04
6.338920000000000492e-04 1.813949999999999937e-04
6.491280000000000097e-04 5.346180000000000506e-04
5.962580000000000094e-04 8.296549999999999975e-04
4.685819999999999937e-04 1.026039999999999982e-03
2.718630000000000092e-04 1.116149999999999998e-03
2.310029999999999972e-05 1.129159999999999929e-03
-2.538759999999999932e-04 1.119020000000000084e-03
-5.338619999999999650e-04 1.131049999999999981e-03
-7.941229999999999860e-04 1.157580000000000067e-03
-1.015220000000000055e-03 1.142369999999999974e-03
-1.179920000000000101e-03 1.024780000000000092e-03
-1.272249999999999943e-03 7.554839999999999516e-04
-1.278059999999999917e-03 3.150459999999999784e-04
-1.187469999999999932e-03 -2.567970000000000148e-04
-9.984989999999999144e-04 -8.667440000000000214e-04
-7.198909999999999554e-04 -1.402779999999999956e-03
-3.712170000000000205e-04 -1.771620000000000009e-03
2.054109999999999888e-05 -1.929029999999999981e-03
4.265839999999999801e-04 -1.884519999999999989e-03
8.214770000000000362e-04 -1.685440000000000072e-03
1.185510000000000079e-03 -1.400210000000000040e-03
1.503250000000000029e-03 -1.086460000000000030e-03
1.759289999999999942e-03 -7.737980000000000205e-04
1.934009999999999896e-03 -4.777079999999999738e-04
2.002780000000000012e-03 -2.113619999999999865e-04
1.939909999999999985e-03 2.058599999999999907e-05
1.726270000000000018e-03 2.365400000000000087e-04
1.357350000000000006e-03 4.681689999999999962e-04
8.489209999999999855e-04 7.295249999999999652e-04
2.384379999999999963e-04 9.989429999999999664e-04
-4.186319999999999993e-04 1.219529999999999920e-03
-1.057049999999999917e-03 1.335770000000000013e-03
-1.613089999999999967e-03 1.322229999999999977e-03
-2.035459999999999787e-03 1.154080000000000036e-03
-2.292030000000000022e-03 8.140600000000000223e-04
-2.371390000000000130e-03 3.407439999999999753e-04
-2.280170000000000200e-03 -1.771689999999999973e-04
-2.038129999999999976e-03 -6.160830000000000169e-04
-1.672799999999999895e-03 -8.515070000000000451e-04
-1.214690000000000041e-03 -8.332879999999999541e-04
-6.934460000000000146e-04 -6.035189999999999522e-04
-1.359929999999999971e-04 -2.602090000000000154e-04
4.322810000000000172e-04 9.496860000000000414e-05
9.836910000000000792e-04 3.920859999999999862e-04
1.484230000000000011e-03 5.884189999999999646e-04
1.892629999999999963e-03 6.648389999999999682e-04
2.164319999999999959e-03 6.291479999999999469e-04
2.259829999999999998e-03 5.092259999999999929e-04
2.155170000000000089e-03 3.358999999999999790e-04
1.850819999999999983e-03 1.253919999999999948e-04
1.376300000000000006e-03 -1.273710000000000109e-04
7.881519999999999715e-04 -4.483809999999999749e-04
1.614759999999999969e-04 -8.624330000000000147e-04
-4.235539999999999770e-04 -1.345220000000000053e-03
-8.971990000000000000e-04 -1.809110000000000058e-03
-1.213190000000000058e-03 -2.140430000000000024e-03
-1.355180000000000100e-03 -2.232510000000000050e-03
-1.335150000000000009e-03 -2.014619999999999952e-03
-1.185220000000000067e-03 -1.479300000000000016e-03
-9.463679999999999488e-04 -6.962780000000000444e-04
-6.586689999999999646e-04 2.405250000000000053e-04
-3.567379999999999987e-04 1.238369999999999922e-03
-6.992810000000000562e-05 2.158690000000000001e-03
1.755770000000000030e-04 2.867779999999999895e-03
3.551580000000000036e-04 3.271850000000000192e-03
4.465140000000000146e-04 3.319850000000000058e-03
4.333469999999999965e-04 3.023459999999999950e-03
3.108550000000000180e-04 2.438270000000000194e-03
9.114849999999999645e-05 1.627240000000000067e-03
-1.936329999999999941e-04 6.470799999999999642e-04
-4.925170000000000416e-04 -4.657730000000000008e-04
-7.423360000000000158e-04 -1.657300000000000006e-03
-8.804420000000000518e-04 -2.761749999999999882e-03
-8.611139999999999550e-04 -3.557349999999999922e-03
-6.692500000000000315e-04 -3.859660000000000001e-03
-3.253849999999999755e-04 -3.577959999999999821e-03
1.199669999999999984e-04 -2.760480000000000052e-03
5.996900000000000537e-04 -1.545289999999999945e-03
1.045149999999999899e-03 -1.334410000000000121e-04
1.398209999999999991e-03 1.215219999999999929e-03
1.617390000000000017e-03 2.286750000000000154e-03
1.677300000000000058e-03 2.970990000000000176e-03
1.565079999999999943e-03 3.204160000000000168e-03
1.278980000000000091e-03 2.965970000000000065e-03
8.317420000000000065e-04 2.257120000000000046e-03
2.573240000000000184e-04 1.116430000000000070e-03
-3.844979999999999904e-04 -3.101099999999999972e-04
-1.010660000000000031e-03 -1.828580000000000006e-03
-1.526259999999999986e-03 -3.179700000000000148e-03
-1.844050000000000073e-03 -4.043230000000000088e-03
-1.906399999999999935e-03 -4.162459999999999771e-03
-1.701159999999999955e-03 -3.446610000000000125e-03
-1.264850000000000089e-03 -2.035780000000000055e-03
-6.725859999999999738e-04 -2.340769999999999884e-04
-2.060939999999999956e-05 1.627079999999999933e-03
5.915150000000000312e-04 3.248809999999999979e-03
1.075290000000000013e-03 4.372970000000000329e-03
1.363609999999999909e-03 4.837120000000000308e-03
1.417330000000000065e-03 4.593780000000000432e-03
1.229749999999999940e-03 3.669720000000000013e-03
8.302439999999999473e-04 2.133350000000000003e-03
2.856840000000000247e-04 1.100230000000000001e-04
-3.045780000000000102e-04 -2.143959999999999876e-03
-8.239270000000000144e-04 -4.234210000000000404e-03
-1.162470000000000083e-03 -5.724339999999999637e-03
-1.242929999999999946e-03 -6.258869999999999711e-03
-1.040150000000000102e-03 -5.658110000000000049e-03
-5.878250000000000445e-04 -3.987499999999999725e-03
2.952390000000000035e-05 -1.572100000000000103e-03
6.960850000000000414e-04 1.114989999999999948e-03
1.288300000000000035e-03 3.588570000000000128e-03
1.696210000000000079e-03 5.411339999999999727e-03
1.839829999999999981e-03 6.266029999999999690e-03
1.679809999999999897e-03 6.013219999999999676e-03
1.223429999999999960e-03 4.666349999999999665e-03
5.268160000000000464e-04 2.380370000000000142e-03
-3.078779999999999820e-04 -5.136780000000000512e-04
-1.144440000000000041e-03 -3.482069999999999870e-03
-1.835119999999999980e-03 -5.877829999999999687e-03
-2.249580000000000156e-03 -7.147579999999999732e-03
-2.302150000000000203e-03 -6.978800000000000281e-03
-1.970840000000000179e-03 -5.338410000000000030e-03
-1.304419999999999928e-03 -2.477430000000000083e-03
-4.158119999999999959e-04 1.059290000000000058e-03
5.381589999999999681e-04 4.528619999999999694e-03
1.385970000000000040e-03 7.190150000000000187e-03
1.972810000000000188e-03 8.476380000000000373e-03
2.188369999999999812e-03 8.098620000000000818e-03
1.987669999999999975e-03 6.052769999999999852e-03
1.402899999999999894e-03 2.637229999999999956e-03
5.423869999999999690e-04 -1.529830000000000035e-03
-4.258320000000000117e-04 -5.603140000000000377e-03
-1.304969999999999915e-03 -8.675260000000000610e-03
-1.909110000000000104e-03 -1.000359999999999965e-02
-2.102699999999999882e-03 -9.210140000000000340e-03
-1.830870000000000067e-03 -6.367689999999999635e-03
-1.133960000000000046e-03 -2.036490000000000175e-03
-1.419950000000000118e-04 2.812339999999999979e-03
9.494479999999999803e-04 7.092249999999999596e-03
1.915419999999999926e-03 9.880709999999999146e-03
2.543539999999999950e-03 1.056660000000000064e-02
2.677000000000000126e-03 8.924510000000000082e-03
2.252060000000000173e-03 5.205549999999999761e-03
1.319859999999999957e-03 1.821030000000000012e-04
4.448640000000000152e-05 -5.029109999999999830e-03
-1.324529999999999978e-03 -9.229889999999999275e-03
-2.500790000000000131e-03 -1.142540000000000049e-02
-3.221509999999999912e-03 -1.104109999999999987e-02
-3.308150000000000153e-03 -8.017190000000000427e-03
-2.712879999999999979e-03 -2.932230000000000079e-03
-1.536739999999999981e-03 3.051750000000000209e-03
-1.325829999999999976e-05 8.518249999999999780e-03
1.538709999999999991e-03 1.212960000000000080e-02
2.783299999999999837e-03 1.290039999999999937e-02
3.442580000000000206e-03 1.051750000000000081e-02
3.359819999999999907e-03 5.487380000000000035e-03
2.537240000000000068e-03 -1.031350000000000105e-03
1.140549999999999941e-03 -7.481070000000000254e-03
-5.312249999999999698e-04 -1.227360000000000083e-02
-2.105839999999999882e-03 -1.421219999999999949e-02
-3.217010000000000182e-03 -1.272829999999999968e-02
-3.588309999999999937e-03 -8.041690000000000643e-03
-3.101950000000000020e-03 -1.256270000000000086e-03
-1.833540000000000040e-03 5.910349999999999979e-03
-4.375740000000000223e-05 1.160650000000000050e-02
1.872460000000000053e-03 1.432740000000000055e-02
3.470239999999999870e-03 1.329259999999999990e-02
4.356589999999999595e-03 8.640800000000000564e-03
4.286169999999999737e-03 1.540420000000000027e-03
3.226489999999999827e-03 -6.104459999999999921e-03
1.376339999999999985e-03 -1.223280000000000027e-02
-8.679939999999999704e-04 -1.517310000000000013e-02
-2.994820000000000034e-03 -1.408869999999999914e-02
-4.492259999999999656e-03 -9.224420000000000536e-03
-4.971660000000000142e-03 -1.886609999999999936e-03
-4.270559999999999634e-03 5.978619999999999594e-03
-2.508470000000000057e-03 1.226690000000000072e-02
-7.551709999999999564e-05 1.522240000000000051e-02
2.449359999999999819e-03 1.403040000000000016e-02
4.433480000000000060e-03 9.064539999999999403e-03
5.348219999999999884e-03 1.737669999999999970e-03
4.912050000000000270e-03 -5.964230000000000052e-03
3.180140000000000137e-03 -1.195519999999999916e-02
5.492169999999999561e-04 -1.454749999999999967e-02
-2.329279999999999979e-03 -1.308490000000000000e-02
-4.707860000000000343e-03 -8.111429999999999335e-03
-5.935809999999999698e-03 -1.114980000000000008e-03
-5.637589999999999615e-03 5.891129999999999631e-03
-3.827230000000000042e-03 1.095549999999999996e-02
-9.231410000000000440e-04 1.274579999999999984e-02
2.346110000000000209e-03 1.092880000000000067e-02
5.125219999999999776e-03 6.214729999999999907e-03
6.659179999999999787e-03 7.437900000000000056e-05
6.503079999999999625e-03 -5.705110000000000216e-03
4.655170000000000141e-03 -9.563880000000000298e-03
1.572199999999999943e-03 -1.062830000000000025e-02
-1.942560000000000077e-03 -8.837279999999999441e-03
-4.953639999999999606e-03 -4.856639999999999742e-03
-6.651530000000000116e-03 9.002590000000000147e-05
-6.579790000000000291e-03 4.596539999999999654e-03
-4.765150000000000115e-03 7.537789999999999942e-03
-1.712710000000000100e-03 8.325920000000000543e-03
1.734700000000000044e-03 6.968959999999999738e-03
4.633469999999999776e-03 4.015069999999999924e-03
6.203760000000000004e-03 3.601090000000000042e-04
6.044530000000000215e-03 -3.018649999999999892e-03
4.237669999999999805e-03 -5.310640000000000152e-03
1.313619999999999935e-03 -6.052430000000000136e-03
-1.907929999999999956e-03 -5.206549999999999893e-03
-4.552689999999999862e-03 -3.129129999999999932e-03
-5.932159999999999690e-03 -4.483059999999999866e-04
-5.722249999999999906e-03 2.111710000000000149e-03
-4.033529999999999581e-03 3.913299999999999765e-03
-1.360220000000000092e-03 4.557150000000000263e-03
1.570470000000000026e-03 3.970249999999999821e-03
4.001010000000000157e-03 2.403719999999999815e-03
5.340969999999999572e-03 3.436989999999999902e-04
5.307830000000000360e-03 -1.634770000000000017e-03
3.979869999999999935e-03 -3.029130000000000104e-03
1.754679999999999998e-03 -3.540370000000000149e-03
-7.688859999999999835e-04 -3.135900000000000059e-03
-2.950379999999999843e-03 -2.028750000000000171e-03
-4.267670000000000317e-03 -5.876769999999999911e-04
-4.438850000000000261e-03 7.842259999999999552e-04
-3.479499999999999954e-03 1.760609999999999909e-03
-1.684989999999999925e-03 2.161849999999999883e-03
4.545640000000000206e-04 1.976889999999999811e-03
2.383559999999999846e-03 1.343460000000000097e-03
3.621510000000000094e-03 4.920999999999999810e-04
3.880180000000000001e-03 -3.275320000000000076e-04
3.128989999999999896e-03 -9.133900000000000352e-04
1.593830000000000073e-03 -1.154789999999999940e-03
-3.089370000000000137e-04 -1.045719999999999983e-03
-2.084719999999999976e-03 -6.694910000000000314e-04
-3.289509999999999830e-03 -1.634469999999999955e-04
-3.641360000000000170e-03 3.240699999999999787e-04
-3.086290000000000214e-03 6.725070000000000310e-04
-1.802819999999999900e-03 8.148370000000000049e-04
-1.460009999999999867e-04 7.459909999999999935e-04
1.451760000000000073e-03 5.145590000000000450e-04
2.595490000000000210e-03 2.021980000000000045e-04
3.026899999999999903e-03 -1.024520000000000010e-04
2.683109999999999835e-03 -3.280409999999999988e-04
1.701400000000000048e-03 -4.369099999999999893e-04
3.721290000000000145e-04 -4.301279999999999991e-04
-9.449740000000000093e-04 -3.409700000000000101e-04
-1.916820000000000069e-03 -2.198269999999999944e-04
-2.319879999999999859e-03 -1.157530000000000012e-04
-2.089450000000000075e-03 -6.054559999999999846e-05
-1.325259999999999980e-03 -6.016040000000000087e-05
-2.551710000000000002e-04 -9.573010000000000015e-05
8.308379999999999758e-04 -1.332589999999999925e-04
1.657379999999999964e-03 -1.382239999999999966e-04
2.031320000000000087e-03 -8.979009999999999943e-05
1.884129999999999919e-03 1.041439999999999976e-05
1.280509999999999895e-03 1.379909999999999871e-04
3.935790000000000208e-04 2.540029999999999870e-04
-5.448960000000000088e-04 3.188019999999999743e-04
-1.305179999999999969e-03 3.065790000000000203e-04
-1.715699999999999907e-03 2.155079999999999973e-04
-1.701250000000000071e-03 6.990179999999999538e-05
-1.295020000000000025e-03 -8.651730000000000596e-05
-6.233519999999999773e-04 -2.040990000000000122e-04
1.314510000000000125e-04 -2.431420000000000109e-04
7.797159999999999595e-04 -1.870209999999999971e-04
1.171680000000000030e-03 -4.833680000000000111e-05
1.231880000000000084e-03 1.339110000000000127e-04
