-1.181039999999999967e-08 9.729639999999998971e-07
-8.520870000000000252e-08 4.010119999999999648e-06
-3.110070000000000002e-07 8.569440000000000745e-06
-8.238889999999999734e-07 1.685259999999999853e-05
-1.915610000000000197e-06 3.726690000000000059e-05
-4.283470000000000173e-06 8.242849999999999862e-05
-9.230119999999999644e-06 1.602110000000000014e-04
-1.846960000000000016e-05 2.600789999999999743e-04
-3.339220000000000193e-05 3.541449999999999915e-04
-5.401809999999999701e-05 4.003510000000000163e-04
-7.801940000000000047e-05 3.496239999999999851e-04
-1.004060000000000006e-04 1.766930000000000106e-04
-1.144760000000000065e-04 -9.812230000000000073e-05
-1.138390000000000056e-04 -4.174110000000000190e-04
-9.443999999999999704e-05 -7.130980000000000088e-04
-5.538640000000000219e-05 -9.325909999999999755e-04
1.811880000000000049e-06 -1.053859999999999996e-03
7.497900000000000159e-05 -1.085629999999999972e-03
1.626379999999999970e-04 -1.048969999999999981e-03
2.636369999999999968e-04 -9.486909999999999874e-04
3.747339999999999938e-04 -7.709519999999999871e-04
4.876209999999999854e-04 -5.123960000000000320e-04
5.875700000000000410e-04 -1.914569999999999933e-04
6.548860000000000315e-04 1.629860000000000011e-04
6.689050000000000204e-04 5.123859999999999830e-04
6.134509999999999920e-04 8.070869999999999520e-04
4.819210000000000095e-04 1.006900000000000026e-03
2.799359999999999978e-04 1.103529999999999919e-03
2.442850000000000167e-05 1.124910000000000016e-03
-2.603990000000000254e-04 1.123719999999999927e-03
-5.483690000000000482e-04 1.144410000000000002e-03
-8.154250000000000474e-04 1.178840000000000009e-03
-1.041030000000000080e-03 1.170449999999999963e-03
-1.207629999999999901e-03 1.058080000000000088e-03
-1.299889999999999943e-03 7.915889999999999862e-04
-1.304940000000000093e-03 3.506599999999999800e-04
-1.214000000000000018e-03 -2.254579999999999952e-04
-1.025309999999999980e-03 -8.431120000000000281e-04
-7.465660000000000482e-04 -1.389000000000000044e-03
-3.952599999999999798e-04 -1.767970000000000002e-03
3.758420000000000008e-06 -1.934160000000000089e-03
4.227650000000000223e-04 -1.896380000000000027e-03
8.355329999999999572e-04 -1.702579999999999979e-03
1.219620000000000036e-03 -1.422689999999999892e-03
1.555699999999999921e-03 -1.115930000000000004e-03
1.824569999999999968e-03 -8.124960000000000081e-04
2.004160000000000056e-03 -5.267740000000000356e-04
2.069389999999999945e-03 -2.692370000000000245e-04
1.995999999999999944e-03 -4.114250000000000123e-05
1.767389999999999977e-03 1.787070000000000086e-04
1.381709999999999969e-03 4.230200000000000258e-04
8.568080000000000271e-04 7.046150000000000156e-04
2.312140000000000126e-04 9.986070000000000970e-04
-4.393919999999999835e-04 1.243839999999999963e-03
-1.090030000000000079e-03 1.380769999999999914e-03
-1.657180000000000068e-03 1.381300000000000019e-03
-2.089300000000000098e-03 1.219859999999999911e-03
-2.353580000000000082e-03 8.802239999999999804e-04
-2.437630000000000092e-03 4.029820000000000255e-04
-2.347179999999999926e-03 -1.211200000000000059e-04
-2.101309999999999897e-03 -5.671569999999999910e-04
-1.727129999999999898e-03 -8.103379999999999654e-04
-1.255049999999999959e-03 -8.010919999999999933e-04
-7.151279999999999876e-04 -5.825630000000000261e-04
-1.354129999999999993e-04 -2.537109999999999973e-04
4.567279999999999951e-04 8.351810000000000256e-05
1.031000000000000015e-03 3.600620000000000231e-04
1.550630000000000107e-03 5.353530000000000224e-04
1.971940000000000151e-03 5.934119999999999760e-04
2.248819999999999899e-03 5.454649999999999690e-04
2.341279999999999837e-03 4.221599999999999832e-04
2.225889999999999900e-03 2.556009999999999944e-04
1.904609999999999940e-03 6.134020000000000607e-05
1.408970000000000057e-03 -1.682239999999999940e-04
7.977979999999999534e-04 -4.628550000000000264e-04
1.484690000000000044e-04 -8.514290000000000096e-04
-4.567859999999999867e-04 -1.313039999999999910e-03
-9.464229999999999475e-04 -1.761999999999999894e-03
-1.272670000000000051e-03 -2.084949999999999911e-03
-1.418170000000000064e-03 -2.174210000000000205e-03
-1.394620000000000061e-03 -1.957500000000000039e-03
-1.234899999999999930e-03 -1.426170000000000042e-03
-9.818019999999999352e-04 -6.495420000000000230e-04
-6.780160000000000353e-04 2.780270000000000267e-04
-3.608630000000000041e-04 1.263250000000000050e-03
-6.178289999999999422e-05 2.167689999999999895e-03
1.920280000000000120e-04 2.859009999999999937e-03
3.760109999999999885e-04 3.246030000000000009e-03
4.686299999999999906e-04 3.280899999999999789e-03
4.545090000000000219e-04 2.978160000000000095e-03
3.294840000000000052e-04 2.394959999999999797e-03
1.058410000000000053e-04 1.593900000000000091e-03
-1.844480000000000067e-04 6.294430000000000381e-04
-4.905699999999999601e-04 -4.655729999999999960e-04
-7.490910000000000147e-04 -1.641129999999999976e-03
-8.962570000000000215e-04 -2.734739999999999827e-03
-8.841850000000000057e-04 -3.526329999999999829e-03
-6.948809999999999492e-04 -3.831199999999999883e-03
-3.462289999999999812e-04 -3.557040000000000028e-03
1.123540000000000020e-04 -2.750040000000000037e-03
6.122770000000000469e-04 -1.546829999999999906e-03
1.080760000000000054e-03 -1.478680000000000012e-04
1.453829999999999923e-03 1.187090000000000020e-03
1.684270000000000081e-03 2.244620000000000122e-03
1.742990000000000034e-03 2.916390000000000041e-03
1.616779999999999953e-03 3.141919999999999869e-03
1.306920000000000043e-03 2.904879999999999875e-03
8.313380000000000422e-04 2.208949999999999889e-03
2.294069999999999942e-04 1.093250000000000038e-03
-4.350499999999999767e-04 -2.994800000000000261e-04
-1.076920000000000091e-03 -1.781620000000000035e-03
-1.600869999999999897e-03 -3.101510000000000031e-03
-1.919710000000000036e-03 -3.945459999999999592e-03
-1.975530000000000081e-03 -4.060379999999999719e-03
-1.755410000000000000e-03 -3.355359999999999940e-03
-1.295670000000000068e-03 -1.967420000000000106e-03
-6.732179999999999501e-04 -1.962260000000000013e-04
1.119299999999999939e-05 1.631049999999999991e-03
6.514100000000000532e-04 3.218959999999999877e-03
1.152239999999999905e-03 4.312260000000000051e-03
1.442130000000000018e-03 4.751599999999999921e-03
1.481579999999999920e-03 4.493129999999999694e-03
1.267909999999999914e-03 3.567349999999999948e-03
8.374969999999999810e-04 2.045120000000000098e-03
2.647929999999999837e-04 5.134130000000000258e-05
-3.451080000000000033e-04 -2.161979999999999978e-03
-8.728990000000000056e-04 -4.208080000000000327e-03
-1.208829999999999931e-03 -5.659649999999999577e-03
-1.277490000000000049e-03 -6.169209999999999625e-03
-1.056190000000000037e-03 -5.561860000000000068e-03
-5.811730000000000411e-04 -3.903670000000000143e-03
6.014260000000000249e-05 -1.516580000000000011e-03
7.481919999999999543e-04 1.131959999999999997e-03
1.354820000000000069e-03 3.563489999999999887e-03
1.765539999999999905e-03 5.347550000000000393e-03
1.897409999999999982e-03 6.173220000000000096e-03
1.711239999999999940e-03 5.906540000000000054e-03
1.218150000000000092e-03 4.564849999999999637e-03
4.812179999999999995e-04 2.304389999999999911e-03
-3.891240000000000237e-04 -5.460940000000000065e-04
-1.249110000000000107e-03 -3.459219999999999830e-03
-1.945789999999999976e-03 -5.797649999999999679e-03
-2.346860000000000092e-03 -7.019150000000000042e-03
-2.368209999999999933e-03 -6.821550000000000009e-03
-1.992670000000000205e-03 -5.179060000000000087e-03
-1.276470000000000035e-03 -2.345170000000000154e-03
-3.414299999999999887e-04 1.138279999999999978e-03
6.465870000000000081e-04 4.536390000000000387e-03
1.508570000000000093e-03 7.120829999999999868e-03
2.085539999999999877e-03 8.337999999999999926e-03
2.267710000000000038e-03 7.912650000000000239e-03
2.015980000000000116e-03 5.851059999999999942e-03
1.372799999999999975e-03 2.456700000000000030e-03
4.591880000000000224e-04 -1.654160000000000005e-03
-5.445279999999999608e-04 -5.645390000000000130e-03
-1.432370000000000084e-03 -8.624619999999999509e-03
-2.014559999999999875e-03 -9.867479999999999654e-03
-2.158250000000000012e-03 -9.013830000000000453e-03
-1.817849999999999978e-03 -6.150079999999999610e-03
-1.048160000000000021e-03 -1.842869999999999925e-03
3.810519999999999898e-06 2.939259999999999963e-03
1.126620000000000052e-03 7.121439999999999715e-03
2.084569999999999999e-03 9.800259999999999874e-03
2.663079999999999961e-03 1.038780000000000085e-02
2.713210000000000188e-03 8.681629999999999209e-03
2.188040000000000037e-03 4.949720000000000335e-03
1.160959999999999943e-03 -2.870929999999999972e-05
-1.813480000000000127e-04 -5.142909999999999669e-03
-1.571729999999999915e-03 -9.213100000000000109e-03
-2.715720000000000026e-03 -1.127189999999999963e-02
-3.354440000000000199e-03 -1.077539999999999921e-02
-3.325020000000000146e-03 -7.691110000000000134e-03
-2.604099999999999818e-03 -2.614029999999999826e-03
-1.320870000000000030e-03 3.291629999999999816e-03
2.653490000000000102e-04 8.623089999999999922e-03
1.818320000000000006e-03 1.206969999999999918e-02
2.997909999999999898e-03 1.268110000000000070e-02
3.537119999999999934e-03 1.017969999999999986e-02
3.304319999999999913e-03 5.100040000000000129e-03
2.336330000000000177e-03 -1.384800000000000050e-03
8.354229999999999599e-04 -7.720780000000000004e-03
-8.699380000000000047e-04 -1.234159999999999945e-02
-2.393380000000000073e-03 -1.408700000000000056e-02
-3.374999999999999962e-03 -1.243230000000000030e-02
-3.565329999999999801e-03 -7.638830000000000099e-03
-2.888790000000000021e-03 -8.391440000000000010e-04
-1.468839999999999903e-03 6.240909999999999687e-03
3.921829999999999956e-04 1.176540000000000051e-02
2.275119999999999833e-03 1.426700000000000017e-02
3.735969999999999916e-03 1.301700000000000079e-02
4.409220000000000153e-03 8.207580000000000778e-03
4.098530000000000402e-03 1.049639999999999905e-03
2.830739999999999992e-03 -6.532920000000000220e-03
8.597750000000000141e-04 -1.248819999999999965e-02
-1.381880000000000044e-03 -1.518249999999999982e-02
-3.376109999999999875e-03 -1.383750000000000084e-02
-4.638139999999999798e-03 -8.763460000000000694e-03
-4.834970000000000066e-03 -1.322459999999999912e-03
-3.875319999999999807e-03 6.508129999999999991e-03
-1.947249999999999979e-03 1.262710000000000048e-02
5.116079999999999846e-04 1.531710000000000016e-02
2.909609999999999974e-03 1.382880000000000047e-02
4.641209999999999780e-03 8.611910000000000398e-03
5.239470000000000412e-03 1.145900000000000044e-03
4.504059999999999835e-03 -6.543969999999999648e-03
2.569810000000000063e-03 -1.237189999999999991e-02
-1.097259999999999994e-04 -1.469050000000000043e-02
-2.865040000000000121e-03 -1.291510000000000054e-02
-4.975450000000000185e-03 -7.672430000000000049e-03
-5.856290000000000107e-03 -5.232810000000000066e-04
-5.220920000000000422e-03 6.476960000000000356e-03
-3.171999999999999906e-03 1.137729999999999991e-02
-1.926859999999999912e-04 1.288910000000000056e-02
2.965549999999999957e-03 1.075420000000000022e-02
5.473259999999999757e-03 5.768989999999999882e-03
6.643940000000000089e-03 -5.223940000000000267e-04
6.126239999999999811e-03 -6.292599999999999756e-03
4.012230000000000310e-03 -9.985970000000000263e-03
8.278349999999999641e-04 -1.077589999999999971e-02
-2.597570000000000000e-03 -8.677699999999999997e-03
-5.352230000000000355e-03 -4.440750000000000253e-03
-6.693529999999999619e-03 6.441500000000000177e-04
-6.257300000000000362e-03 5.138420000000000314e-03
-4.163840000000000249e-03 7.927150000000000862e-03
-9.889980000000000472e-04 8.470580000000000123e-03
2.394190000000000033e-03 6.847419999999999896e-03
5.059590000000000094e-03 3.678030000000000101e-03
6.287400000000000280e-03 -8.813120000000000079e-05
5.763670000000000251e-03 -3.452269999999999905e-03
3.662439999999999880e-03 -5.617800000000000051e-03
5.884910000000000141e-04 -6.163820000000000410e-03
-2.600400000000000107e-03 -5.109810000000000220e-03
-5.037469999999999622e-03 -2.866650000000000101e-03
-6.085750000000000014e-03 -1.008200000000000003e-04
-5.504130000000000307e-03 2.449590000000000187e-03
-3.497090000000000008e-03 4.158239999999999680e-03
-6.400499999999999723e-04 4.656409999999999716e-03
2.292209999999999821e-03 3.911089999999999879e-03
4.541149999999999874e-03 2.212229999999999926e-03
5.562819999999999571e-03 7.465229999999999674e-05
5.157310000000000019e-03 -1.913409999999999937e-03
3.500150000000000049e-03 -3.252989999999999875e-03
1.074990000000000060e-03 -3.663060000000000101e-03
-1.467669999999999912e-03 -3.138119999999999885e-03
-3.484280000000000189e-03 -1.920749999999999931e-03
-4.498929999999999943e-03 -4.048030000000000204e-04
-4.312350000000000384e-03 9.916799999999999921e-04
-3.036230000000000005e-03 1.940670000000000025e-03
-1.049119999999999957e-03 2.274009999999999920e-03
1.110890000000000011e-03 2.001740000000000116e-03
2.887439999999999798e-03 1.286189999999999990e-03
3.845170000000000185e-03 3.790700000000000146e-04
3.773050000000000015e-03 -4.580210000000000249e-04
2.727970000000000134e-03 -1.023089999999999937e-03
1.010080000000000006e-03 -1.216529999999999955e-03
-9.218969999999999726e-04 -1.050020000000000033e-03
-2.572270000000000199e-03 -6.249880000000000409e-04
-3.535169999999999806e-03 -9.151750000000000596e-05
-3.594309999999999866e-03 3.981429999999999995e-04
-2.770789999999999972e-03 7.284260000000000084e-04
-1.308490000000000044e-03 8.430819999999999894e-04
3.974730000000000212e-04 7.487810000000000125e-04
1.908449999999999903e-03 5.022019999999999870e-04
2.856850000000000188e-03 1.868100000000000088e-04
3.037230000000000138e-03 -1.130090000000000017e-04
2.451029999999999875e-03 -3.334969999999999818e-04
1.295289999999999940e-03 -4.439690000000000043e-04
-9.887050000000000146e-05 -4.483959999999999942e-04
-1.359280000000000037e-03 -3.773480000000000063e-04
-2.171049999999999890e-03 -2.738640000000000193e-04
-2.354170000000000047e-03 -1.780089999999999960e-04
-1.901329999999999904e-03 -1.147619999999999966e-04
-9.687450000000000228e-04 -8.851870000000000344e-05
1.744460000000000032e-04 -8.527370000000000316e-05
1.222360000000000026e-03 -8.111279999999999359e-05
1.912630000000000016e-03 -5.369190000000000003e-05
2.089929999999999826e-03 7.492770000000000092e-06
1.737880000000000024e-03 9.572760000000000145e-05
9.736550000000000283e-04 1.885489999999999866e-04
9.444309999999999367e-06 2.555869999999999908e-04
-9.069739999999999530e-04 2.700390000000000212e-04
-1.556190000000000047e-03 2.196540000000000081e-04
-1.799419999999999926e-03 1.131729999999999954e-04
-1.606999999999999922e-03 -2.036920000000000142e-05
-1.057910000000000014e-03 -1.396450000000000089e-04
-3.126000000000000089e-04 -2.039590000000000034e-04
4.323640000000000230e-04 -1.869279999999999965e-04
9.952760000000000166e-04 -8.633909999999999469e-05
1.253070000000000008e-03 7.327130000000000437e-05
1.167550000000000055e-03 2.464820000000000162e-04
