-1.517070000000000098e-08 9.632929999999999689e-07
-1.073529999999999952e-07 3.942399999999999727e-06
-3.816309999999999846e-07 8.332589999999999786e-06
-9.812770000000000325e-07 1.625690000000000015e-05
-2.226450000000000088e-06 3.594599999999999770e-05
-4.911000000000000075e-06 7.956720000000000622e-05
-1.049130000000000067e-05 1.541869999999999927e-04
-2.072920000000000136e-05 2.483930000000000187e-04
-3.668890000000000036e-05 3.340600000000000101e-04
-5.752609999999999798e-05 3.703290000000000249e-04
-7.963790000000000539e-05 3.112149999999999942e-04
-9.687829999999999706e-05 1.360300000000000105e-04
-1.023519999999999985e-04 -1.304169999999999950e-04
-9.114249999999999685e-05 -4.285989999999999939e-04
-6.227200000000000281e-05 -6.923930000000000232e-04
-1.844109999999999866e-05 -8.751829999999999722e-04
3.640339999999999776e-05 -9.629799999999999992e-04
1.001110000000000042e-04 -9.716800000000000480e-04
1.737400000000000001e-04 -9.261830000000000193e-04
2.597020000000000014e-04 -8.312639999999999613e-04
3.571000000000000064e-04 -6.705689999999999828e-04
4.572000000000000001e-04 -4.378300000000000009e-04
5.424559999999999712e-04 -1.491639999999999969e-04
5.901510000000000219e-04 1.688009999999999988e-04
5.791299999999999660e-04 4.808820000000000217e-04
4.969529999999999564e-04 7.426750000000000409e-04
3.445300000000000099e-04 9.205780000000000213e-04
1.361000000000000014e-04 1.012029999999999917e-03
-1.054320000000000029e-04 1.046749999999999937e-03
-3.554699999999999830e-04 1.072999999999999952e-03
-5.935439999999999943e-04 1.124720000000000060e-03
-8.050190000000000254e-04 1.180700000000000022e-03
-9.783540000000000725e-04 1.174480000000000099e-03
-1.101049999999999902e-03 1.043059999999999951e-03
-1.157959999999999979e-03 7.438670000000000525e-04
-1.133349999999999982e-03 2.706109999999999744e-04
-1.016149999999999953e-03 -3.228819999999999759e-04
-8.056530000000000332e-04 -9.342040000000000023e-04
-5.146540000000000229e-04 -1.450949999999999896e-03
-1.674590000000000106e-04 -1.787989999999999935e-03
2.064869999999999900e-04 -1.913910000000000004e-03
5.802719999999999493e-04 -1.850150000000000058e-03
9.343090000000000292e-04 -1.650390000000000060e-03
1.255800000000000059e-03 -1.381990000000000041e-03
1.533360000000000105e-03 -1.095510000000000060e-03
1.750140000000000072e-03 -8.107550000000000260e-04
1.880029999999999982e-03 -5.340670000000000486e-04
1.890710000000000090e-03 -2.718970000000000024e-04
1.753140000000000037e-03 -2.462069999999999959e-05
1.453330000000000073e-03 2.283130000000000077e-04
1.000870000000000058e-03 5.179479999999999544e-04
4.307259999999999821e-04 8.534449999999999849e-04
-2.018719999999999944e-04 1.203029999999999898e-03
-8.314709999999999679e-04 1.495460000000000105e-03
-1.394339999999999989e-03 1.659820000000000002e-03
-1.839480000000000108e-03 1.658369999999999940e-03
-2.135300000000000132e-03 1.461010000000000000e-03
-2.269999999999999882e-03 1.054830000000000090e-03
-2.246989999999999925e-03 4.917629999999999875e-04
-2.078969999999999863e-03 -1.215359999999999965e-04
-1.783470000000000107e-03 -6.457420000000000391e-04
-1.380719999999999994e-03 -9.492640000000000106e-04
-8.931720000000000197e-04 -9.860220000000000269e-04
-3.449840000000000025e-04 -8.102139999999999646e-04
2.381489999999999996e-04 -5.325619999999999877e-04
8.275949999999999800e-04 -2.602689999999999843e-04
1.388640000000000013e-03 -5.722110000000000006e-05
1.877999999999999895e-03 5.084910000000000075e-05
2.245249999999999850e-03 6.798510000000000067e-05
2.440030000000000150e-03 2.449330000000000146e-05
2.423349999999999897e-03 -3.656699999999999735e-05
2.179739999999999889e-03 -8.105190000000000235e-05
1.725720000000000032e-03 -1.025410000000000064e-04
1.111250000000000042e-03 -1.268960000000000129e-04
4.127949999999999805e-04 -2.071859999999999913e-04
-2.805460000000000072e-04 -3.957950000000000010e-04
-8.845040000000000411e-04 -6.915629999999999651e-04
-1.336340000000000097e-03 -1.022909999999999922e-03
-1.605499999999999939e-03 -1.284830000000000043e-03
-1.694519999999999924e-03 -1.372820000000000073e-03
-1.630769999999999919e-03 -1.213199999999999999e-03
-1.452919999999999906e-03 -7.915949999999999723e-04
-1.197810000000000107e-03 -1.678910000000000092e-04
-8.931819999999999603e-04 5.757769999999999729e-04
-5.588560000000000446e-04 1.358999999999999965e-03
-2.133439999999999957e-04 2.055299999999999922e-03
1.199390000000000048e-04 2.543580000000000146e-03
4.104830000000000067e-04 2.744749999999999794e-03
6.240580000000000346e-04 2.625080000000000122e-03
7.306189999999999516e-04 2.214879999999999800e-03
7.136039999999999528e-04 1.585929999999999935e-03
5.774250000000000086e-04 8.100709999999999899e-04
3.506129999999999989e-04 -5.805529999999999962e-05
8.317939999999999850e-05 -9.959360000000000001e-04
-1.619740000000000047e-04 -1.972919999999999969e-03
-3.235080000000000204e-04 -2.852050000000000071e-03
-3.587889999999999829e-04 -3.441950000000000044e-03
-2.564269999999999896e-04 -3.585909999999999879e-03
-3.833819999999999828e-05 -3.213389999999999996e-03
2.492630000000000019e-04 -2.380300000000000124e-03
5.508270000000000440e-04 -1.217079999999999941e-03
8.149459999999999864e-04 9.668959999999999664e-05
1.002120000000000007e-03 1.331350000000000025e-03
1.085900000000000103e-03 2.304539999999999887e-03
1.048939999999999942e-03 2.931430000000000060e-03
8.792290000000000348e-04 3.161880000000000159e-03
5.722029999999999695e-04 2.976729999999999914e-03
1.390340000000000109e-04 2.368470000000000124e-03
-3.833929999999999933e-04 1.363049999999999982e-03
-9.289730000000000383e-04 9.140709999999999428e-05
-1.410320000000000063e-03 -1.270529999999999967e-03
-1.737070000000000064e-03 -2.486799999999999948e-03
-1.839799999999999942e-03 -3.267209999999999993e-03
-1.690819999999999997e-03 -3.389420000000000193e-03
-1.312240000000000108e-03 -2.793009999999999850e-03
-7.677800000000000250e-04 -1.631620000000000075e-03
-1.425949999999999993e-04 -1.944939999999999983e-04
4.774099999999999980e-04 1.233589999999999904e-03
1.018079999999999983e-03 2.423600000000000147e-03
1.420550000000000024e-03 3.193169999999999949e-03
1.640769999999999946e-03 3.442549999999999950e-03
1.650079999999999950e-03 3.159729999999999917e-03
1.440450000000000020e-03 2.374639999999999911e-03
1.033980000000000099e-03 1.130939999999999983e-03
4.908920000000000427e-04 -4.884340000000000469e-04
-9.260749999999999722e-05 -2.277420000000000052e-03
-6.021909999999999676e-04 -3.894900000000000185e-03
-9.349649999999999498e-04 -4.960159999999999916e-03
-1.028899999999999910e-03 -5.174599999999999686e-03
-8.799030000000000219e-04 -4.410149999999999834e-03
-5.400370000000000474e-04 -2.766600000000000135e-03
-9.866019999999999434e-05 -5.719629999999999853e-04
3.443559999999999807e-04 1.738039999999999941e-03
7.012060000000000081e-04 3.753149999999999802e-03
9.079889999999999966e-04 5.132799999999999863e-03
9.272259999999999617e-04 5.654619999999999959e-03
7.463619999999999803e-04 5.248779999999999765e-03
3.780470000000000076e-04 3.957389999999999866e-03
-1.354039999999999931e-04 1.919750000000000015e-03
-7.177320000000000054e-04 -5.857240000000000319e-04
-1.263299999999999970e-03 -3.102610000000000003e-03
-1.655629999999999949e-03 -5.073610000000000099e-03
-1.795520000000000102e-03 -6.035900000000000293e-03
-1.627909999999999991e-03 -5.755309999999999593e-03
-1.158439999999999947e-03 -4.249949999999999735e-03
-4.555259999999999886e-04 -1.780710000000000019e-03
3.623869999999999847e-04 1.148270000000000063e-03
1.151670000000000037e-03 3.885949999999999994e-03
1.772930000000000035e-03 5.823899999999999910e-03
2.116610000000000106e-03 6.542140000000000108e-03
2.120490000000000048e-03 5.882580000000000101e-03
1.779250000000000016e-03 3.923059999999999915e-03
1.147769999999999997e-03 9.738190000000000084e-04
3.362279999999999935e-04 -2.411369999999999920e-03
-5.058999999999999912e-04 -5.518330000000000110e-03
-1.216899999999999926e-03 -7.614479999999999860e-03
-1.656099999999999977e-03 -8.143489999999999757e-03
-1.735170000000000072e-03 -6.888309999999999919e-03
-1.439350000000000048e-03 -4.022730000000000403e-03
-8.333470000000000157e-04 -1.229939999999999950e-04
-4.886439999999999924e-05 3.918709999999999728e-03
7.424820000000000378e-04 7.179950000000000047e-03
1.362850000000000086e-03 8.956369999999999956e-03
1.662370000000000037e-03 8.862200000000000633e-03
1.551180000000000093e-03 6.853970000000000028e-03
1.024799999999999973e-03 3.278989999999999856e-03
1.740920000000000130e-04 -1.104659999999999930e-03
-8.270429999999999622e-04 -5.307850000000000242e-03
-1.755550000000000036e-03 -8.351670000000000274e-03
-2.387670000000000157e-03 -9.508539999999999354e-03
-2.551260000000000073e-03 -8.460989999999999830e-03
-2.170790000000000133e-03 -5.337429999999999779e-03
-1.292940000000000018e-03 -7.873939999999999629e-04
-8.241509999999999635e-05 4.098069999999999664e-03
1.212469999999999997e-03 8.110960000000000392e-03
2.314710000000000205e-03 1.022149999999999968e-02
2.981419999999999817e-03 9.786339999999999276e-03
3.060049999999999923e-03 6.789710000000000016e-03
2.523829999999999910e-03 1.915859999999999915e-03
1.479129999999999941e-03 -3.669720000000000013e-03
1.450369999999999871e-04 -8.585699999999999929e-03
-1.190429999999999917e-03 -1.157049999999999919e-02
-2.229689999999999884e-03 -1.183239999999999986e-02
-2.730470000000000032e-03 -9.191909999999999317e-03
-2.564820000000000207e-03 -4.148680000000000076e-03
-1.756659999999999949e-03 2.093639999999999911e-03
-4.841830000000000092e-04 7.929490000000000843e-03
9.551679999999999459e-04 1.181409999999999925e-02
2.209850000000000182e-03 1.267829999999999999e-02
2.955940000000000217e-03 1.020489999999999939e-02
2.978360000000000209e-03 4.909870000000000206e-03
2.230569999999999862e-03 -1.845199999999999965e-03
8.544540000000000425e-04 -8.205999999999999753e-03
-8.452060000000000389e-04 -1.240519999999999991e-02
-2.465830000000000018e-03 -1.324600000000000083e-02
-3.598899999999999929e-03 -1.043320000000000011e-02
-3.929610000000000047e-03 -4.681440000000000254e-03
-3.320989999999999793e-03 2.430669999999999793e-03
-1.861369999999999995e-03 8.962599999999999387e-03
1.395210000000000081e-04 1.310279999999999952e-02
2.212550000000000194e-03 1.361039999999999993e-02
3.839250000000000215e-03 1.028139999999999957e-02
4.583180000000000066e-03 4.039479999999999807e-03
4.209499999999999700e-03 -3.360559999999999849e-03
2.762010000000000073e-03 -9.894649999999999626e-03
5.727590000000000502e-04 -1.375990000000000026e-02
-1.808600000000000051e-03 -1.380550000000000006e-02
-3.752070000000000145e-03 -1.003099999999999999e-02
-4.714420000000000416e-03 -3.581940000000000037e-03
-4.392280000000000142e-03 3.668600000000000159e-03
-2.819209999999999945e-03 9.645970000000000238e-03
-3.755279999999999729e-04 1.268150000000000006e-02
2.298220000000000124e-03 1.199650000000000022e-02
4.465900000000000078e-03 7.933219999999999508e-03
5.496659999999999567e-03 1.815360000000000021e-03
5.047679999999999702e-03 -4.503049999999999761e-03
3.175750000000000187e-03 -9.186269999999999852e-03
3.406190000000000129e-04 -1.097270000000000016e-02
-2.706870000000000109e-03 -9.549939999999999818e-03
-5.126350000000000004e-03 -5.525000000000000397e-03
-6.226970000000000074e-03 -1.569189999999999930e-04
-5.673649999999999700e-03 4.971330000000000367e-03
-3.594889999999999891e-03 8.421150000000000510e-03
-5.560950000000000485e-04 9.365119999999999348e-03
2.596390000000000069e-03 7.756110000000000088e-03
4.977650000000000130e-03 4.234550000000000120e-03
5.922310000000000074e-03 -9.968770000000000441e-05
5.179839999999999792e-03 -4.025680000000000230e-03
2.987080000000000030e-03 -6.548250000000000251e-03
-4.345419999999999639e-06 -7.140569999999999730e-03
-2.923010000000000191e-03 -5.836880000000000020e-03
-4.934769999999999782e-03 -3.167629999999999838e-03
-5.483659999999999576e-03 3.095459999999999667e-05
-4.445039999999999929e-03 2.866570000000000142e-03
-2.148479999999999921e-03 4.629570000000000386e-03
7.315260000000000295e-04 4.958109999999999948e-03
3.379340000000000208e-03 3.899769999999999886e-03
5.072880000000000097e-03 1.865829999999999963e-03
5.380399999999999593e-03 -5.078599999999999521e-04
4.265849999999999850e-03 -2.550839999999999965e-03
2.079329999999999894e-03 -3.741690000000000207e-03
-5.572770000000000111e-04 -3.836870000000000037e-03
-2.931309999999999905e-03 -2.913779999999999929e-03
-4.433870000000000346e-03 -1.319759999999999900e-03
-4.715719999999999634e-03 4.528409999999999966e-04
-3.766090000000000149e-03 1.922019999999999978e-03
-1.898940000000000003e-03 2.749510000000000148e-03
3.446939999999999900e-04 2.813009999999999903e-03
2.349350000000000049e-03 2.204300000000000183e-03
3.590869999999999913e-03 1.170779999999999954e-03
3.771930000000000161e-03 3.058900000000000139e-05
2.892449999999999969e-03 -9.181690000000000381e-04
1.238329999999999943e-03 -1.471120000000000023e-03
-7.063409999999999784e-04 -1.555490000000000084e-03
-2.397579999999999850e-03 -1.228420000000000033e-03
-3.381359999999999921e-03 -6.425190000000000328e-04
-3.413610000000000082e-03 7.416229999999999805e-06
-2.518339999999999988e-03 5.403460000000000337e-04
-9.699720000000000434e-04 8.330650000000000208e-04
7.922899999999999648e-04 8.431460000000000213e-04
2.291529999999999956e-03 6.078840000000000502e-04
3.144370000000000064e-03 2.227960000000000129e-04
3.160000000000000048e-03 -1.920290000000000007e-04
2.381120000000000025e-03 -5.272309999999999670e-04
1.059049999999999965e-03 -7.114009999999999605e-04
-4.263579999999999996e-04 -7.237730000000000379e-04
-1.676509999999999979e-03 -5.908169999999999915e-04
-2.381820000000000204e-03 -3.700199999999999843e-04
-2.398309999999999852e-03 -1.276050000000000090e-04
-1.774720000000000030e-03 8.201590000000000193e-05
-7.263859999999999805e-04 2.288620000000000053e-04
4.333839999999999828e-04 3.093390000000000007e-04
1.383059999999999975e-03 3.388159999999999761e-04
1.878670000000000036e-03 3.392569999999999809e-04
1.813270000000000073e-03 3.274910000000000126e-04
1.236270000000000034e-03 3.086850000000000032e-04
3.304520000000000135e-04 2.769529999999999757e-04
-6.446800000000000143e-04 2.218750000000000128e-04
-1.426069999999999985e-03 1.373830000000000092e-04
-1.816640000000000008e-03 2.870380000000000121e-05
-1.733149999999999925e-03 -8.591590000000000186e-05
-1.221139999999999899e-03 -1.796810000000000030e-04
-4.351059999999999910e-04 -2.263110000000000089e-04
4.089389999999999822e-04 -2.102390000000000042e-04
1.094050000000000057e-03 -1.339509999999999919e-04
1.459360000000000041e-03 -1.951029999999999851e-05
1.438470000000000070e-03 9.667779999999999787e-05
1.070250000000000021e-03 1.744080000000000012e-04
4.809279999999999870e-04 1.822580000000000023e-04
-1.557320000000000058e-04 1.081859999999999972e-04
