-2.453550000000000156e-08 9.423919999999999593e-07
-1.654069999999999935e-07 3.801039999999999949e-06
-5.498770000000000209e-07 7.860480000000000676e-06
-1.310129999999999940e-06 1.512629999999999949e-05
-2.802630000000000050e-06 3.352089999999999952e-05
-6.023660000000000193e-06 7.436029999999999344e-05
-1.268639999999999936e-05 1.432510000000000012e-04
-2.432669999999999868e-05 2.274739999999999976e-04
-4.067099999999999736e-05 2.991739999999999786e-04
-5.842980000000000087e-05 3.204770000000000015e-04
-7.145459999999999854e-05 2.511379999999999797e-04
-7.278440000000000062e-05 7.739080000000000449e-05
-5.831030000000000311e-05 -1.710369999999999957e-04
-2.990499999999999913e-05 -4.348600000000000208e-04
4.922300000000000289e-06 -6.541049999999999859e-04
3.766570000000000091e-05 -7.915659999999999493e-04
6.511469999999999509e-05 -8.414839999999999820e-04
9.282969999999999655e-05 -8.235099999999999539e-04
1.325859999999999940e-04 -7.618500000000000055e-04
1.940880000000000025e-04 -6.594629999999999980e-04
2.755279999999999817e-04 -5.010289999999999492e-04
3.598590000000000252e-04 -2.848440000000000260e-04
4.204470000000000082e-04 -3.103279999999999873e-05
4.326959999999999921e-04 2.357709999999999895e-04
3.843629999999999790e-04 4.902590000000000506e-04
2.793440000000000007e-04 7.022130000000000342e-04
1.340369999999999908e-04 8.495290000000000176e-04
-3.105659999999999671e-05 9.320010000000000100e-04
-1.995850000000000076e-04 9.704820000000000503e-04
-3.630349999999999962e-04 9.969679999999999861e-04
-5.182630000000000353e-04 1.029900000000000043e-03
-6.605219999999999755e-04 1.042100000000000014e-03
-7.768369999999999486e-04 9.754330000000000509e-04
-8.457550000000000094e-04 7.867809999999999604e-04
-8.449790000000000426e-04 4.554760000000000145e-04
-7.618769999999999969e-04 -1.096139999999999978e-05
-6.003799999999999675e-04 -5.582090000000000489e-04
-3.805379999999999809e-04 -1.095030000000000092e-03
-1.307740000000000053e-04 -1.525190000000000053e-03
1.232929999999999866e-04 -1.777090000000000050e-03
3.674680000000000264e-04 -1.825989999999999992e-03
6.003119999999999810e-04 -1.693840000000000059e-03
8.262960000000000183e-04 -1.433309999999999923e-03
1.044750000000000106e-03 -1.113639999999999942e-03
1.240999999999999916e-03 -7.909399999999999591e-04
1.384529999999999919e-03 -4.910440000000000508e-04
1.436189999999999949e-03 -2.216230000000000023e-04
1.361849999999999953e-03 1.796310000000000086e-05
1.146289999999999896e-03 2.415379999999999903e-04
7.999689999999999839e-04 4.836150000000000106e-04
3.561079999999999996e-04 7.790089999999999949e-04
-1.384660000000000122e-04 1.124849999999999938e-03
-6.327880000000000137e-04 1.465399999999999949e-03
-1.078130000000000061e-03 1.705860000000000015e-03
-1.432389999999999965e-03 1.765569999999999943e-03
-1.665180000000000046e-03 1.617029999999999986e-03
-1.762499999999999961e-03 1.256830000000000013e-03
-1.727159999999999937e-03 7.055209999999999693e-04
-1.574869999999999916e-03 4.374699999999999975e-05
-1.328360000000000001e-03 -6.075100000000000161e-04
-1.011449999999999893e-03 -1.113410000000000007e-03
-6.447959999999999976e-04 -1.363190000000000018e-03
-2.432439999999999906e-04 -1.338989999999999972e-03
1.848130000000000074e-04 -1.118099999999999910e-03
6.338309999999999561e-04 -8.195060000000000105e-04
1.091849999999999895e-03 -5.422260000000000361e-04
1.529350000000000067e-03 -3.323390000000000176e-04
1.894480000000000035e-03 -1.977450000000000117e-04
2.121350000000000145e-03 -1.226749999999999867e-04
2.149980000000000120e-03 -7.208310000000000108e-05
1.948679999999999943e-03 -3.677699999999999957e-06
1.528520000000000009e-03 1.107660000000000030e-04
9.435129999999999906e-04 2.650969999999999997e-04
2.772890000000000077e-04 4.131730000000000233e-04
-3.775329999999999919e-04 4.764249999999999930e-04
-9.396260000000000463e-04 3.786190000000000150e-04
-1.353789999999999898e-03 1.066849999999999992e-04
-1.598290000000000041e-03 -2.682399999999999932e-04
-1.683070000000000052e-03 -6.293030000000000021e-04
-1.639089999999999948e-03 -8.534999999999999835e-04
-1.502700000000000043e-03 -8.489549999999999787e-04
-1.301560000000000000e-03 -5.891959999999999472e-04
-1.047369999999999942e-03 -1.301110000000000016e-04
-7.391579999999999592e-04 4.434549999999999885e-04
-3.760169999999999745e-04 1.045130000000000017e-03
2.941890000000000051e-05 1.545249999999999966e-03
4.454489999999999969e-04 1.830100000000000086e-03
8.251759999999999477e-04 1.842979999999999922e-03
1.116940000000000077e-03 1.584539999999999950e-03
1.276940000000000063e-03 1.121070000000000053e-03
1.280019999999999986e-03 5.480889999999999764e-04
1.127109999999999961e-03 -6.086119999999999931e-05
8.482980000000000425e-04 -6.724850000000000098e-04
5.001590000000000202e-04 -1.300390000000000009e-03
1.554290000000000055e-04 -1.952610000000000023e-03
-1.165469999999999939e-04 -2.525519999999999848e-03
-2.731380000000000266e-04 -2.855359999999999929e-03
-3.118180000000000019e-04 -2.808680000000000031e-03
-2.646990000000000215e-04 -2.331290000000000185e-03
-1.777129999999999975e-04 -1.482519999999999975e-03
-8.828279999999999439e-05 -3.799900000000000261e-04
-1.520659999999999938e-05 8.213279999999999669e-04
3.714889999999999935e-05 1.918210000000000054e-03
6.689770000000000156e-05 2.747540000000000138e-03
6.325730000000000166e-05 3.232130000000000159e-03
5.271809999999999929e-06 3.321249999999999983e-03
-1.258710000000000015e-04 2.996650000000000008e-03
-3.285289999999999847e-04 2.262269999999999819e-03
-5.690779999999999884e-04 1.166560000000000080e-03
-7.876870000000000226e-04 -1.373210000000000088e-04
-9.194770000000000330e-04 -1.467989999999999963e-03
-9.185349999999999461e-04 -2.610640000000000009e-03
-7.738719999999999931e-04 -3.319599999999999808e-03
-5.103420000000000005e-04 -3.424570000000000045e-03
-1.738060000000000093e-04 -2.901739999999999875e-03
1.909419999999999889e-04 -1.906780000000000063e-03
5.551529999999999616e-04 -6.915530000000000245e-04
9.026989999999999710e-04 5.207280000000000329e-04
1.211739999999999996e-03 1.559559999999999983e-03
1.439699999999999921e-03 2.276429999999999860e-03
1.527039999999999908e-03 2.577209999999999918e-03
1.420000000000000038e-03 2.439090000000000095e-03
1.099769999999999914e-03 1.880350000000000034e-03
6.025979999999999791e-04 9.398710000000000007e-04
1.832500000000000158e-05 -3.028169999999999842e-04
-5.354830000000000093e-04 -1.659490000000000010e-03
-9.543229999999999769e-04 -2.836910000000000213e-03
-1.181540000000000021e-03 -3.533600000000000022e-03
-1.218429999999999947e-03 -3.540820000000000078e-03
-1.107099999999999968e-03 -2.796499999999999941e-03
-9.002629999999999964e-04 -1.412360000000000091e-03
-6.372040000000000473e-04 3.344670000000000217e-04
-3.393480000000000042e-04 2.104060000000000045e-03
-2.549590000000000097e-05 3.590789999999999954e-03
2.687559999999999862e-04 4.533090000000000036e-03
4.867679999999999989e-04 4.747590000000000317e-03
5.682779999999999689e-04 4.171979999999999612e-03
4.796609999999999871e-04 2.844329999999999949e-03
2.396619999999999968e-04 9.032629999999999609e-04
-7.697410000000000558e-05 -1.372069999999999974e-03
-3.649489999999999917e-04 -3.542350000000000099e-03
-5.312430000000000364e-04 -5.106789999999999941e-03
-5.295270000000000142e-04 -5.700290000000000218e-03
-3.664499999999999897e-04 -5.199399999999999855e-03
-8.305370000000000070e-05 -3.700269999999999861e-03
2.688309999999999745e-04 -1.473340000000000066e-03
6.392799999999999915e-04 1.043459999999999960e-03
9.799179999999999783e-04 3.318769999999999967e-03
1.237339999999999968e-03 4.877600000000000165e-03
1.350470000000000099e-03 5.407450000000000277e-03
1.260489999999999961e-03 4.807070000000000093e-03
9.346209999999999544e-04 3.156930000000000066e-03
3.933210000000000243e-04 7.277129999999999493e-04
-2.782500000000000142e-04 -1.995810000000000205e-03
-9.471279999999999890e-04 -4.393560000000000347e-03
-1.472329999999999993e-03 -5.852210000000000051e-03
-1.747770000000000053e-03 -5.950890000000000346e-03
-1.728069999999999953e-03 -4.596939999999999880e-03
-1.430449999999999994e-03 -2.037119999999999903e-03
-9.196369999999999502e-04 1.166560000000000080e-03
-2.872279999999999950e-04 4.236779999999999886e-03
3.633500000000000228e-04 6.446290000000000353e-03
9.222800000000000399e-04 7.314610000000000035e-03
1.279430000000000020e-03 6.645850000000000021e-03
1.345410000000000009e-03 4.505959999999999827e-03
1.086539999999999988e-03 1.254469999999999934e-03
5.523810000000000092e-04 -2.428720000000000098e-03
-1.251790000000000021e-04 -5.705319999999999836e-03
-7.649640000000000302e-04 -7.795120000000000000e-03
-1.188360000000000067e-03 -8.183779999999999874e-03
-1.270330000000000070e-03 -6.738830000000000341e-03
-9.746320000000000157e-04 -3.700800000000000183e-03
-3.633560000000000088e-04 2.770310000000000112e-04
4.227909999999999980e-04 4.224130000000000419e-03
1.203139999999999895e-03 7.162039999999999726e-03
1.797769999999999967e-03 8.347860000000000349e-03
2.062410000000000198e-03 7.407519999999999903e-03
1.915599999999999942e-03 4.501830000000000068e-03
1.354949999999999948e-03 3.452899999999999958e-04
4.624949999999999960e-04 -4.027949999999999760e-03
-6.009639999999999470e-04 -7.499979999999999841e-03
-1.617900000000000024e-03 -9.140830000000000830e-03
-2.355040000000000085e-03 -8.478589999999999391e-03
-2.619690000000000039e-03 -5.567619999999999687e-03
-2.319059999999999958e-03 -1.003240000000000078e-03
-1.497859999999999947e-03 4.078489999999999720e-03
-3.343840000000000159e-04 8.299980000000000205e-03
9.027899999999999944e-04 1.046779999999999933e-02
1.920379999999999960e-03 9.914060000000000580e-03
2.470389999999999826e-03 6.674120000000000399e-03
2.410770000000000014e-03 1.471979999999999903e-03
1.742789999999999921e-03 -4.334290000000000191e-03
6.144129999999999600e-04 -9.121600000000000541e-03
-7.079029999999999611e-04 -1.153359999999999976e-02
-1.891630000000000048e-03 -1.085859999999999950e-02
-2.610240000000000216e-03 -7.226070000000000236e-03
-2.626040000000000058e-03 -1.595019999999999945e-03
-1.864839999999999987e-03 4.464609999999999933e-03
-4.594639999999999770e-04 9.276440000000000380e-03
1.258529999999999892e-03 1.148150000000000039e-02
2.831380000000000095e-03 1.036480000000000040e-02
3.798300000000000114e-03 6.187269999999999923e-03
3.830440000000000060e-03 1.510310000000000114e-04
2.836500000000000046e-03 -5.982310000000000232e-03
1.008989999999999974e-03 -1.046889999999999973e-02
-1.207109999999999954e-03 -1.200960000000000048e-02
-3.225990000000000194e-03 -1.005630000000000066e-02
-4.483230000000000375e-03 -5.150590000000000029e-03
-4.596880000000000237e-03 1.234770000000000052e-03
-3.483469999999999796e-03 7.219390000000000009e-03
-1.398570000000000021e-03 1.105510000000000000e-02
1.114559999999999900e-03 1.164899999999999963e-02
3.361939999999999894e-03 8.886889999999999720e-03
4.689389999999999878e-03 3.674189999999999921e-03
4.675750000000000219e-03 -2.366270000000000179e-03
3.272489999999999861e-03 -7.430370000000000377e-03
8.421010000000000474e-04 -1.006469999999999934e-02
-1.926659999999999961e-03 -9.610330000000000261e-03
-4.209949999999999630e-03 -6.403810000000000231e-03
-5.294799999999999680e-03 -1.562940000000000076e-03
-4.807559999999999785e-03 3.421650000000000039e-03
-2.846720000000000066e-03 7.075050000000000262e-03
3.304240000000000063e-05 8.375260000000000690e-03
2.984109999999999888e-03 7.104069999999999656e-03
5.123609999999999796e-03 3.843660000000000045e-03
5.804909999999999931e-03 -2.964900000000000022e-04
4.818059999999999878e-03 -4.042590000000000419e-03
2.454969999999999895e-03 -6.344169999999999671e-03
-5.813590000000000424e-04 -6.668949999999999878e-03
-3.393559999999999893e-03 -5.107190000000000167e-03
-5.163779999999999759e-03 -2.281290000000000054e-03
-5.398759999999999844e-03 8.905189999999999894e-04
-4.071169999999999824e-03 3.492159999999999796e-03
-1.616580000000000057e-03 4.870939999999999818e-03
1.209170000000000080e-03 4.791069999999999704e-03
3.564589999999999859e-03 3.446639999999999947e-03
4.775230000000000100e-03 1.354100000000000008e-03
4.527390000000000060e-03 -8.268159999999999659e-04
2.946999999999999967e-03 -2.491080000000000117e-03
5.449749999999999516e-04 -3.249310000000000045e-03
-1.948290000000000091e-03 -3.009410000000000123e-03
-3.805059999999999866e-03 -1.966789999999999945e-03
-4.510980000000000371e-03 -5.169820000000000318e-04
-3.903950000000000215e-03 8.784189999999999663e-04
-2.204840000000000012e-03 1.831780000000000084e-03
6.274289999999999859e-05 2.133599999999999820e-03
2.235099999999999847e-03 1.790549999999999911e-03
3.703520000000000076e-03 9.916759999999999291e-04
4.085440000000000078e-03 2.269649999999999860e-05
3.324129999999999793e-03 -8.321879999999999816e-04
1.691070000000000030e-03 -1.365579999999999919e-03
-3.067039999999999827e-04 -1.488530000000000061e-03
-2.083799999999999802e-03 -1.235180000000000002e-03
-3.149439999999999878e-03 -7.327699999999999925e-04
-3.244379999999999833e-03 -1.511019999999999909e-04
-2.403090000000000087e-03 3.513799999999999866e-04
-9.267249999999999880e-04 6.690510000000000424e-04
7.197199999999999735e-04 7.680229999999999479e-04
2.051349999999999962e-03 6.804170000000000010e-04
2.703679999999999972e-03 4.798739999999999798e-04
2.529089999999999897e-03 2.494299999999999751e-04
1.624919999999999967e-03 5.382039999999999719e-05
2.900930000000000023e-04 -7.520089999999999349e-05
-1.072519999999999984e-03 -1.380829999999999991e-04
-2.076539999999999983e-03 -1.550230000000000097e-04
-2.460009999999999888e-03 -1.494520000000000050e-04
-2.151290000000000147e-03 -1.352950000000000116e-04
-1.277109999999999921e-03 -1.128380000000000062e-04
-1.141210000000000005e-04 -7.350470000000000116e-05
9.987340000000000367e-04 -9.839610000000000478e-06
1.759769999999999911e-03 7.492679999999999555e-05
1.986910000000000152e-03 1.626809999999999964e-04
1.660519999999999965e-03 2.239150000000000135e-04
9.170240000000000075e-04 2.278199999999999973e-04
-1.200169999999999980e-06 1.551269999999999938e-04
-8.223980000000000092e-04 8.596519999999999476e-06
-1.324389999999999942e-03 -1.832659999999999899e-04
-1.393300000000000094e-03 -3.714330000000000062e-04
-1.046880000000000033e-03 -4.995859999999999971e-04
-4.187969999999999952e-04 -5.215309999999999911e-04
2.885009999999999810e-04 -4.172059999999999896e-04
8.663510000000000134e-04 -2.017569999999999997e-04
1.158979999999999993e-03 7.591659999999999749e-05
1.102890000000000034e-03 3.454630000000000092e-04
7.370859999999999695e-04 5.349349999999999461e-04
1.839130000000000127e-04 5.922489999999999873e-04
-3.918470000000000178e-04 5.014900000000000520e-04
-8.322079999999999712e-04 2.886890000000000137e-04
-1.029160000000000101e-03 1.498639999999999936e-05
-9.502119999999999751e-04 -2.410000000000000033e-04
