-1.813939999999999963e-08 9.530909999999999944e-07
-1.261970000000000017e-07 3.871730000000000114e-06
-4.383620000000000180e-07 8.088960000000000562e-06
-1.098369999999999955e-06 1.565349999999999844e-05
-2.442529999999999889e-06 3.462309999999999721e-05
-5.336439999999999681e-06 7.671370000000000381e-05
-1.133849999999999995e-05 1.481920000000000069e-04
-2.218150000000000099e-05 2.368270000000000011e-04
-3.855459999999999844e-05 3.143970000000000055e-04
-5.883840000000000234e-05 3.414229999999999869e-04
-7.850470000000000072e-05 2.751159999999999999e-04
-9.088099999999999944e-05 9.924540000000000358e-05
-8.959399999999999634e-05 -1.573500000000000029e-04
-7.157810000000000507e-05 -4.337389999999999887e-04
-3.847969999999999684e-05 -6.664099999999999841e-04
4.907049999999999884e-06 -8.149509999999999567e-04
5.439750000000000222e-05 -8.730100000000000186e-04
1.098229999999999953e-04 -8.627840000000000118e-04
1.753360000000000031e-04 -8.122169999999999520e-04
2.554179999999999862e-04 -7.257760000000000253e-04
3.483340000000000026e-04 -5.849330000000000458e-04
4.415290000000000208e-04 -3.808920000000000253e-04
5.128760000000000003e-04 -1.270199999999999866e-04
5.376499999999999769e-04 1.539429999999999998e-04
4.976250000000000204e-04 4.324579999999999852e-04
3.880439999999999866e-04 6.707990000000000263e-04
2.193960000000000116e-04 8.409850000000000398e-04
1.319319999999999932e-05 9.422820000000000154e-04
-2.060650000000000133e-04 1.000489999999999930e-03
-4.185829999999999868e-04 1.054440000000000021e-03
-6.126729999999999936e-04 1.126059999999999908e-03
-7.821329999999999602e-04 1.184450000000000086e-03
-9.196929999999999645e-04 1.160570000000000091e-03
-1.011949999999999959e-03 9.977989999999999516e-04
-1.040040000000000105e-03 6.662070000000000405e-04
-9.857959999999999379e-04 1.730070000000000056e-04
-8.399419999999999890e-04 -4.193469999999999815e-04
-6.080010000000000492e-04 -1.008030000000000037e-03
-3.102959999999999985e-04 -1.488069999999999974e-03
2.437220000000000020e-05 -1.785920000000000086e-03
3.681129999999999906e-04 -1.880970000000000038e-03
7.011349999999999744e-04 -1.800809999999999911e-03
1.012579999999999904e-03 -1.599619999999999948e-03
1.294709999999999915e-03 -1.341030000000000000e-03
1.534189999999999946e-03 -1.069939999999999910e-03
1.706059999999999912e-03 -8.004649999999999873e-04
1.775019999999999983e-03 -5.335420000000000223e-04
1.705319999999999970e-03 -2.698460000000000181e-04
1.475079999999999924e-03 -3.495330000000000211e-06
1.087730000000000077e-03 2.907230000000000014e-04
5.746889999999999724e-04 6.428960000000000057e-04
-1.121810000000000022e-05 1.052259999999999958e-03
-6.078249999999999886e-04 1.468649999999999947e-03
-1.155739999999999936e-03 1.799349999999999908e-03
-1.607169999999999996e-03 1.957249999999999789e-03
-1.930669999999999999e-03 1.900479999999999964e-03
-2.111469999999999840e-03 1.609210000000000024e-03
-2.147570000000000121e-03 1.092180000000000104e-03
-2.044470000000000055e-03 4.267510000000000075e-04
-1.811869999999999930e-03 -2.608360000000000214e-04
-1.462889999999999894e-03 -8.251559999999999581e-04
-1.015099999999999900e-03 -1.144159999999999969e-03
-4.910199999999999981e-04 -1.192130000000000013e-03
8.314010000000000042e-05 -1.044119999999999944e-03
6.787720000000000125e-04 -8.214259999999999921e-04
1.263409999999999967e-03 -6.256560000000000420e-04
1.796639999999999956e-03 -5.006400000000000043e-04
2.227439999999999802e-03 -4.452920000000000185e-04
2.498010000000000161e-03 -4.313279999999999740e-04
2.555659999999999963e-03 -4.139160000000000126e-04
2.368959999999999816e-03 -3.484480000000000086e-04
1.941709999999999920e-03 -2.118160000000000062e-04
1.318299999999999897e-03 -1.836079999999999876e-05
5.774520000000000000e-04 1.797090000000000102e-04
-1.839590000000000051e-04 3.020930000000000230e-04
-8.717729999999999490e-04 2.730650000000000156e-04
-1.413650000000000019e-03 7.817500000000000284e-05
-1.771290000000000017e-03 -2.171589999999999989e-04
-1.942029999999999972e-03 -5.052890000000000202e-04
-1.949669999999999919e-03 -6.727270000000000255e-04
-1.828999999999999897e-03 -6.339069999999999601e-04
-1.611009999999999959e-03 -3.633369999999999807e-04
-1.314630000000000009e-03 8.718700000000000397e-05
-9.483990000000000519e-04 6.401339999999999938e-04
-5.209210000000000359e-04 1.217659999999999966e-03
-5.278750000000000239e-05 1.697420000000000049e-03
4.178960000000000118e-04 1.968859999999999794e-03
8.389709999999999876e-04 1.972929999999999909e-03
1.155100000000000050e-03 1.703869999999999907e-03
1.321750000000000008e-03 1.221269999999999994e-03
1.317079999999999987e-03 6.178069999999999482e-04
1.148740000000000091e-03 -3.056879999999999775e-05
8.542380000000000025e-04 -6.849119999999999774e-04
4.950290000000000202e-04 -1.354200000000000065e-03
1.450520000000000065e-04 -2.045910000000000176e-03
-1.262539999999999875e-04 -2.658649999999999815e-03
-2.729189999999999936e-04 -3.028610000000000156e-03
-2.848710000000000174e-04 -3.016950000000000014e-03
-1.873380000000000010e-04 -2.561100000000000182e-03
-2.770909999999999869e-05 -1.715270000000000076e-03
1.427389999999999898e-04 -5.993409999999999797e-04
2.827649999999999803e-04 6.240119999999999608e-04
3.665219999999999850e-04 1.744869999999999928e-03
3.809139999999999922e-04 2.600040000000000077e-03
3.182460000000000020e-04 3.120040000000000140e-03
1.712729999999999982e-04 3.264659999999999958e-03
-6.350209999999999633e-05 3.020109999999999895e-03
-3.754540000000000004e-04 2.381820000000000204e-03
-7.294429999999999751e-04 1.377600000000000092e-03
-1.064849999999999998e-03 1.372319999999999898e-04
-1.307669999999999926e-03 -1.171680000000000030e-03
-1.391209999999999929e-03 -2.331769999999999936e-03
-1.277820000000000041e-03 -3.080939999999999894e-03
-9.723649999999999915e-04 -3.228599999999999873e-03
-5.199550000000000049e-04 -2.738689999999999788e-03
1.105459999999999916e-05 -1.769680000000000038e-03
5.512600000000000312e-04 -5.885190000000000213e-04
1.044159999999999923e-03 5.665670000000000255e-04
1.445880000000000082e-03 1.524060000000000041e-03
1.717020000000000091e-03 2.153009999999999907e-03
1.817980000000000073e-03 2.386140000000000136e-03
1.714260000000000003e-03 2.220310000000000079e-03
1.391840000000000091e-03 1.673760000000000048e-03
8.753339999999999645e-04 7.651659999999999582e-04
2.378229999999999895e-04 -4.545729999999999996e-04
-4.082399999999999809e-04 -1.816719999999999967e-03
-9.404689999999999838e-04 -3.025359999999999942e-03
-1.264619999999999937e-03 -3.754459999999999829e-03
-1.342859999999999974e-03 -3.763739999999999794e-03
-1.199320000000000030e-03 -2.972840000000000031e-03
-9.026359999999999549e-04 -1.500779999999999953e-03
-5.360509999999999537e-04 3.460879999999999838e-04
-1.712229999999999969e-04 2.194300000000000157e-03
1.419249999999999939e-04 3.721009999999999856e-03
3.695460000000000021e-04 4.673690000000000309e-03
4.836819999999999813e-04 4.896099999999999584e-03
4.593069999999999987e-04 4.350640000000000236e-03
2.839760000000000201e-04 3.078580000000000032e-03
-2.412329999999999992e-05 1.195309999999999992e-03
-4.029500000000000096e-04 -1.056850000000000020e-03
-7.523939999999999795e-04 -3.265140000000000143e-03
-9.623779999999999531e-04 -4.925490000000000250e-03
-9.506850000000000500e-04 -5.638869999999999820e-03
-6.912170000000000467e-04 -5.237340000000000051e-03
-2.212720000000000051e-04 -3.789079999999999792e-03
3.712200000000000135e-04 -1.567899999999999893e-03
9.727030000000000008e-04 9.599850000000000050e-04
1.471569999999999953e-03 3.230869999999999836e-03
1.778939999999999905e-03 4.754480000000000164e-03
1.838280000000000079e-03 5.228580000000000033e-03
1.627189999999999930e-03 4.579200000000000284e-03
1.158979999999999993e-03 2.911840000000000175e-03
4.877309999999999827e-04 5.023529999999999792e-04
-2.889500000000000033e-04 -2.181960000000000149e-03
-1.038889999999999996e-03 -4.547060000000000338e-03
-1.619919999999999954e-03 -5.993489999999999755e-03
-1.914560000000000047e-03 -6.090400000000000154e-03
-1.862350000000000030e-03 -4.717619999999999626e-03
-1.478170000000000005e-03 -2.096639999999999875e-03
-8.500380000000000089e-04 1.214280000000000090e-03
-1.167959999999999978e-04 4.413829999999999663e-03
5.656959999999999723e-04 6.734249999999999785e-03
1.056800000000000100e-03 7.660649999999999751e-03
1.255709999999999943e-03 6.987740000000000097e-03
1.119910000000000003e-03 4.798610000000000028e-03
6.779279999999999508e-04 1.480820000000000096e-03
3.040719999999999917e-05 -2.265730000000000088e-03
-6.663069999999999887e-04 -5.598490000000000237e-03
-1.232790000000000101e-03 -7.742960000000000120e-03
-1.508400000000000019e-03 -8.188469999999999777e-03
-1.392419999999999899e-03 -6.796769999999999722e-03
-8.751710000000000001e-04 -3.794780000000000202e-03
-4.896200000000000319e-05 1.762459999999999927e-04
9.092020000000000136e-04 4.144840000000000330e-03
1.779739999999999924e-03 7.113809999999999925e-03
2.353810000000000017e-03 8.311549999999999147e-03
2.484000000000000097e-03 7.340939999999999792e-03
2.120390000000000209e-03 4.358990000000000087e-03
1.322110000000000039e-03 1.001910000000000035e-04
2.438829999999999958e-04 -4.365039999999999719e-03
-8.961260000000000189e-04 -7.882379999999999595e-03
-1.860150000000000085e-03 -9.500959999999999267e-03
-2.439049999999999899e-03 -8.750680000000000264e-03
-2.498259999999999977e-03 -5.706209999999999755e-03
-2.014610000000000012e-03 -9.896480000000000901e-04
-1.091340000000000105e-03 4.239660000000000130e-03
5.902610000000000056e-05 8.585620000000000404e-03
1.161659999999999906e-03 1.083740000000000051e-02
1.944360000000000012e-03 1.031020000000000027e-02
2.205050000000000066e-03 7.028259999999999716e-03
1.866480000000000005e-03 1.719040000000000021e-03
1.002290000000000082e-03 -4.236300000000000135e-03
-1.765100000000000024e-04 -9.173100000000000004e-03
-1.370240000000000000e-03 -1.168680000000000066e-02
-2.260949999999999852e-03 -1.103020000000000042e-02
-2.589279999999999794e-03 -7.327079999999999704e-03
-2.222109999999999797e-03 -1.565109999999999982e-03
-1.194900000000000042e-03 4.632919999999999573e-03
2.827419999999999977e-04 9.534259999999999263e-03
1.863429999999999904e-03 1.174140000000000079e-02
3.140050000000000133e-03 1.053010000000000057e-02
3.750219999999999856e-03 6.180230000000000098e-03
3.478619999999999976e-03 -6.685200000000000300e-05
2.328000000000000208e-03 -6.399730000000000175e-03
5.383840000000000413e-04 -1.102530000000000003e-02
-1.457100000000000018e-03 -1.260720000000000070e-02
-3.138360000000000195e-03 -1.057939999999999922e-02
-4.040659999999999738e-03 -5.490400000000000315e-03
-3.889140000000000132e-03 1.152809999999999989e-03
-2.686889999999999938e-03 7.410410000000000087e-03
-7.302469999999999491e-04 1.146340000000000033e-02
1.458290000000000107e-03 1.215849999999999917e-02
3.266020000000000121e-03 9.353570000000000287e-03
4.160129999999999731e-03 3.970819999999999905e-03
3.844800000000000214e-03 -2.307909999999999823e-03
2.359609999999999833e-03 -7.596900000000000180e-03
8.697250000000000120e-05 -1.036650000000000071e-02
-2.340849999999999789e-03 -9.912890000000000590e-03
-4.213869999999999769e-03 -6.572640000000000253e-03
-4.950569999999999624e-03 -1.507000000000000093e-03
-4.280159999999999867e-03 3.723610000000000027e-03
-2.341429999999999814e-03 7.571020000000000354e-03
3.412199999999999890e-04 8.955539999999999681e-03
3.003510000000000034e-03 7.628740000000000174e-03
4.866230000000000035e-03 4.176329999999999799e-03
5.372449999999999969e-03 -2.546199999999999982e-04
4.362689999999999797e-03 -4.325110000000000066e-03
2.130270000000000080e-03 -6.905409999999999847e-03
-6.640660000000000486e-04 -7.389380000000000080e-03
-3.192760000000000216e-03 -5.820360000000000117e-03
-4.714559999999999584e-03 -2.817790000000000138e-03
-4.799689999999999686e-03 6.537119999999999780e-04
-3.456330000000000079e-03 3.592650000000000184e-03
-1.120080000000000077e-03 5.246609999999999642e-03
1.487370000000000012e-03 5.297589999999999591e-03
3.582999999999999814e-03 3.902559999999999796e-03
4.558839999999999767e-03 1.599359999999999974e-03
4.157219999999999666e-03 -8.786210000000000027e-04
2.534240000000000104e-03 -2.824339999999999837e-03
1.975729999999999869e-04 -3.751379999999999906e-03
-2.156359999999999961e-03 -3.507150000000000111e-03
-3.852560000000000099e-03 -2.282259999999999931e-03
-4.430869999999999947e-03 -5.240849999999999806e-04
-3.767850000000000105e-03 1.214379999999999930e-03
-2.096419999999999881e-03 2.443659999999999843e-03
7.643829999999999624e-05 2.873409999999999853e-03
2.124930000000000135e-03 2.474329999999999846e-03
3.485629999999999978e-03 1.453580000000000106e-03
3.813130000000000078e-03 1.613730000000000015e-04
3.068110000000000195e-03 -1.028419999999999942e-03
1.515889999999999989e-03 -1.820669999999999927e-03
-3.613639999999999778e-04 -2.065029999999999817e-03
-2.010969999999999945e-03 -1.775539999999999931e-03
-2.970979999999999802e-03 -1.103170000000000105e-03
-2.999190000000000102e-03 -2.762460000000000111e-04
-2.133560000000000057e-03 4.708649999999999988e-04
-6.686799999999999472e-04 9.602910000000000525e-04
9.413549999999999479e-04 1.109210000000000014e-03
2.222130000000000112e-03 9.375909999999999887e-04
2.817239999999999935e-03 5.472170000000000159e-04
2.585210000000000112e-03 8.166979999999999520e-05
1.628700000000000070e-03 -3.191840000000000259e-04
2.515239999999999859e-04 -5.566870000000000455e-04
-1.139800000000000058e-03 -5.933880000000000318e-04
-2.157860000000000160e-03 -4.524700000000000098e-04
-2.543020000000000003e-03 -2.000810000000000110e-04
-2.228570000000000030e-03 8.121899999999999606e-05
-1.347050000000000027e-03 3.182530000000000038e-04
-1.799369999999999952e-04 4.645720000000000101e-04
9.311840000000000481e-04 5.058400000000000223e-04
1.684179999999999965e-03 4.544740000000000129e-04
1.898179999999999963e-03 3.381209999999999836e-04
1.555959999999999895e-03 1.876330000000000109e-04
7.976720000000000295e-04 2.890880000000000009e-05
-1.291099999999999887e-04 -1.197259999999999985e-04
-9.461709999999999912e-04 -2.457210000000000145e-04
-1.425110000000000049e-03 -3.388999999999999977e-04
-1.448559999999999995e-03 -3.893859999999999748e-04
-1.036239999999999904e-03 -3.884800000000000210e-04
-3.304839999999999753e-04 -3.322180000000000098e-04
4.518370000000000177e-04 -2.256930000000000091e-04
1.085459999999999897e-03 -8.563979999999999954e-05
1.400839999999999985e-03 6.071819999999999746e-05
1.328149999999999947e-03 1.810650000000000020e-04
9.101330000000000357e-04 2.464240000000000245e-04
2.821349999999999813e-04 2.400640000000000109e-04
-3.723800000000000092e-04 1.638339999999999903e-04
-8.765830000000000063e-04 3.949190000000000046e-05
-1.108929999999999942e-03 -9.595240000000000648e-05
-1.032460000000000018e-03 -1.999919999999999920e-04
