-1.349919999999999987e-08 9.578359999999998956e-07
-9.623609999999999444e-08 3.903200000000000170e-06
-3.457809999999999912e-07 8.190919999999999497e-06
-9.006519999999999574e-07 1.588830000000000168e-05
-2.067249999999999986e-06 3.511010000000000118e-05
-4.592769999999999905e-06 7.774510000000000210e-05
-9.857709999999999509e-06 1.503490000000000067e-04
-1.959889999999999967e-05 2.409059999999999869e-04
-3.504590000000000271e-05 3.210080000000000138e-04
-5.580489999999999827e-05 3.504240000000000046e-04
-7.894979999999999414e-05 2.851899999999999986e-04
-9.893799999999999361e-05 1.080460000000000020e-04
-1.088849999999999985e-04 -1.522530000000000075e-04
-1.027980000000000007e-04 -4.334210000000000233e-04
-7.745180000000000272e-05 -6.696200000000000025e-04
-3.273430000000000269e-05 -8.186149999999999677e-04
2.959540000000000128e-05 -8.744100000000000527e-04
1.076460000000000058e-04 -8.623920000000000197e-04
2.000489999999999951e-04 -8.153579999999999682e-04
3.044179999999999846e-04 -7.415269999999999631e-04
4.140929999999999806e-04 -6.221360000000000215e-04
5.155570000000000378e-04 -4.431309999999999828e-04
5.890850000000000426e-04 -2.094859999999999930e-04
6.130979999999999633e-04 6.375399999999999980e-05
5.705200000000000332e-04 3.504849999999999893e-04
4.546670000000000160e-04 6.108360000000000178e-04
2.722609999999999874e-04 8.105980000000000477e-04
4.203489999999999966e-05 9.422089999999999502e-04
-2.106280000000000034e-04 1.027469999999999946e-03
-4.606669999999999992e-04 1.105440000000000068e-03
-6.887259999999999650e-04 1.201040000000000007e-03
-8.823779999999999601e-04 1.285670000000000042e-03
-1.033049999999999984e-03 1.288560000000000009e-03
-1.131569999999999928e-03 1.146630000000000045e-03
-1.165709999999999923e-03 8.217289999999999924e-04
-1.121370000000000006e-03 3.156179999999999858e-04
-9.869150000000001012e-04 -3.083800000000000256e-04
-7.586510000000000519e-04 -9.399929999999999701e-04
-4.447279999999999745e-04 -1.463710000000000011e-03
-6.512550000000000522e-05 -1.797839999999999985e-03
3.521379999999999953e-04 -1.920349999999999922e-03
7.764620000000000072e-04 -1.864699999999999951e-03
1.178790000000000089e-03 -1.694339999999999909e-03
1.532610000000000005e-03 -1.479159999999999980e-03
1.812180000000000041e-03 -1.262059999999999961e-03
1.990280000000000087e-03 -1.045590000000000104e-03
2.038439999999999870e-03 -8.135879999999999631e-04
1.931779999999999912e-03 -5.513630000000000267e-04
1.657480000000000021e-03 -2.465079999999999919e-04
1.222720000000000057e-03 1.209410000000000064e-04
6.580730000000000130e-04 5.666350000000000119e-04
1.426540000000000067e-05 1.072470000000000064e-03
-6.464959999999999847e-04 1.574359999999999909e-03
-1.261579999999999993e-03 1.972479999999999980e-03
-1.778070000000000084e-03 2.178820000000000149e-03
-2.159579999999999920e-03 2.154099999999999938e-03
-2.387869999999999836e-03 1.881300000000000030e-03
-2.458820000000000016e-03 1.370069999999999925e-03
-2.375700000000000121e-03 6.965709999999999957e-04
-2.143879999999999918e-03 -1.460000000000000082e-05
-1.769560000000000100e-03 -6.181690000000000101e-04
-1.262789999999999963e-03 -9.899480000000000432e-04
-6.424329999999999798e-04 -1.100810000000000026e-03
6.007730000000000161e-05 -1.023330000000000030e-03
7.998080000000000510e-04 -8.782990000000000285e-04
1.519860000000000048e-03 -7.673289999999999712e-04
2.154960000000000035e-03 -7.310599999999999564e-04
2.637549999999999790e-03 -7.588550000000000113e-04
2.906960000000000099e-03 -8.068630000000000030e-04
2.920610000000000133e-03 -8.133430000000000087e-04
2.664430000000000184e-03 -7.224220000000000164e-04
2.159180000000000127e-03 -5.111020000000000407e-04
1.459860000000000107e-03 -2.066000000000000074e-04
6.477149999999999878e-04 1.170799999999999971e-04
-1.836359999999999880e-04 3.562910000000000079e-04
-9.443869999999999825e-04 4.179569999999999965e-04
-1.563160000000000070e-03 2.809019999999999746e-04
-1.996679999999999809e-03 1.456730000000000027e-05
-2.231959999999999847e-03 -2.628090000000000244e-04
-2.280490000000000034e-03 -4.271279999999999803e-04
-2.167259999999999846e-03 -3.879320000000000121e-04
-1.919420000000000024e-03 -1.227869999999999884e-04
-1.559370000000000027e-03 3.077140000000000018e-04
-1.104949999999999943e-03 8.170599999999999868e-04
-5.768610000000000187e-04 1.324569999999999957e-03
-7.750139999999999967e-06 1.714690000000000051e-03
5.532389999999999660e-04 1.891960000000000039e-03
1.043910000000000107e-03 1.815439999999999979e-03
1.400159999999999903e-03 1.494340000000000035e-03
1.571509999999999921e-03 9.956010000000000380e-04
1.535490000000000032e-03 4.105469999999999844e-04
1.306169999999999944e-03 -1.930559999999999893e-04
9.339520000000000460e-04 -7.882209999999999737e-04
4.964589999999999845e-04 -1.396700000000000068e-03
8.242900000000000650e-05 -2.037370000000000153e-03
-2.285900000000000052e-04 -2.616729999999999837e-03
-3.859490000000000143e-04 -2.973480000000000133e-03
-3.796459999999999765e-04 -2.965499999999999820e-03
-2.393610000000000008e-04 -2.523420000000000177e-03
-2.151479999999999940e-05 -1.695059999999999970e-03
2.094329999999999987e-04 -5.974230000000000295e-04
3.974149999999999753e-04 6.061509999999999771e-04
5.041849999999999847e-04 1.704299999999999956e-03
5.106870000000000116e-04 2.535309999999999821e-03
4.119750000000000256e-04 3.036450000000000000e-03
2.111150000000000006e-04 3.178439999999999824e-03
-8.230710000000000348e-05 2.957560000000000137e-03
-4.478279999999999956e-04 2.372120000000000131e-03
-8.474020000000000294e-04 1.441769999999999987e-03
-1.223090000000000028e-03 2.787220000000000192e-04
-1.503570000000000080e-03 -9.696970000000000502e-04
-1.618869999999999901e-03 -2.101050000000000140e-03
-1.519780000000000089e-03 -2.857600000000000071e-03
-1.194720000000000027e-03 -3.042570000000000083e-03
-6.762670000000000356e-04 -2.608740000000000017e-03
-3.385439999999999896e-05 -1.705939999999999974e-03
6.438280000000000435e-04 -5.992340000000000296e-04
1.267579999999999922e-03 4.707350000000000119e-04
1.760269999999999977e-03 1.333720000000000044e-03
2.062449999999999960e-03 1.870879999999999896e-03
2.134669999999999970e-03 2.038079999999999840e-03
1.959869999999999841e-03 1.858129999999999938e-03
1.548169999999999972e-03 1.365249999999999927e-03
9.431030000000000402e-04 5.734180000000000180e-04
2.248790000000000131e-04 -4.936370000000000037e-04
-4.962770000000000462e-04 -1.707739999999999909e-03
-1.100049999999999986e-03 -2.810280000000000070e-03
-1.484889999999999995e-03 -3.494090000000000043e-03
-1.594850000000000087e-03 -3.513909999999999863e-03
-1.433819999999999930e-03 -2.767599999999999835e-03
-1.061859999999999974e-03 -1.350239999999999947e-03
-5.756249999999999648e-04 4.448279999999999769e-04
-8.155799999999999400e-05 2.242520000000000017e-03
3.273010000000000025e-04 3.711139999999999925e-03
5.845880000000000347e-04 4.595169999999999984e-03
6.547589999999999834e-04 4.750129999999999977e-03
5.322470000000000152e-04 4.163069999999999618e-03
2.403860000000000122e-04 2.900649999999999843e-03
-1.677360000000000081e-04 1.088449999999999921e-03
-6.097830000000000264e-04 -1.045769999999999903e-03
-9.827060000000000742e-04 -3.125179999999999972e-03
-1.182789999999999970e-03 -4.687690000000000433e-03
-1.132460000000000064e-03 -5.364269999999999976e-03
-8.038400000000000016e-04 -4.994450000000000105e-03
-2.307889999999999887e-04 -3.632960000000000182e-03
4.939680000000000112e-04 -1.529360000000000008e-03
1.236389999999999972e-03 8.736399999999999635e-04
1.849720000000000010e-03 3.028569999999999960e-03
2.206329999999999836e-03 4.455139999999999795e-03
2.223839999999999931e-03 4.860999999999999870e-03
1.880640000000000046e-03 4.186879999999999595e-03
1.220240000000000040e-03 2.555819999999999880e-03
3.461040000000000188e-04 2.546210000000000140e-04
-5.932659999999999540e-04 -2.256209999999999813e-03
-1.429420000000000040e-03 -4.412120000000000278e-03
-2.006620000000000192e-03 -5.660240000000000410e-03
-2.215570000000000039e-03 -5.619100000000000136e-03
-2.019470000000000206e-03 -4.204509999999999845e-03
-1.465240000000000032e-03 -1.649250000000000108e-03
-6.760730000000000168e-04 1.504160000000000046e-03
1.744829999999999894e-04 4.490740000000000010e-03
9.007830000000000524e-04 6.588919999999999846e-03
1.344829999999999984e-03 7.329839999999999793e-03
1.409260000000000070e-03 6.546970000000000046e-03
1.079550000000000084e-03 4.348780000000000007e-03
4.319899999999999890e-04 1.129009999999999953e-03
-3.774459999999999773e-04 -2.429390000000000022e-03
-1.144719999999999896e-03 -5.523150000000000108e-03
-1.663999999999999898e-03 -7.432539999999999633e-03
-1.777729999999999935e-03 -7.705329999999999818e-03
-1.418149999999999966e-03 -6.251099999999999886e-03
-6.306219999999999534e-04 -3.320529999999999923e-03
4.290559999999999795e-04 4.536599999999999899e-04
1.526599999999999919e-03 4.140109999999999797e-03
2.404149999999999864e-03 6.803899999999999879e-03
2.843130000000000136e-03 7.743270000000000014e-03
2.719340000000000212e-03 6.622720000000000343e-03
2.036590000000000015e-03 3.638880000000000153e-03
9.288159999999999515e-04 -4.648429999999999945e-04
-3.696710000000000187e-04 -4.642620000000000080e-03
-1.577140000000000096e-03 -7.795449999999999775e-03
-2.428179999999999835e-03 -9.049790000000000265e-03
-2.734050000000000022e-03 -8.020340000000000802e-03
-2.427279999999999976e-03 -4.854579999999999833e-03
-1.582049999999999993e-03 -2.148229999999999996e-04
-4.027020000000000079e-04 4.746870000000000256e-03
8.210809999999999810e-04 8.691670000000000298e-03
1.782989999999999922e-03 1.050429999999999940e-02
2.235619999999999795e-03 9.610650000000000096e-03
2.054530000000000158e-03 6.133040000000000193e-03
1.275469999999999902e-03 8.570960000000000080e-04
9.278129999999999884e-05 -4.834620000000000410e-03
-1.184860000000000036e-03 -9.335619999999999336e-03
-2.210769999999999923e-03 -1.134669999999999949e-02
-2.688630000000000013e-03 -1.024910000000000057e-02
-2.451109999999999834e-03 -6.287860000000000150e-03
-1.509289999999999937e-03 -5.329850000000000343e-04
-5.899969999999999688e-05 5.374150000000000281e-03
1.559199999999999952e-03 9.757149999999999157e-03
2.938539999999999902e-03 1.134250000000000015e-02
3.707750000000000108e-03 9.569279999999999453e-03
3.631749999999999996e-03 4.877470000000000069e-03
2.682289999999999935e-03 -1.381690000000000088e-03
1.057610000000000060e-03 -7.372420000000000188e-03
-8.559270000000000333e-04 -1.137660000000000060e-02
-2.574540000000000162e-03 -1.221769999999999974e-02
-3.642489999999999964e-03 -9.532650000000000151e-03
-3.759789999999999834e-03 -4.057919999999999583e-03
-2.873230000000000055e-03 2.582039999999999856e-03
-1.202869999999999981e-03 8.437089999999999521e-03
8.060580000000000132e-04 1.179189999999999926e-02
2.596980000000000035e-03 1.168510000000000035e-02
3.653659999999999981e-03 8.201510000000000397e-03
3.648250000000000017e-03 2.461810000000000040e-03
2.543010000000000062e-03 -3.741509999999999975e-03
6.142349999999999763e-04 -8.534699999999999231e-03
-1.612579999999999960e-03 -1.052340000000000046e-02
-3.502819999999999805e-03 -9.226420000000000801e-03
-4.491260000000000391e-03 -5.226940000000000232e-03
-4.249229999999999674e-03 1.163920000000000064e-04
-2.792390000000000063e-03 5.156260000000000183e-03
-4.926600000000000163e-04 8.397419999999999191e-03
2.016940000000000052e-03 8.938389999999999183e-03
4.021089999999999734e-03 6.779959999999999806e-03
4.932830000000000027e-03 2.751340000000000122e-03
4.473300000000000366e-03 -1.837040000000000070e-03
2.764309999999999858e-03 -5.611490000000000228e-03
3.010819999999999881e-04 -7.543570000000000310e-03
-2.190979999999999924e-03 -7.229020000000000064e-03
-3.973899999999999828e-03 -4.948440000000000130e-03
-4.522599999999999884e-03 -1.521030000000000038e-03
-3.687029999999999995e-03 1.983519999999999901e-03
-1.738640000000000064e-03 4.578139999999999640e-03
7.143709999999999947e-04 5.631729999999999722e-03
2.916600000000000095e-03 5.011530000000000151e-03
4.199529999999999930e-03 3.066020000000000030e-03
4.185669999999999842e-03 4.767610000000000250e-04
2.899000000000000101e-03 -1.962419999999999876e-03
7.485340000000000266e-04 -3.576569999999999836e-03
-1.606599999999999912e-03 -3.987339999999999808e-03
-3.464640000000000167e-03 -3.191300000000000213e-03
-4.294469999999999885e-03 -1.527170000000000003e-03
-3.888410000000000130e-03 4.489350000000000241e-04
-2.410620000000000037e-03 2.139929999999999957e-03
-3.316249999999999970e-04 3.084219999999999930e-03
1.725189999999999927e-03 3.080010000000000213e-03
3.174049999999999875e-03 2.221020000000000199e-03
3.635559999999999920e-03 8.376549999999999751e-04
3.035790000000000016e-03 -6.296150000000000357e-04
1.611129999999999897e-03 -1.772839999999999919e-03
-1.768220000000000089e-04 -2.325810000000000204e-03
-1.786480000000000012e-03 -2.218459999999999790e-03
-2.756869999999999807e-03 -1.570250000000000031e-03
-2.836529999999999867e-03 -6.305609999999999687e-04
-2.045659999999999926e-03 3.087259999999999983e-04
-6.570670000000000026e-04 9.994220000000000274e-04
8.947700000000000271e-04 1.297909999999999993e-03
2.147060000000000114e-03 1.187829999999999962e-03
2.744130000000000007e-03 7.646309999999999912e-04
2.535819999999999828e-03 1.925189999999999909e-04
1.611760000000000059e-03 -3.498689999999999938e-04
2.644969999999999852e-04 -7.186809999999999856e-04
-1.104860000000000043e-03 -8.368839999999999786e-04
-2.108290000000000077e-03 -7.037410000000000236e-04
-2.482859999999999928e-03 -3.831920000000000270e-04
-2.160519999999999975e-03 2.226849999999999864e-05
-1.277340000000000073e-03 4.030980000000000088e-04
-1.223200000000000079e-04 6.707459999999999508e-04
9.557349999999999830e-04 7.758170000000000430e-04
1.653509999999999962e-03 7.135690000000000522e-04
1.798770000000000100e-03 5.176560000000000189e-04
1.392170000000000083e-03 2.458520000000000171e-04
5.956439999999999912e-04 -3.717919999999999802e-05
-3.257229999999999848e-04 -2.752540000000000043e-04
-1.088149999999999968e-03 -4.308679999999999954e-04
-1.473319999999999968e-03 -4.890419999999999707e-04
-1.387659999999999979e-03 -4.555909999999999821e-04
-8.810919999999999863e-04 -3.518069999999999878e-04
-1.228520000000000089e-04 -2.078009999999999981e-04
6.555270000000000411e-04 -5.622310000000000046e-05
1.231120000000000044e-03 7.288409999999999561e-05
1.452909999999999965e-03 1.560839999999999916e-04
1.279849999999999911e-03 1.796810000000000030e-04
7.847410000000000409e-04 1.420319999999999981e-04
1.253129999999999977e-04 5.455649999999999850e-05
-5.066380000000000102e-04 -5.936380000000000243e-05
-9.419899999999999714e-04 -1.683020000000000024e-04
-1.080280000000000086e-03 -2.394569999999999945e-04
-9.127179999999999712e-04 -2.469519999999999897e-04
-5.173400000000000307e-04 -1.796300000000000132e-04
