-2.453440000000000163e-08 9.363420000000000342e-07
-1.649050000000000066e-07 3.758979999999999796e-06
-5.462229999999999539e-07 7.714690000000000162e-06
-1.297409999999999916e-06 1.476290000000000057e-05
-2.773360000000000159e-06 3.271999999999999843e-05
-5.969210000000000232e-06 7.263149999999999739e-05
-1.258759999999999956e-05 1.396249999999999922e-04
-2.413950000000000156e-05 2.204890000000000094e-04
-4.034099999999999882e-05 2.873010000000000060e-04
-5.797580000000000149e-05 3.030320000000000084e-04
-7.110910000000000668e-05 2.294610000000000042e-04
-7.308860000000000356e-05 5.577580000000000222e-05
-6.000240000000000001e-05 -1.854120000000000063e-04
-3.348289999999999752e-05 -4.334839999999999852e-04
-1.078280000000000044e-07 -6.299059999999999555e-04
3.314339999999999848e-05 -7.419240000000000340e-04
6.456359999999999964e-05 -7.702230000000000014e-04
1.002069999999999979e-04 -7.409470000000000466e-04
1.504830000000000024e-04 -6.826659999999999586e-04
2.217769999999999876e-04 -5.990540000000000144e-04
3.079819999999999932e-04 -4.715599999999999913e-04
3.885510000000000005e-04 -2.921539999999999814e-04
4.358680000000000085e-04 -7.309639999999999356e-05
4.275780000000000184e-04 1.683789999999999950e-04
3.561419999999999929e-04 4.118440000000000230e-04
2.308180000000000117e-04 6.281070000000000359e-04
7.209630000000000292e-05 7.922650000000000048e-04
-9.778390000000000411e-05 8.987970000000000074e-04
-2.630029999999999890e-04 9.625880000000000070e-04
-4.169159999999999771e-04 1.010580000000000072e-03
-5.585050000000000474e-04 1.057839999999999996e-03
-6.847929999999999469e-04 1.075580000000000026e-03
-7.842049999999999499e-04 1.005910000000000051e-03
-8.366069999999999540e-04 8.075839999999999711e-04
-8.209930000000000049e-04 4.632169999999999799e-04
-7.255459999999999817e-04 -1.539930000000000010e-05
-5.538160000000000522e-04 -5.695109999999999756e-04
-3.239459999999999779e-04 -1.104759999999999987e-03
-6.152480000000000427e-05 -1.524870000000000001e-03
2.100220000000000027e-04 -1.762370000000000082e-03
4.761589999999999790e-04 -1.800240000000000043e-03
7.313590000000000022e-04 -1.669109999999999908e-03
9.725629999999999649e-04 -1.427529999999999988e-03
1.190139999999999905e-03 -1.144190000000000007e-03
1.362090000000000046e-03 -8.668149999999999467e-04
1.455270000000000044e-03 -6.066389999999999630e-04
1.434259999999999919e-03 -3.551170000000000086e-04
1.274759999999999999e-03 -9.947280000000000076e-05
9.752580000000000060e-04 1.774819999999999924e-04
5.603259999999999881e-04 5.027989999999999543e-04
7.423840000000000397e-05 8.943630000000000156e-04
-4.306949999999999819e-04 1.327489999999999963e-03
-9.044259999999999496e-04 1.726249999999999920e-03
-1.304749999999999920e-03 1.983500000000000020e-03
-1.599659999999999927e-03 2.017549999999999899e-03
-1.769640000000000058e-03 1.810619999999999981e-03
-1.809309999999999955e-03 1.375579999999999945e-03
-1.725360000000000001e-03 7.503629999999999849e-04
-1.531440000000000015e-03 2.894719999999999959e-05
-1.243249999999999997e-03 -6.621840000000000148e-04
-8.758400000000000169e-04 -1.191929999999999899e-03
-4.437730000000000082e-04 -1.461030000000000098e-03
3.730059999999999995e-05 -1.466459999999999942e-03
5.491849999999999943e-04 -1.297100000000000032e-03
1.068530000000000044e-03 -1.073869999999999989e-03
1.561780000000000026e-03 -8.848970000000000490e-04
1.980400000000000216e-03 -7.540830000000000102e-04
2.262820000000000022e-03 -6.620620000000000454e-04
2.347339999999999843e-03 -5.691690000000000117e-04
2.192690000000000177e-03 -4.278940000000000065e-04
1.796470000000000098e-03 -2.000580000000000012e-04
1.201950000000000024e-03 1.214210000000000018e-04
4.895220000000000474e-04 4.969650000000000369e-04
-2.433229999999999876e-04 8.434920000000000482e-04
-9.051620000000000455e-04 1.052049999999999904e-03
-1.428540000000000062e-03 1.030440000000000089e-03
-1.778679999999999931e-03 7.667019999999999651e-04
-1.953199999999999988e-03 3.463559999999999751e-04
-1.973780000000000066e-03 -9.428650000000000605e-05
-1.872130000000000061e-03 -4.165220000000000077e-04
-1.675239999999999932e-03 -5.222029999999999467e-04
-1.396160000000000023e-03 -3.883460000000000254e-04
-1.034049999999999900e-03 -7.921179999999999942e-05
-5.845790000000000014e-04 3.147289999999999745e-04
-5.696709999999999876e-05 7.110169999999999858e-04
5.130860000000000542e-04 9.969079999999999088e-04
1.063380000000000054e-03 1.087639999999999961e-03
1.517750000000000002e-03 9.615980000000000317e-04
1.805390000000000033e-03 6.514970000000000136e-04
1.879459999999999898e-03 2.428049999999999902e-04
1.729140000000000104e-03 -1.694029999999999907e-04
1.383139999999999934e-03 -5.329840000000000185e-04
9.051740000000000176e-04 -8.517610000000000329e-04
3.821720000000000130e-04 -1.182370000000000079e-03
-9.369679999999999372e-05 -1.570889999999999917e-03
-4.484159999999999839e-04 -1.939299999999999921e-03
-6.482099999999999754e-04 -2.135380000000000091e-03
-7.071220000000000240e-04 -2.026039999999999786e-03
-6.734930000000000517e-04 -1.551120000000000016e-03
-6.022319999999999627e-04 -7.617299999999999592e-04
-5.294969999999999755e-04 2.327320000000000072e-04
-4.643119999999999821e-04 1.285260000000000092e-03
-3.977809999999999918e-04 2.202050000000000101e-03
-3.207269999999999804e-04 2.833480000000000200e-03
-2.391340000000000045e-04 3.121150000000000053e-03
-1.767879999999999886e-04 3.037049999999999906e-03
-1.620129999999999953e-04 2.585669999999999982e-03
-2.072210000000000002e-04 1.788190000000000049e-03
-2.949820000000000025e-04 6.995700000000000529e-04
-3.814479999999999976e-04 -5.343989999999999635e-04
-4.150369999999999906e-04 -1.753250000000000034e-03
-3.579790000000000229e-04 -2.771940000000000081e-03
-2.005999999999999971e-04 -3.376319999999999929e-03
3.755029999999999859e-05 -3.422249999999999945e-03
3.199969999999999789e-04 -2.900929999999999915e-03
6.112140000000000064e-04 -1.968029999999999953e-03
8.875999999999999992e-04 -8.594359999999999890e-04
1.132399999999999986e-03 2.310930000000000048e-04
1.319429999999999908e-03 1.169839999999999899e-03
1.403139999999999986e-03 1.844479999999999904e-03
1.328160000000000104e-03 2.188359999999999871e-03
1.054819999999999933e-03 2.190249999999999923e-03
5.864000000000000505e-04 1.859449999999999905e-03
-1.707669999999999864e-05 1.205050000000000045e-03
-6.480369999999999620e-04 2.614319999999999730e-04
-1.182899999999999967e-03 -8.340679999999999839e-04
-1.523899999999999907e-03 -1.834109999999999907e-03
-1.630399999999999948e-03 -2.469460000000000145e-03
-1.522899999999999992e-03 -2.545190000000000126e-03
-1.260660000000000036e-03 -1.993959999999999917e-03
-9.090049999999999476e-04 -9.061689999999999632e-04
-5.157620000000000130e-04 4.742430000000000061e-04
-1.086129999999999984e-04 1.848580000000000058e-03
2.887300000000000088e-04 2.957140000000000029e-03
6.379550000000000541e-04 3.585599999999999985e-03
8.837289999999999816e-04 3.594560000000000116e-03
9.719390000000000061e-04 2.955830000000000003e-03
8.782640000000000195e-04 1.723640000000000025e-03
6.299450000000000275e-04 2.824630000000000093e-05
3.051789999999999863e-04 -1.886450000000000019e-03
5.657709999999999911e-06 -3.639530000000000196e-03
-1.846349999999999966e-04 -4.802289999999999857e-03
-2.293359999999999876e-04 -5.081249999999999829e-03
-1.412010000000000055e-04 -4.408259999999999783e-03
3.874530000000000324e-05 -2.905650000000000073e-03
2.636779999999999918e-04 -8.352690000000000288e-04
4.907069999999999488e-04 1.406169999999999989e-03
6.786239999999999590e-04 3.353039999999999840e-03
7.822350000000000483e-04 4.608799999999999703e-03
7.527169999999999694e-04 4.937409999999999716e-03
5.498639999999999518e-04 4.295850000000000363e-03
1.646370000000000027e-04 2.789960000000000183e-03
-3.594080000000000256e-04 6.734010000000000126e-04
-9.232220000000000183e-04 -1.629570000000000107e-03
-1.396670000000000030e-03 -3.593900000000000133e-03
-1.660999999999999933e-03 -4.716940000000000195e-03
-1.648010000000000100e-03 -4.678479999999999618e-03
-1.357249999999999950e-03 -3.450009999999999882e-03
-8.477009999999999667e-04 -1.286360000000000064e-03
-2.145740000000000093e-04 1.305039999999999933e-03
4.361740000000000018e-04 3.655840000000000044e-03
1.004560000000000045e-03 5.180620000000000364e-03
1.401600000000000025e-03 5.543249999999999567e-03
1.553289999999999923e-03 4.662490000000000037e-03
1.416820000000000059e-03 2.662990000000000062e-03
1.006860000000000047e-03 -1.075369999999999972e-04
4.107769999999999738e-04 -3.052730000000000027e-03
-2.249680000000000050e-04 -5.476639999999999633e-03
-7.357899999999999467e-04 -6.773659999999999924e-03
-9.893750000000000201e-04 -6.598829999999999973e-03
-9.250079999999999501e-04 -4.943480000000000096e-03
-5.701760000000000378e-04 -2.093869999999999846e-03
-3.084979999999999727e-05 1.343510000000000017e-03
5.421039999999999583e-04 4.529769999999999804e-03
9.961189999999999541e-04 6.674010000000000185e-03
1.212289999999999982e-03 7.232630000000000309e-03
1.127289999999999976e-03 5.994560000000000340e-03
7.431280000000000177e-04 3.207030000000000037e-03
1.250989999999999893e-04 -4.292589999999999774e-04
-6.092369999999999947e-04 -3.995720000000000348e-03
-1.307079999999999961e-03 -6.569379999999999664e-03
-1.805760000000000004e-03 -7.451939999999999779e-03
-1.966709999999999986e-03 -6.385339999999999766e-03
-1.714060000000000106e-03 -3.565099999999999866e-03
-1.067819999999999924e-03 3.860469999999999852e-04
-1.528369999999999870e-04 4.434809999999999967e-03
8.282539999999999477e-04 7.422370000000000183e-03
1.648610000000000006e-03 8.444389999999999535e-03
2.115870000000000164e-03 7.123029999999999813e-03
2.119119999999999945e-03 3.708570000000000009e-03
1.656230000000000072e-03 -9.970980000000000815e-04
8.359090000000000227e-04 -5.724390000000000207e-03
-1.477030000000000053e-04 -9.092710000000000375e-03
-1.058190000000000085e-03 -1.008820000000000029e-02
-1.666710000000000066e-03 -8.356389999999999998e-03
-1.803139999999999951e-03 -4.305210000000000287e-03
-1.403060000000000028e-03 9.858130000000000972e-04
-5.381469999999999960e-04 6.024619999999999628e-03
5.828860000000000161e-04 9.400379999999999847e-03
1.651960000000000060e-03 1.014430000000000019e-02
2.340060000000000143e-03 7.954970000000000444e-03
2.397129999999999921e-03 3.416510000000000206e-03
1.737220000000000040e-03 -2.133019999999999795e-03
4.787699999999999985e-04 -7.033519999999999703e-03
-1.071899999999999980e-03 -9.864299999999999458e-03
-2.493340000000000140e-03 -9.788899999999999685e-03
-3.366339999999999784e-03 -6.733949999999999832e-03
-3.401410000000000110e-03 -1.591399999999999976e-03
-2.531170000000000121e-03 4.049040000000000278e-03
-9.412729999999999578e-04 8.467620000000000355e-03
9.676759999999999962e-04 1.031909999999999945e-02
2.680570000000000175e-03 9.047370000000000759e-03
3.708170000000000216e-03 5.056609999999999577e-03
3.730799999999999828e-03 -3.982599999999999986e-04
2.703790000000000186e-03 -5.619129999999999958e-03
8.902390000000000260e-04 -9.027999999999999567e-03
-1.196540000000000060e-03 -9.637539999999999996e-03
-2.933400000000000070e-03 -7.361569999999999572e-03
-3.773410000000000045e-03 -3.048640000000000030e-03
-3.422399999999999921e-03 1.883359999999999939e-03
-1.949830000000000053e-03 5.944360000000000095e-03
2.115610000000000027e-04 7.959239999999999371e-03
2.389950000000000060e-03 7.413900000000000177e-03
3.885720000000000059e-03 4.652380000000000231e-03
4.198129999999999570e-03 7.032349999999999712e-04
3.192379999999999871e-03 -3.127070000000000023e-03
1.151340000000000046e-03 -5.672540000000000221e-03
-1.308149999999999894e-03 -6.256150000000000252e-03
-3.429030000000000012e-03 -4.865290000000000413e-03
-4.555000000000000021e-03 -2.095420000000000182e-03
-4.339950000000000405e-03 1.091149999999999932e-03
-2.857370000000000135e-03 3.696389999999999919e-03
-5.743760000000000315e-04 4.996549999999999776e-03
1.800270000000000082e-03 4.733280000000000300e-03
3.543339999999999858e-03 3.140550000000000199e-03
4.145249999999999629e-03 8.162030000000000457e-04
3.465370000000000169e-03 -1.498079999999999941e-03
1.766090000000000108e-03 -3.148049999999999893e-03
-3.823550000000000212e-04 -3.745479999999999816e-03
-2.291570000000000152e-03 -3.249419999999999826e-03
-3.375190000000000135e-03 -1.936269999999999918e-03
-3.327940000000000152e-03 -2.821990000000000132e-04
-2.208770000000000091e-03 1.196749999999999897e-03
-4.065130000000000024e-04 2.097789999999999985e-03
1.495140000000000054e-03 2.236380000000000052e-03
2.905759999999999853e-03 1.676949999999999968e-03
3.408780000000000143e-03 6.845399999999999749e-04
2.880049999999999884e-03 -3.812840000000000174e-04
1.512220000000000101e-03 -1.190929999999999983e-03
-2.571990000000000018e-04 -1.540450000000000066e-03
-1.888300000000000091e-03 -1.389189999999999999e-03
-2.906140000000000199e-03 -8.442799999999999871e-04
-3.041639999999999969e-03 -1.078139999999999947e-04
-2.303869999999999963e-03 5.942630000000000395e-04
-9.639629999999999727e-04 1.078350000000000055e-03
5.407689999999999719e-04 1.246930000000000044e-03
1.749380000000000032e-03 1.101460000000000069e-03
2.319560000000000025e-03 7.256419999999999754e-04
2.125349999999999809e-03 2.486209999999999766e-04
1.282240000000000029e-03 -1.981979999999999886e-04
9.639009999999999722e-05 -5.169960000000000354e-04
-1.041360000000000072e-03 -6.627920000000000469e-04
-1.780230000000000050e-03 -6.434910000000000499e-04
-1.913599999999999893e-03 -5.048150000000000380e-04
-1.432179999999999911e-03 -3.083070000000000146e-04
-5.139390000000000408e-04 -1.111329999999999946e-04
5.416519999999999972e-04 4.642559999999999813e-05
1.411399999999999938e-03 1.442629999999999976e-04
1.846729999999999986e-03 1.789379999999999866e-04
1.743119999999999913e-03 1.575810000000000080e-04
1.161890000000000058e-03 9.295759999999999917e-05
3.008900000000000008e-04 1.272799999999999909e-06
-5.736520000000000161e-04 -9.799319999999999548e-05
-1.211089999999999953e-03 -1.823130000000000009e-04
-1.449739999999999926e-03 -2.283540000000000027e-04
-1.258309999999999897e-03 -2.168419999999999950e-04
-7.349579999999999655e-04 -1.389180000000000005e-04
-6.762940000000000000e-05 -1.537149999999999970e-06
5.295900000000000303e-04 1.707439999999999902e-04
8.828220000000000121e-04 3.393269999999999989e-04
9.072079999999999511e-04 4.604160000000000045e-04
6.249050000000000351e-04 4.970919999999999766e-04
1.494250000000000135e-04 4.310720000000000090e-04
-3.560820000000000239e-04 2.702030000000000013e-04
-7.318809999999999812e-04 4.870989999999999928e-05
-8.692030000000000329e-04 -1.806710000000000054e-04
-7.386030000000000026e-04 -3.609150000000000097e-04
-3.923800000000000074e-04 -4.472190000000000019e-04
5.743289999999999691e-05 -4.206419999999999886e-04
4.768570000000000187e-04 -2.943639999999999755e-04
