-2.217920000000000050e-08 9.405230000000000370e-07
-1.508510000000000053e-07 3.786279999999999941e-06
-5.080169999999999889e-07 7.801510000000000459e-06
-1.229660000000000014e-06 1.495990000000000054e-05
-2.665470000000000164e-06 3.312859999999999991e-05
-5.765739999999999959e-06 7.350490000000000159e-05
-1.218879999999999924e-05 1.414610000000000064e-04
-2.354539999999999991e-05 2.239459999999999867e-04
-3.992800000000000125e-05 2.928650000000000090e-04
-5.870240000000000229e-05 3.105690000000000143e-04
-7.439670000000000549e-05 2.379209999999999875e-04
-8.024319999999999771e-05 6.328649999999999792e-05
-7.129480000000000051e-05 -1.809369999999999924e-04
-4.735760000000000208e-05 -4.334820000000000079e-04
-1.317399999999999957e-05 -6.346179999999999877e-04
2.502819999999999866e-05 -7.506540000000000131e-04
6.455320000000000394e-05 -7.822719999999999804e-04
1.090989999999999934e-04 -7.565010000000000267e-04
1.666620000000000113e-04 -7.028509999999999966e-04
2.426039999999999967e-04 -6.249030000000000036e-04
3.317479999999999821e-04 -5.024959999999999540e-04
4.155000000000000165e-04 -3.252090000000000232e-04
4.673410000000000238e-04 -1.037649999999999933e-04
4.638199999999999875e-04 1.441009999999999947e-04
3.944500000000000198e-04 3.957550000000000217e-04
2.655129999999999903e-04 6.197070000000000486e-04
9.646489999999999861e-05 7.902869999999999773e-04
-8.875819999999999326e-05 9.032270000000000446e-04
-2.708149999999999880e-04 9.756889999999999617e-04
-4.396679999999999924e-04 1.036150000000000005e-03
-5.927950000000000190e-04 1.099039999999999913e-03
-7.281069999999999730e-04 1.132619999999999981e-03
-8.362859999999999955e-04 1.074749999999999968e-03
-8.987669999999999687e-04 8.806750000000000342e-04
-8.936499999999999565e-04 5.319749999999999609e-04
-8.055719999999999504e-04 4.212180000000000047e-05
-6.335310000000000030e-04 -5.270589999999999694e-04
-3.925320000000000155e-04 -1.078680000000000047e-03
-1.081619999999999988e-04 -1.515649999999999897e-03
1.929180000000000120e-04 -1.771290000000000017e-03
4.911899999999999643e-04 -1.829569999999999981e-03
7.764999999999999550e-04 -1.720909999999999974e-03
1.043070000000000108e-03 -1.501680000000000029e-03
1.280689999999999910e-03 -1.237119999999999973e-03
1.467879999999999966e-03 -9.717089999999999625e-04
1.571769999999999895e-03 -7.150389999999999958e-04
1.556080000000000050e-03 -4.590330000000000213e-04
1.394700000000000020e-03 -1.928669999999999950e-04
1.084279999999999966e-03 9.853600000000000661e-05
6.488639999999999729e-04 4.413209999999999984e-04
1.342159999999999903e-04 8.542380000000000025e-04
-4.042909999999999820e-04 1.314379999999999975e-03
-9.134570000000000059e-04 1.746530000000000044e-03
-1.349230000000000091e-03 2.041359999999999876e-03
-1.679130000000000032e-03 2.111959999999999966e-03
-1.883090000000000024e-03 1.934249999999999988e-03
-1.953390000000000161e-03 1.516460000000000074e-03
-1.892220000000000013e-03 8.950619999999999627e-04
-1.708059999999999960e-03 1.653450000000000102e-04
-1.412870000000000098e-03 -5.434590000000000427e-04
-1.021039999999999968e-03 -1.097419999999999993e-03
-5.498760000000000323e-04 -1.394969999999999934e-03
-2.037180000000000035e-05 -1.431360000000000011e-03
5.427960000000000120e-04 -1.294240000000000104e-03
1.110239999999999968e-03 -1.103699999999999994e-03
1.644300000000000015e-03 -9.468490000000000413e-04
2.095089999999999973e-03 -8.457640000000000427e-04
2.401889999999999841e-03 -7.783389999999999623e-04
2.504329999999999924e-03 -7.021040000000000527e-04
2.360960000000000055e-03 -5.678880000000000082e-04
1.967050000000000135e-03 -3.374769999999999810e-04
1.362479999999999898e-03 -4.751859999999999935e-06
6.253950000000000524e-04 3.898560000000000024e-04
-1.460370000000000114e-04 7.630000000000000063e-04
-8.566080000000000222e-04 1.005320000000000085e-03
-1.433170000000000104e-03 1.022660000000000105e-03
-1.834960000000000063e-03 7.988000000000000092e-04
-2.054250000000000086e-03 4.136950000000000024e-04
-2.108329999999999840e-03 -1.141010000000000024e-06
-2.025649999999999933e-03 -3.091799999999999909e-04
-1.831710000000000066e-03 -4.113769999999999883e-04
-1.540480000000000104e-03 -2.817930000000000174e-04
-1.154630000000000023e-03 1.858689999999999987e-05
-6.750900000000000433e-04 4.015819999999999915e-04
-1.161500000000000043e-04 7.858999999999999667e-04
4.830699999999999946e-04 1.059210000000000099e-03
1.058899999999999989e-03 1.136459999999999944e-03
1.534940000000000046e-03 9.951429999999999824e-04
1.840480000000000024e-03 6.669109999999999578e-04
1.928650000000000069e-03 2.369299999999999965e-04
1.788510000000000100e-03 -1.984250000000000120e-04
1.448620000000000073e-03 -5.841509999999999845e-04
9.723740000000000248e-04 -9.208610000000000319e-04
4.461679999999999878e-04 -1.263309999999999910e-03
-3.808119999999999718e-05 -1.657990000000000028e-03
-4.050929999999999787e-04 -2.028779999999999993e-03
-6.172530000000000074e-04 -2.224639999999999951e-03
-6.830630000000000295e-04 -2.111860000000000126e-03
-6.466900000000000035e-04 -1.628780000000000028e-03
-5.635220000000000029e-04 -8.261920000000000071e-04
-4.756580000000000053e-04 1.846490000000000002e-04
-4.007710000000000157e-04 1.254150000000000100e-03
-3.368490000000000134e-04 2.187510000000000149e-03
-2.766150000000000206e-04 2.836739999999999921e-03
-2.226859999999999886e-04 3.146620000000000146e-03
-1.928710000000000038e-04 3.091070000000000016e-03
-2.106180000000000086e-04 2.672439999999999885e-03
-2.866270000000000189e-04 1.905079999999999968e-03
-4.039269999999999970e-04 8.349810000000000478e-04
-5.179940000000000282e-04 -3.985379999999999847e-04
-5.727339999999999818e-04 -1.635219999999999946e-03
-5.225679999999999475e-04 -2.683940000000000110e-03
-3.503860000000000026e-04 -3.321670000000000091e-03
-7.322099999999999572e-05 -3.397139999999999882e-03
2.673929999999999927e-04 -2.899329999999999876e-03
6.243140000000000538e-04 -1.986799999999999938e-03
9.603269999999999688e-04 -9.004049999999999554e-04
1.248999999999999893e-03 1.636530000000000135e-04
1.462159999999999892e-03 1.074829999999999926e-03
1.558860000000000020e-03 1.728500000000000002e-03
1.489489999999999998e-03 2.065219999999999990e-03
1.215930000000000049e-03 2.075549999999999791e-03
7.373199999999999676e-04 1.763830000000000085e-03
1.071430000000000006e-04 1.130509999999999935e-03
-5.699569999999999506e-04 2.029389999999999894e-04
-1.165259999999999994e-03 -8.828399999999999703e-04
-1.567809999999999994e-03 -1.874489999999999924e-03
-1.720780000000000096e-03 -2.495010000000000196e-03
-1.633349999999999993e-03 -2.544680000000000119e-03
-1.364100000000000035e-03 -1.958409999999999838e-03
-9.883719999999999485e-04 -8.352579999999999640e-04
-5.690629999999999690e-04 5.706759999999999958e-04
-1.459160000000000036e-04 1.955199999999999820e-03
2.538889999999999810e-04 3.061159999999999836e-03
5.970339999999999762e-04 3.682840000000000159e-03
8.362110000000000072e-04 3.689229999999999940e-03
9.218769999999999829e-04 3.053880000000000136e-03
8.280030000000000072e-04 1.824319999999999935e-03
5.764869999999999847e-04 1.195759999999999949e-04
2.426019999999999923e-04 -1.824829999999999942e-03
-6.738240000000000050e-05 -3.627029999999999837e-03
-2.574939999999999846e-04 -4.846770000000000245e-03
-2.783969999999999978e-04 -5.173989999999999839e-03
-1.381390000000000135e-04 -4.528210000000000394e-03
1.132510000000000038e-04 -3.030469999999999952e-03
4.091020000000000008e-04 -9.512620000000000277e-04
6.854609999999999479e-04 1.301429999999999905e-03
8.887949999999999497e-04 3.256020000000000095e-03
9.745770000000000171e-04 4.518160000000000232e-03
9.045019999999999536e-04 4.858750000000000221e-03
6.511550000000000497e-04 4.239859999999999809e-03
2.137410000000000124e-04 2.765450000000000026e-03
-3.624079999999999901e-04 6.802229999999999822e-04
-9.791380000000000569e-04 -1.602130000000000004e-03
-1.503739999999999938e-03 -3.561250000000000179e-03
-1.808310000000000039e-03 -4.689079999999999984e-03
-1.812170000000000100e-03 -4.652680000000000184e-03
-1.506930000000000075e-03 -3.411729999999999971e-03
-9.552509999999999517e-04 -1.218310000000000009e-03
-2.680930000000000097e-04 1.411439999999999917e-03
4.274799999999999932e-04 3.793710000000000051e-03
1.015459999999999930e-03 5.329509999999999977e-03
1.403930000000000065e-03 5.678419999999999995e-03
1.529650000000000020e-03 4.765590000000000104e-03
1.366950000000000023e-03 2.726940000000000180e-03
9.437649999999999468e-04 -8.202910000000000377e-05
3.513359999999999986e-04 -3.064599999999999790e-03
-2.674719999999999897e-04 -5.528510000000000368e-03
-7.526250000000000388e-04 -6.868700000000000153e-03
-9.727270000000000534e-04 -6.733430000000000318e-03
-8.653229999999999819e-04 -5.102080000000000157e-03
-4.585859999999999763e-04 -2.250840000000000046e-03
1.337649999999999907e-04 1.215310000000000045e-03
7.457860000000000184e-04 4.448149999999999674e-03
1.207949999999999953e-03 6.640229999999999570e-03
1.391260000000000066e-03 7.232439999999999702e-03
1.235750000000000086e-03 6.006509999999999627e-03
7.603860000000000480e-04 3.212800000000000031e-03
5.457189999999999838e-05 -4.377030000000000070e-04
-7.422429999999999610e-04 -4.015040000000000102e-03
-1.465520000000000104e-03 -6.588970000000000417e-03
-1.953680000000000173e-03 -7.459780000000000057e-03
-2.079239999999999994e-03 -6.371820000000000261e-03
-1.781269999999999945e-03 -3.523689999999999895e-03
-1.092840000000000087e-03 4.603230000000000039e-04
-1.476980000000000079e-04 4.545590000000000394e-03
8.458940000000000296e-04 7.568300000000000027e-03
1.657510000000000060e-03 8.613430000000000045e-03
2.094819999999999842e-03 7.289659999999999890e-03
2.053720000000000198e-03 3.838209999999999886e-03
1.547079999999999940e-03 -9.374239999999999613e-04
7.035099999999999644e-04 -5.753679999999999732e-03
-2.650740000000000171e-04 -9.207480000000000525e-03
-1.115330000000000097e-03 -1.026209999999999969e-02
-1.628050000000000027e-03 -8.548800000000000496e-03
-1.658219999999999963e-03 -4.474950000000000108e-03
-1.173449999999999927e-03 8.679189999999999822e-04
-2.720929999999999985e-04 5.969020000000000228e-03
8.261440000000000103e-04 9.399239999999999678e-03
1.821520000000000084e-03 1.017709999999999969e-02
2.408229999999999919e-03 7.995340000000000086e-03
2.364900000000000075e-03 3.438350000000000174e-03
1.630359999999999969e-03 -2.150149999999999978e-03
3.382169999999999773e-04 -7.098209999999999763e-03
-1.202090000000000060e-03 -9.968150000000000274e-03
-2.577780000000000002e-03 -9.905590000000000575e-03
-3.387339999999999969e-03 -6.824219999999999765e-03
-3.363409999999999837e-03 -1.613910000000000084e-03
-2.460099999999999787e-03 4.123029999999999751e-03
-8.779490000000000471e-04 8.640939999999999732e-03
9.800589999999999215e-04 1.056349999999999997e-02
2.612150000000000149e-03 9.309619999999999354e-03
3.555780000000000138e-03 5.275140000000000211e-03
3.522879999999999935e-03 -2.736869999999999971e-04
2.493280000000000062e-03 -5.611529999999999990e-03
7.370089999999999497e-04 -9.127049999999999400e-03
-1.247250000000000095e-03 -9.804770000000000846e-03
-2.867670000000000115e-03 -7.543900000000000085e-03
-3.613460000000000196e-03 -3.195079999999999882e-03
-3.217719999999999868e-03 1.807269999999999927e-03
-1.758180000000000029e-03 5.948270000000000293e-03
3.449999999999999833e-04 8.027209999999999901e-03
2.446569999999999908e-03 7.509739999999999992e-03
3.875799999999999992e-03 4.729569999999999781e-03
4.152659999999999858e-03 7.183260000000000339e-04
3.149159999999999807e-03 -3.200259999999999910e-03
1.140970000000000048e-03 -5.832050000000000081e-03
-1.272010000000000068e-03 -6.469059999999999568e-03
-3.352899999999999804e-03 -5.075330000000000293e-03
-4.462390000000000106e-03 -2.239880000000000083e-03
-4.263219999999999857e-03 1.060579999999999986e-03
-2.827140000000000122e-03 3.796320000000000163e-03
-6.094359999999999838e-04 5.205040000000000187e-03
1.699470000000000017e-03 4.996180000000000239e-03
3.395449999999999944e-03 3.388959999999999889e-03
3.982440000000000285e-03 9.887550000000000158e-04
3.323040000000000195e-03 -1.436180000000000009e-03
1.671530000000000064e-03 -3.195449999999999853e-03
-4.181100000000000203e-04 -3.867279999999999850e-03
-2.275800000000000132e-03 -3.390470000000000029e-03
-3.328810000000000189e-03 -2.040199999999999826e-03
-3.276339999999999981e-03 -3.100010000000000157e-04
-2.172020000000000201e-03 1.254399999999999916e-03
-3.925789999999999965e-04 2.218120000000000074e-03
1.491869999999999958e-03 2.372560000000000120e-03
2.900830000000000075e-03 1.774020000000000067e-03
3.420700000000000043e-03 6.980069999999999461e-04
2.922720000000000179e-03 -4.702880000000000211e-04
1.589350000000000008e-03 -1.369009999999999932e-03
-1.540900000000000104e-04 -1.766109999999999989e-03
-1.777680000000000015e-03 -1.606229999999999941e-03
-2.810800000000000017e-03 -9.995309999999999005e-04
-2.981339999999999858e-03 -1.671579999999999876e-04
-2.288899999999999962e-03 6.367529999999999935e-04
-9.921299999999999217e-04 1.200520000000000059e-03
4.826750000000000094e-04 1.407129999999999926e-03
1.680059999999999930e-03 1.252330000000000066e-03
2.256030000000000015e-03 8.286250000000000429e-04
2.077049999999999990e-03 2.848940000000000001e-04
1.248729999999999979e-03 -2.233589999999999870e-04
6.928680000000000212e-05 -5.774940000000000108e-04
-1.073340000000000101e-03 -7.214460000000000447e-04
-1.825559999999999943e-03 -6.651260000000000418e-04
-1.973760000000000184e-03 -4.684770000000000210e-04
-1.500519999999999979e-03 -2.145729999999999936e-04
-5.776950000000000314e-04 1.794969999999999858e-05
4.972670000000000215e-04 1.746879999999999917e-04
1.398429999999999986e-03 2.334469999999999894e-04
1.870640000000000020e-03 2.011639999999999869e-04
1.800940000000000006e-03 1.039949999999999962e-04
1.242910000000000065e-03 -2.415379999999999903e-05
3.896169999999999798e-04 -1.506470000000000096e-04
-4.929920000000000396e-04 -2.490629999999999971e-04
-1.150009999999999921e-03 -3.007740000000000175e-04
-1.412370000000000032e-03 -2.950219999999999817e-04
-1.240779999999999921e-03 -2.291709999999999917e-04
-7.277149999999999808e-04 -1.096949999999999992e-04
-5.978400000000000223e-05 4.687389999999999856e-05
5.454890000000000216e-04 2.144860000000000061e-04
9.074390000000000104e-04 3.608619999999999883e-04
9.338289999999999525e-04 4.537519999999999748e-04
6.418220000000000088e-04 4.689730000000000244e-04
1.443799999999999966e-04 3.979729999999999791e-04
-3.911189999999999936e-04 2.522269999999999959e-04
-7.973480000000000237e-04 6.244970000000000620e-05
-9.571630000000000242e-04 -1.279610000000000036e-04
-8.347489999999999728e-04 -2.739509999999999797e-04
-4.800319999999999739e-04 -3.413499999999999759e-04
-7.310400000000000345e-06 -3.171450000000000137e-04
4.433789999999999845e-04 -2.140370000000000109e-04
