-1.792690000000000021e-08 9.466799999999999511e-07
-1.245720000000000120e-07 3.826700000000000140e-06
-4.322340000000000044e-07 7.930920000000000293e-06
-1.082559999999999974e-06 1.525490000000000026e-05
-2.409329999999999936e-06 3.373939999999999752e-05
-5.271699999999999857e-06 7.480499999999999953e-05
-1.121399999999999970e-05 1.441880000000000093e-04
-2.195450000000000130e-05 2.290899999999999903e-04
-3.819609999999999840e-05 3.011579999999999921e-04
-5.840250000000000199e-05 3.218000000000000157e-04
-7.821530000000000312e-05 2.504660000000000241e-04
-9.115919999999999958e-05 7.428860000000000563e-05
-9.091759999999999837e-05 -1.745379999999999881e-04
-7.411079999999999523e-05 -4.334559999999999780e-04
-4.155090000000000226e-05 -6.405410000000000053e-04
3.199900000000000059e-06 -7.604859999999999962e-04
5.708570000000000132e-05 -7.943479999999999508e-04
1.201920000000000039e-04 -7.716570000000000287e-04
1.953660000000000130e-04 -7.250240000000000027e-04
2.840860000000000173e-04 -6.592629999999999931e-04
3.806360000000000060e-04 -5.518339999999999617e-04
4.689629999999999754e-04 -3.868879999999999997e-04
5.255540000000000168e-04 -1.695909999999999963e-04
5.274049999999999962e-04 8.472149999999999852e-05
4.609060000000000218e-04 3.514219999999999974e-04
3.273409999999999818e-04 5.941889999999999585e-04
1.425750000000000097e-04 7.828569999999999756e-04
-6.896489999999999424e-05 9.116929999999999869e-04
-2.830180000000000065e-04 9.999519999999999156e-04
-4.825219999999999856e-04 1.079770000000000079e-03
-6.594660000000000452e-04 1.167559999999999995e-03
-8.106549999999999694e-04 1.229349999999999931e-03
-9.302699999999999685e-04 1.196320000000000066e-03
-1.004930000000000016e-03 1.015529999999999948e-03
-1.015140000000000096e-03 6.631200000000000072e-04
-9.422690000000000276e-04 1.529860000000000020e-04
-7.770259999999999971e-04 -4.471999999999999738e-04
-5.250670000000000467e-04 -1.032630000000000093e-03
-2.066509999999999972e-04 -1.500580000000000056e-03
1.495509999999999917e-04 -1.783700000000000042e-03
5.149300000000000318e-04 -1.869779999999999923e-03
8.668519999999999871e-04 -1.794170000000000096e-03
1.188720000000000098e-03 -1.615040000000000095e-03
1.464830000000000082e-03 -1.393839999999999923e-03
1.674029999999999963e-03 -1.166460000000000023e-03
1.787050000000000097e-03 -9.326999999999999571e-04
1.770890000000000008e-03 -6.777919999999999778e-04
1.599729999999999945e-03 -3.901320000000000113e-04
1.267600000000000020e-03 -5.954719999999999799e-05
7.955570000000000133e-04 3.326819999999999973e-04
2.293870000000000045e-04 7.994350000000000327e-04
-3.711489999999999798e-04 1.315640000000000082e-03
-9.457820000000000463e-04 1.806389999999999949e-03
-1.444299999999999924e-03 2.161610000000000007e-03
-1.831549999999999932e-03 2.289880000000000214e-03
-2.087680000000000178e-03 2.159270000000000026e-03
-2.204869999999999833e-03 1.770260000000000063e-03
-2.181929999999999894e-03 1.154979999999999896e-03
-2.019869999999999999e-03 4.094599999999999997e-04
-1.721209999999999928e-03 -3.321500000000000234e-04
-1.292909999999999979e-03 -9.294690000000000417e-04
-7.508460000000000004e-04 -1.275840000000000090e-03
-1.227570000000000039e-04 -1.364530000000000083e-03
5.523750000000000231e-04 -1.284449999999999915e-03
1.227140000000000045e-03 -1.157950000000000038e-03
1.847969999999999995e-03 -1.071890000000000039e-03
2.356480000000000206e-03 -1.042600000000000081e-03
2.692589999999999914e-03 -1.036690000000000051e-03
2.802770000000000001e-03 -9.986969999999999962e-04
2.653089999999999875e-03 -8.705089999999999963e-04
2.242239999999999945e-03 -6.130379999999999944e-04
1.608400000000000064e-03 -2.273610000000000073e-04
8.255880000000000380e-04 2.346360000000000080e-04
-1.037409999999999949e-05 6.789110000000000327e-04
-8.018819999999999637e-04 9.893930000000000866e-04
-1.468579999999999929e-03 1.069209999999999909e-03
-1.959799999999999823e-03 9.011800000000000149e-04
-2.257659999999999875e-03 5.639259999999999672e-04
-2.370750000000000027e-03 1.865330000000000113e-04
-2.321160000000000063e-03 -9.741990000000000556e-05
-2.130899999999999808e-03 -1.912050000000000099e-04
-1.813809999999999902e-03 -6.965300000000000549e-05
-1.376239999999999929e-03 2.072110000000000054e-04
-8.264540000000000124e-04 5.536869999999999726e-04
-1.884049999999999961e-04 8.924679999999999939e-04
4.884849999999999826e-04 1.116320000000000073e-03
1.130979999999999963e-03 1.145229999999999903e-03
1.655140000000000040e-03 9.605250000000000506e-04
1.986050000000000055e-03 5.963010000000000359e-04
2.077160000000000204e-03 1.393110000000000084e-04
1.922349999999999970e-03 -3.125940000000000229e-04
1.557989999999999983e-03 -7.032059999999999483e-04
1.055280000000000020e-03 -1.033480000000000032e-03
5.054740000000000058e-04 -1.361460000000000101e-03
1.447279999999999974e-06 -1.739969999999999972e-03
-3.824499999999999992e-04 -2.099489999999999863e-03
-6.078099999999999692e-04 -2.291810000000000028e-03
-6.790809999999999989e-04 -2.180230000000000015e-03
-6.355959999999999908e-04 -1.696599999999999931e-03
-5.319269999999999641e-04 -8.867740000000000041e-04
-4.164020000000000156e-04 1.378159999999999964e-04
-3.182519999999999880e-04 1.223080000000000087e-03
-2.469470000000000194e-04 2.169690000000000160e-03
-2.010389999999999974e-04 2.829340000000000067e-03
-1.807749999999999895e-04 3.152120000000000009e-03
-1.955869999999999961e-04 3.119939999999999866e-03
-2.601459999999999992e-04 2.739689999999999920e-03
-3.810139999999999946e-04 2.021779999999999931e-03
-5.424030000000000041e-04 9.995390000000000264e-04
-7.017590000000000416e-04 -2.033749999999999968e-04
-7.994729999999999805e-04 -1.437179999999999925e-03
-7.782359999999999669e-04 -2.510930000000000193e-03
-6.043609999999999824e-04 -3.192270000000000090e-03
-2.815909999999999811e-04 -3.316980000000000189e-03
1.497450000000000105e-04 -2.865149999999999902e-03
6.274829999999999687e-04 -1.995240000000000121e-03
1.087099999999999915e-03 -9.551489999999999720e-04
1.473759999999999957e-03 5.236410000000000234e-05
1.742260000000000033e-03 8.995770000000000372e-04
1.851650000000000041e-03 1.496619999999999938e-03
1.765040000000000055e-03 1.804239999999999924e-03
1.458920000000000052e-03 1.827089999999999964e-03
9.393239999999999533e-04 1.568439999999999938e-03
2.566919999999999879e-04 1.011799999999999982e-03
-4.913969999999999710e-04 1.596839999999999978e-04
-1.177059999999999955e-03 -8.719770000000000168e-04
-1.676559999999999899e-03 -1.836200000000000072e-03
-1.908329999999999966e-03 -2.445450000000000054e-03
-1.855979999999999913e-03 -2.482480000000000016e-03
-1.566169999999999975e-03 -1.870909999999999934e-03
-1.124489999999999908e-03 -7.132360000000000132e-04
-6.227749999999999996e-04 7.201850000000000309e-04
-1.345429999999999890e-04 2.107219999999999926e-03
2.910729999999999828e-04 3.184479999999999950e-03
6.200760000000000039e-04 3.758120000000000210e-03
8.223739999999999566e-04 3.721260000000000106e-03
8.704340000000000081e-04 3.069399999999999906e-03
7.513179999999999512e-04 1.856049999999999931e-03
4.855640000000000151e-04 1.858159999999999977e-04
1.385160000000000135e-04 -1.732480000000000001e-03
-1.891460000000000081e-04 -3.539780000000000183e-03
-3.925469999999999806e-04 -4.800610000000000294e-03
-4.004850000000000120e-04 -5.189369999999999573e-03
-2.001299999999999965e-04 -4.601179999999999853e-03
1.613499999999999917e-04 -3.140410000000000163e-03
5.944919999999999588e-04 -1.078109999999999962e-03
9.944940000000000637e-04 1.163779999999999893e-03
1.267200000000000010e-03 3.099279999999999830e-03
1.346109999999999971e-03 4.331980000000000032e-03
1.198229999999999998e-03 4.647120000000000244e-03
8.234919999999999957e-04 4.029910000000000263e-03
2.554430000000000004e-04 2.601440000000000002e-03
-4.348970000000000071e-04 6.046629999999999670e-04
-1.139009999999999979e-03 -1.569120000000000020e-03
-1.724300000000000008e-03 -3.431430000000000070e-03
-2.063049999999999867e-03 -4.498779999999999966e-03
-2.068519999999999907e-03 -4.443940000000000390e-03
-1.723670000000000063e-03 -3.214499999999999909e-03
-1.090550000000000026e-03 -1.044100000000000063e-03
-2.966140000000000031e-04 1.562900000000000096e-03
4.981579999999999559e-04 3.921720000000000067e-03
1.140699999999999917e-03 5.424319999999999836e-03
1.516350000000000076e-03 5.724929999999999602e-03
1.566600000000000024e-03 4.756370000000000216e-03
1.296929999999999958e-03 2.673650000000000072e-03
7.777500000000000125e-04 -1.494330000000000040e-04
1.350850000000000119e-04 -3.111860000000000147e-03
-4.729140000000000058e-04 -5.535189999999999728e-03
-8.908629999999999848e-04 -6.839099999999999867e-03
-1.004440000000000107e-03 -6.694280000000000369e-03
-7.720780000000000438e-04 -5.089319999999999608e-03
-2.417730000000000042e-04 -2.293219999999999894e-03
4.541370000000000194e-04 1.107459999999999998e-03
1.130170000000000003e-03 4.283760000000000172e-03
1.597080000000000071e-03 6.439730000000000280e-03
1.712600000000000103e-03 7.018619999999999720e-03
1.419469999999999933e-03 5.800210000000000088e-03
7.611999999999999626e-04 3.034330000000000013e-03
-1.291569999999999969e-04 -5.649239999999999600e-04
-1.061890000000000013e-03 -4.064149999999999881e-03
-1.833680000000000076e-03 -6.536519999999999657e-03
-2.271029999999999837e-03 -7.297670000000000025e-03
-2.266540000000000048e-03 -6.117720000000000102e-03
-1.803740000000000074e-03 -3.222249999999999854e-03
-9.677929999999999953e-04 7.488739999999999590e-04
6.508739999999999621e-05 4.764990000000000198e-03
1.063979999999999961e-03 7.683770000000000357e-03
1.798040000000000098e-03 8.619430000000000841e-03
2.094570000000000026e-03 7.206940000000000221e-03
1.884999999999999957e-03 3.704059999999999905e-03
1.227549999999999995e-03 -1.080529999999999902e-03
2.975760000000000254e-04 -5.867319999999999654e-03
-6.558350000000000117e-04 -9.262930000000000816e-03
-1.374259999999999978e-03 -1.024420000000000018e-02
-1.656179999999999935e-03 -8.461019999999999652e-03
-1.409099999999999936e-03 -4.343480000000000257e-03
-6.766089999999999995e-04 9.942250000000000566e-04
3.664319999999999774e-04 6.028350000000000028e-03
1.450179999999999915e-03 9.335939999999999170e-03
2.271210000000000069e-03 9.964699999999999946e-03
2.570069999999999820e-03 7.652929999999999629e-03
2.207250000000000011e-03 3.030960000000000078e-03
1.213179999999999901e-03 -2.527919999999999907e-03
-2.051450000000000018e-04 -7.349709999999999750e-03
-1.704830000000000061e-03 -1.002399999999999992e-02
-2.889329999999999850e-03 -9.745619999999999977e-03
-3.417299999999999852e-03 -6.483909999999999847e-03
-3.107459999999999823e-03 -1.173959999999999934e-03
-2.002190000000000046e-03 4.558740000000000361e-03
-3.685110000000000230e-04 8.971669999999999298e-03
1.365829999999999952e-03 1.071650000000000033e-02
2.726370000000000095e-03 9.258960000000000107e-03
3.326159999999999881e-03 5.050090000000000134e-03
2.981549999999999912e-03 -5.937209999999999623e-04
1.774549999999999956e-03 -5.916570000000000336e-03
4.129809999999999682e-05 -9.307740000000000111e-03
-1.714419999999999920e-03 -9.787389999999999979e-03
-2.962069999999999807e-03 -7.317569999999999804e-03
-3.301099999999999954e-03 -2.820480000000000209e-03
-2.588239999999999898e-03 2.213129999999999785e-03
-9.965189999999999639e-04 6.248830000000000356e-03
1.018940000000000080e-03 8.112360000000000751e-03
2.848110000000000051e-03 7.333499999999999741e-03
3.911300000000000367e-03 4.325279999999999923e-03
3.843839999999999844e-03 1.871510000000000111e-04
2.620719999999999994e-03 -3.721959999999999852e-03
5.776680000000000400e-04 -6.214410000000000073e-03
-1.683699999999999997e-03 -6.625439999999999802e-03
-3.480510000000000027e-03 -4.983549999999999786e-03
-4.264859999999999658e-03 -1.943489999999999975e-03
-3.800720000000000053e-03 1.468839999999999903e-03
-2.241630000000000098e-03 4.202479999999999757e-03
-8.224860000000000395e-05 5.504949999999999774e-03
2.001129999999999836e-03 5.121979999999999936e-03
3.368120000000000055e-03 3.325119999999999985e-03
3.617770000000000187e-03 7.741840000000000267e-04
2.711489999999999994e-03 -1.720219999999999952e-03
9.765270000000000374e-04 -3.448829999999999951e-03
-1.008269999999999913e-03 -4.000000000000000083e-03
-2.603960000000000215e-03 -3.348999999999999980e-03
-3.315639999999999907e-03 -1.823839999999999966e-03
-2.943120000000000024e-03 2.816280000000000080e-05
-1.632350000000000077e-03 1.622450000000000107e-03
1.841529999999999968e-04 2.511980000000000029e-03
1.933590000000000005e-03 2.506509999999999988e-03
3.085510000000000076e-03 1.705680000000000000e-03
3.312190000000000013e-03 4.404459999999999907e-04
2.578879999999999974e-03 -8.529819999999999590e-04
1.140549999999999941e-03 -1.781049999999999951e-03
-5.485159999999999775e-04 -2.108140000000000101e-03
-1.980550000000000192e-03 -1.803429999999999964e-03
-2.749259999999999898e-03 -1.021109999999999986e-03
-2.667259999999999857e-03 -3.167980000000000118e-05
-1.812220000000000020e-03 8.707510000000000120e-04
-4.907950000000000333e-04 1.454479999999999966e-03
8.654700000000000197e-04 1.606159999999999923e-03
1.837840000000000090e-03 1.345379999999999970e-03
2.148029999999999991e-03 8.002740000000000157e-04
1.736920000000000087e-03 1.565939999999999986e-04
7.718729999999999602e-04 -4.015620000000000018e-04
-4.163619999999999821e-04 -7.418839999999999463e-04
-1.444259999999999945e-03 -8.122780000000000451e-04
-1.996809999999999904e-03 -6.428609999999999967e-04
-1.921130000000000060e-03 -3.248079999999999978e-04
-1.264609999999999996e-03 2.457150000000000013e-05
-2.492010000000000015e-04 2.985600000000000146e-04
8.065439999999999676e-04 4.288299999999999989e-04
1.590110000000000048e-03 3.978089999999999990e-04
1.889199999999999951e-03 2.347510000000000026e-04
1.649169999999999933e-03 -3.727160000000000137e-07
9.787689999999999932e-04 -2.381650000000000076e-04
1.061420000000000012e-04 -4.191630000000000117e-04
-6.979920000000000352e-04 -5.063280000000000081e-04
-1.204430000000000041e-03 -4.890320000000000300e-04
-1.291030000000000085e-03 -3.798610000000000007e-04
-9.712839999999999929e-04 -2.072839999999999893e-04
-3.802049999999999961e-04 -7.330440000000000411e-06
2.753629999999999858e-04 1.836139999999999940e-04
7.844319999999999462e-04 3.341730000000000004e-04
9.960399999999999029e-04 4.217690000000000067e-04
8.608140000000000019e-04 4.353250000000000240e-04
4.390150000000000107e-04 3.769380000000000018e-04
-1.251020000000000094e-04 2.620109999999999822e-04
-6.525199999999999664e-04 1.170799999999999971e-04
-9.858110000000000657e-04 -2.509390000000000042e-05
-1.035050000000000033e-03 -1.326590000000000050e-04
-8.001599999999999555e-04 -1.825499999999999920e-04
-3.645850000000000067e-04 -1.669039999999999998e-04
1.356150000000000085e-04 -9.586589999999999977e-05
5.561200000000000084e-04 4.502089999999999784e-06
