-1.638179999999999982e-08 9.483710000000000421e-07
-1.147629999999999934e-07 3.837809999999999768e-06
-4.027039999999999775e-07 7.966439999999999912e-06
-1.021660000000000057e-06 1.533559999999999934e-05
-2.297199999999999791e-06 3.390550000000000258e-05
-5.051619999999999756e-06 7.515710000000000587e-05
-1.077690000000000011e-05 1.449260000000000012e-04
-2.120749999999999982e-05 2.304800000000000024e-04
-3.724250000000000130e-05 3.033930000000000004e-04
-5.774949999999999994e-05 3.248050000000000047e-04
-7.884909999999999695e-05 2.537780000000000222e-04
-9.432480000000000194e-05 7.713029999999999572e-05
-9.753949999999999676e-05 -1.729210000000000068e-04
-8.403989999999999475e-05 -4.333440000000000035e-04
-5.307510000000000282e-05 -6.414870000000000468e-04
-6.853920000000000270e-06 -7.615880000000000002e-04
5.193339999999999984e-05 -7.950159999999999519e-04
1.223840000000000127e-04 -7.724560000000000324e-04
2.053579999999999945e-04 -7.279759999999999703e-04
3.003109999999999916e-04 -6.671910000000000297e-04
4.004890000000000208e-04 -5.668929999999999542e-04
4.901789999999999837e-04 -4.090690000000000233e-04
5.470250000000000286e-04 -1.961649999999999896e-04
5.489470000000000417e-04 5.838150000000000338e-05
4.822129999999999993e-04 3.300859999999999970e-04
3.469449999999999791e-04 5.810540000000000106e-04
1.575679999999999930e-04 7.787840000000000300e-04
-6.213129999999999922e-05 9.157360000000000022e-04
-2.870559999999999974e-04 1.010760000000000087e-03
-4.980180000000000284e-04 1.096909999999999986e-03
-6.845920000000000347e-04 1.191919999999999959e-03
-8.421729999999999884e-04 1.262169999999999959e-03
-9.653090000000000238e-04 1.237510000000000042e-03
-1.042390000000000027e-03 1.062320000000000061e-03
-1.055680000000000030e-03 7.101429999999999939e-04
-9.867509999999999042e-04 1.938499999999999956e-04
-8.243019999999999558e-04 -4.175830000000000167e-04
-5.704650000000000346e-04 -1.016369999999999947e-03
-2.422439999999999934e-04 -1.496719999999999995e-03
1.327439999999999881e-04 -1.789840000000000007e-03
5.237380000000000464e-04 -1.884389999999999893e-03
9.032649999999999924e-04 -1.818219999999999949e-03
1.249050000000000030e-03 -1.651820000000000024e-03
1.541080000000000011e-03 -1.446859999999999900e-03
1.756710000000000086e-03 -1.236569999999999987e-03
1.867989999999999928e-03 -1.015939999999999899e-03
1.844790000000000015e-03 -7.652400000000000391e-04
1.663860000000000079e-03 -4.700969999999999953e-04
1.320219999999999987e-03 -1.210210000000000056e-04
8.344449999999999567e-04 2.969429999999999791e-04
2.513600000000000057e-04 7.916590000000000042e-04
-3.693360000000000024e-04 1.333919999999999941e-03
-9.660680000000000482e-04 1.846769999999999965e-03
-1.486530000000000013e-03 2.219860000000000149e-03
-1.893750000000000034e-03 2.362229999999999885e-03
-2.166920000000000131e-03 2.242019999999999950e-03
-2.297920000000000171e-03 1.859049999999999895e-03
-2.285010000000000079e-03 1.244459999999999967e-03
-2.127729999999999986e-03 4.936180000000000298e-04
-1.825969999999999894e-03 -2.591569999999999855e-04
-1.383649999999999941e-03 -8.723770000000000266e-04
-8.148019999999999959e-04 -1.237919999999999993e-03
-1.481130000000000098e-04 -1.348030000000000062e-03
5.727599999999999575e-04 -1.291519999999999994e-03
1.292689999999999985e-03 -1.191240000000000094e-03
1.949699999999999957e-03 -1.133930000000000007e-03
2.479310000000000194e-03 -1.133670000000000034e-03
2.819869999999999929e-03 -1.152239999999999905e-03
2.920939999999999908e-03 -1.128019999999999978e-03
2.754250000000000188e-03 -9.978870000000000361e-04
2.323899999999999837e-03 -7.213659999999999777e-04
1.670929999999999941e-03 -3.028209999999999930e-04
8.691639999999999609e-04 1.989709999999999895e-04
1.230890000000000001e-05 6.820679999999999755e-04
-8.041059999999999614e-04 1.024320000000000005e-03
-1.500070000000000049e-03 1.126300000000000001e-03
-2.022809999999999886e-03 9.717900000000000453e-04
-2.350329999999999867e-03 6.423899999999999532e-04
-2.486159999999999846e-03 2.701849999999999890e-04
-2.447889999999999875e-03 -9.968130000000000732e-06
-2.254809999999999887e-03 -1.024110000000000059e-04
-1.920480000000000017e-03 1.527410000000000001e-05
-1.453450000000000011e-03 2.801619999999999783e-04
-8.660929999999999627e-04 6.052219999999999865e-04
-1.875489999999999894e-04 9.145680000000000432e-04
5.274249999999999858e-04 1.105110000000000077e-03
1.200679999999999976e-03 1.102440000000000104e-03
1.744340000000000040e-03 8.931090000000000036e-04
2.081260000000000141e-03 5.146099999999999806e-04
2.165020000000000139e-03 5.474270000000000020e-05
1.992390000000000133e-03 -3.896540000000000203e-04
1.604720000000000018e-03 -7.647630000000000096e-04
1.078769999999999946e-03 -1.074730000000000086e-03
5.100769999999999480e-04 -1.381279999999999921e-03
-6.862459999999999684e-06 -1.740950000000000006e-03
-3.984969999999999897e-04 -2.087229999999999815e-03
-6.281389999999999977e-04 -2.273030000000000102e-03
-7.012570000000000522e-04 -2.160480000000000213e-03
-6.569780000000000108e-04 -1.678680000000000103e-03
-5.492529999999999808e-04 -8.709549999999999714e-04
-4.266149999999999803e-04 1.521489999999999963e-04
-3.199060000000000098e-04 1.235629999999999932e-03
-2.411439999999999938e-04 2.178600000000000154e-03
-1.912510000000000024e-04 2.832299999999999835e-03
-1.715429999999999939e-04 3.148540000000000019e-03
-1.909179999999999905e-04 3.112849999999999905e-03
-2.627290000000000116e-04 2.735800000000000037e-03
-3.926749999999999902e-04 2.029050000000000124e-03
-5.651439999999999545e-04 1.023489999999999947e-03
-7.380050000000000195e-04 -1.626820000000000121e-04
-8.506110000000000320e-04 -1.385619999999999951e-03
-8.419569999999999485e-04 -2.458179999999999914e-03
-6.723840000000000459e-04 -3.148150000000000167e-03
-3.396219999999999816e-04 -3.288409999999999857e-03
1.187419999999999958e-04 -2.855209999999999953e-03
6.373620000000000414e-04 -2.004650000000000182e-03
1.142479999999999971e-03 -9.846589999999999249e-04
1.567140000000000069e-03 1.016799999999999946e-06
1.856140000000000047e-03 8.254700000000000232e-04
1.964870000000000071e-03 1.403270000000000082e-03
1.859849999999999915e-03 1.702299999999999907e-03
1.525380000000000008e-03 1.733579999999999973e-03
9.753160000000000518e-04 1.502080000000000038e-03
2.644149999999999951e-04 9.862350000000000196e-04
-5.096210000000000323e-04 1.780440000000000050e-04
-1.220629999999999892e-03 -8.181749999999999787e-04
-1.744759999999999931e-03 -1.762930000000000009e-03
-1.996169999999999802e-03 -2.368980000000000131e-03
-1.951309999999999937e-03 -2.413160000000000131e-03
-1.650879999999999969e-03 -1.811410000000000060e-03
-1.180229999999999994e-03 -6.618289999999999547e-04
-6.385689999999999639e-04 7.640060000000000167e-04
-1.119509999999999993e-04 2.138849999999999866e-03
3.384370000000000260e-04 3.195180000000000155e-03
6.726320000000000476e-04 3.740499999999999901e-03
8.629259999999999708e-04 3.675850000000000038e-03
8.902299999999999927e-04 3.007730000000000126e-03
7.508960000000000287e-04 1.797699999999999949e-03
4.707390000000000207e-04 1.504090000000000028e-04
1.148460000000000046e-04 -1.734059999999999942e-03
-2.192480000000000123e-04 -3.510109999999999879e-03
-4.280250000000000092e-04 -4.753679999999999711e-03
-4.369609999999999792e-04 -5.143309999999999896e-03
-2.266869999999999931e-04 -4.570560000000000421e-03
1.603920000000000053e-04 -3.132279999999999873e-03
6.328640000000000177e-04 -1.093049999999999924e-03
1.075830000000000059e-03 1.127879999999999942e-03
1.380149999999999910e-03 3.044119999999999986e-03
1.465989999999999915e-03 4.259050000000000336e-03
1.294950000000000007e-03 4.561039999999999713e-03
8.723580000000000527e-04 3.942199999999999871e-03
2.454870000000000164e-04 2.531010000000000204e-03
-4.986489999999999890e-04 5.730909999999999650e-04
-1.239579999999999892e-03 -1.545979999999999967e-03
-1.839860000000000020e-03 -3.351189999999999985e-03
-2.173019999999999900e-03 -4.375210000000000037e-03
-2.156499999999999997e-03 -4.303069999999999985e-03
-1.777719999999999995e-03 -3.086109999999999982e-03
-1.103140000000000067e-03 -9.527230000000000464e-04
-2.660040000000000234e-04 1.603610000000000105e-03
5.653220000000000467e-04 3.909900000000000007e-03
1.227720000000000070e-03 5.367249999999999625e-03
1.598620000000000032e-03 5.635809999999999778e-03
1.618389999999999933e-03 4.652380000000000231e-03
1.300410000000000108e-03 2.574939999999999955e-03
7.299760000000000189e-04 -2.219009999999999884e-04
4.966999999999999709e-05 -3.140529999999999884e-03
-5.700139999999999808e-04 -5.511389999999999692e-03
-9.695300000000000229e-04 -6.767360000000000042e-03
-1.039379999999999905e-03 -6.593139999999999938e-03
-7.496469999999999870e-04 -4.987489999999999805e-03
-1.628049999999999972e-04 -2.221750000000000200e-03
5.754609999999999847e-04 1.124439999999999988e-03
1.270019999999999960e-03 4.236199999999999861e-03
1.726689999999999909e-03 6.334369999999999758e-03
1.803560000000000059e-03 6.876829999999999575e-03
1.449379999999999896e-03 5.652390000000000192e-03
7.191650000000000169e-04 2.912919999999999832e-03
-2.381159999999999950e-04 -6.320059999999999524e-04
-1.215509999999999941e-03 -4.058769999999999739e-03
-1.995939999999999867e-03 -6.454119999999999822e-03
-2.400740000000000166e-03 -7.149570000000000057e-03
-2.329079999999999866e-03 -5.930969999999999819e-03
-1.782050000000000084e-03 -3.035840000000000153e-03
-8.684089999999999995e-04 8.920310000000000522e-04
2.132470000000000134e-04 4.829100000000000233e-03
1.217420000000000091e-03 7.650719999999999743e-03
1.910580000000000047e-03 8.495149999999999924e-03
2.130009999999999890e-03 7.021310000000000225e-03
1.827520000000000013e-03 3.504049999999999873e-03
1.086909999999999960e-03 -1.242840000000000047e-03
1.080509999999999994e-04 -5.948550000000000365e-03
-8.428119999999999666e-04 -9.240049999999999653e-03
-1.502499999999999929e-03 -1.012109999999999919e-02
-1.680019999999999951e-03 -8.268440000000000165e-03
-1.307940000000000057e-03 -4.132910000000000056e-03
-4.641579999999999968e-04 1.162609999999999902e-03
6.421040000000000037e-04 6.100839999999999735e-03
1.717460000000000080e-03 9.280719999999999248e-03
2.454660000000000002e-03 9.783329999999999804e-03
2.613359999999999902e-03 7.383660000000000223e-03
2.091770000000000174e-03 2.741340000000000096e-03
9.660829999999999591e-04 -2.758210000000000089e-03
-5.164710000000000091e-04 -7.451339999999999873e-03
-1.991240000000000024e-03 -9.959529999999999425e-03
-3.066109999999999929e-03 -9.523149999999999324e-03
-3.430030000000000145e-03 -6.157710000000000267e-03
-2.949349999999999888e-03 -8.306140000000000268e-04
-1.717819999999999894e-03 4.824540000000000425e-03
-4.253119999999999693e-05 9.084570000000000145e-03
1.632460000000000074e-03 1.064299999999999968e-02
2.846319999999999840e-03 9.018560000000000118e-03
3.253180000000000047e-03 4.710999999999999910e-03
2.727069999999999841e-03 -9.329390000000000339e-04
1.407459999999999918e-03 -6.155009999999999822e-03
-3.303660000000000147e-04 -9.371960000000000360e-03
-1.975409999999999926e-03 -9.654289999999999400e-03
-3.026140000000000080e-03 -7.023279999999999801e-03
-3.139939999999999919e-03 -2.451630000000000215e-03
-2.243049999999999905e-03 2.544180000000000053e-03
-5.673149999999999851e-04 6.438100000000000420e-03
1.403809999999999910e-03 8.097359999999999627e-03
3.072290000000000090e-03 7.114040000000000294e-03
3.907299999999999836e-03 3.964660000000000059e-03
3.614549999999999794e-03 -2.073090000000000035e-04
2.238509999999999979e-03 -4.032629999999999722e-03
1.615950000000000004e-04 -6.350390000000000028e-03
-2.005119999999999993e-03 -6.550600000000000173e-03
-3.609080000000000187e-03 -4.726509999999999739e-03
-4.162579999999999926e-03 -1.586689999999999975e-03
-3.500800000000000092e-03 1.816579999999999931e-03
-1.837719999999999935e-03 4.440409999999999670e-03
3.004559999999999978e-04 5.570470000000000109e-03
2.243999999999999901e-03 5.007250000000000416e-03
3.394920000000000056e-03 3.075940000000000098e-03
3.417719999999999959e-03 4.729840000000000238e-04
2.342620000000000119e-03 -1.981060000000000199e-03
5.483940000000000082e-04 -3.594579999999999997e-03
-1.367539999999999988e-03 -3.993949999999999584e-03
-2.786489999999999974e-03 -3.200510000000000160e-03
-3.266779999999999944e-03 -1.582660000000000056e-03
-2.678419999999999933e-03 2.884539999999999999e-04
-1.233029999999999977e-03 1.826589999999999898e-03
5.961000000000000153e-04 2.604249999999999794e-03
2.233189999999999915e-03 2.465300000000000130e-03
3.183699999999999811e-03 1.547790000000000060e-03
3.183459999999999936e-03 2.144620000000000077e-04
2.268829999999999892e-03 -1.081909999999999946e-03
7.507279999999999856e-04 -1.950459999999999998e-03
-8.934120000000000039e-04 -2.175920000000000024e-03
-2.172499999999999952e-03 -1.758760000000000054e-03
-2.730760000000000045e-03 -8.857109999999999636e-04
-2.448239999999999965e-03 1.486509999999999969e-04
-1.465139999999999975e-03 1.041250000000000075e-03
-1.260339999999999930e-04 1.568179999999999965e-03
1.135189999999999897e-03 1.636850000000000024e-03
1.932389999999999976e-03 1.293220000000000090e-03
2.043220000000000106e-03 6.889080000000000117e-04
1.469590000000000002e-03 2.377379999999999928e-05
4.262879999999999816e-04 -5.162380000000000267e-04
-7.358490000000000083e-04 -8.080189999999999899e-04
-1.645240000000000070e-03 -8.155610000000000203e-04
-2.025809999999999850e-03 -5.866530000000000225e-04
-1.777850000000000090e-03 -2.270539999999999982e-04
-9.998900000000000236e-04 1.373880000000000066e-04
5.218599999999999807e-05 3.984430000000000068e-04
1.052449999999999913e-03 4.926439999999999812e-04
1.708869999999999920e-03 4.119540000000000203e-04
1.850499999999999931e-03 1.975670000000000009e-04
1.471780000000000007e-03 -7.869699999999999547e-05
7.231709999999999918e-04 -3.381479999999999751e-04
-1.453260000000000109e-04 -5.166450000000000382e-04
-8.671319999999999506e-04 -5.782860000000000127e-04
-1.241099999999999972e-03 -5.192680000000000299e-04
-1.187560000000000048e-03 -3.630999999999999896e-04
-7.632869999999999716e-04 -1.504760000000000006e-04
-1.338760000000000037e-04 7.231540000000000223e-05
4.848659999999999754e-04 2.633800000000000160e-04
8.964090000000000296e-04 3.920560000000000017e-04
9.820449999999999666e-04 4.424140000000000234e-04
7.315940000000000160e-04 4.140319999999999960e-04
2.390430000000000083e-04 3.207109999999999995e-04
-3.330419999999999735e-04 1.874610000000000133e-04
-8.073400000000000324e-04 4.581840000000000164e-05
-1.046300000000000008e-03 -7.229249999999999945e-05
-9.908700000000000320e-04 -1.414420000000000054e-04
-6.728160000000000173e-04 -1.488930000000000125e-04
-1.988740000000000072e-04 -9.834360000000000486e-05
2.865310000000000253e-04 -9.689699999999999740e-06
6.470889999999999975e-04 8.574149999999999892e-05
