-1.567080000000000093e-08 9.490289999999999942e-07
-1.102070000000000021e-07 3.842119999999999731e-06
-3.887919999999999784e-07 7.980180000000000563e-06
-9.924000000000000190e-07 1.536659999999999955e-05
-2.242349999999999800e-06 3.396899999999999952e-05
-4.943280000000000044e-06 7.529119999999999498e-05
-1.056119999999999978e-05 1.452070000000000075e-04
-2.083380000000000033e-05 2.310079999999999946e-04
-3.674570000000000294e-05 3.042380000000000236e-04
-5.734969999999999744e-05 3.259310000000000072e-04
-7.899780000000000452e-05 2.550030000000000113e-04
-9.561729999999999676e-05 7.816329999999999752e-05
-1.004560000000000018e-04 -1.723370000000000002e-04
-8.858690000000000390e-05 -4.332469999999999941e-04
-5.852560000000000086e-05 -6.416129999999999707e-04
-1.179770000000000056e-05 -7.615130000000000119e-04
4.916240000000000215e-05 -7.945089999999999921e-04
1.230659999999999903e-04 -7.718630000000000196e-04
2.098559999999999911e-04 -7.283489999999999886e-04
3.079609999999999878e-04 -6.699810000000000487e-04
4.099940000000000051e-04 -5.732559999999999609e-04
5.002579999999999527e-04 -4.191409999999999906e-04
5.569079999999999473e-04 -2.087400000000000106e-04
5.584020000000000520e-04 4.553549999999999796e-05
4.911650000000000044e-04 3.194180000000000240e-04
3.549669999999999779e-04 5.743569999999999492e-04
1.636329999999999968e-04 7.767009999999999756e-04
-5.945429999999999758e-05 9.178800000000000413e-04
-2.890230000000000143e-04 1.016320000000000027e-03
-5.050859999999999682e-04 1.105340000000000012e-03
-6.961429999999999788e-04 1.203290000000000089e-03
-8.568070000000000113e-04 1.276900000000000084e-03
-9.815810000000000334e-04 1.255669999999999963e-03
-1.059510000000000052e-03 1.082920000000000020e-03
-1.073699999999999915e-03 7.310080000000000050e-04
-1.006010000000000107e-03 2.121989999999999922e-04
-8.444869999999999937e-04 -4.041639999999999881e-04
-5.898039999999999793e-04 -1.009069999999999932e-03
-2.574039999999999770e-04 -1.495299999999999971e-03
1.258440000000000101e-04 -1.793209999999999943e-03
5.284890000000000421e-04 -1.891679999999999967e-03
9.209679999999999820e-04 -1.829609999999999960e-03
1.278250000000000089e-03 -1.668709999999999898e-03
1.577950000000000056e-03 -1.470989999999999928e-03
1.796309999999999964e-03 -1.268650000000000073e-03
1.905800000000000029e-03 -1.054440000000000021e-03
1.877739999999999921e-03 -8.060979999999999925e-04
1.690539999999999925e-03 -5.075439999999999639e-04
1.340279999999999900e-03 -1.492719999999999898e-04
8.476630000000000189e-04 2.819529999999999888e-04
2.571289999999999839e-04 7.912989999999999738e-04
-3.719740000000000134e-04 1.347000000000000107e-03
-9.779339999999999648e-04 1.870509999999999924e-03
-1.507819999999999994e-03 2.251110000000000177e-03
-1.923879999999999991e-03 2.398270000000000089e-03
-2.204680000000000095e-03 2.280780000000000047e-03
-2.341600000000000105e-03 1.898869999999999985e-03
-2.332519999999999819e-03 1.283669999999999993e-03
-2.176299999999999936e-03 5.302409999999999806e-04
-1.871819999999999951e-03 -2.273579999999999872e-04
-1.421869999999999992e-03 -8.476620000000000031e-04
-8.397289999999999963e-04 -1.222280000000000068e-03
-1.545189999999999888e-04 -1.343110000000000007e-03
5.880570000000000111e-04 -1.298689999999999914e-03
1.329319999999999937e-03 -1.211730000000000055e-03
2.003220000000000001e-03 -1.168500000000000051e-03
2.542099999999999829e-03 -1.181779999999999897e-03
2.883240000000000022e-03 -1.211080000000000012e-03
2.977519999999999993e-03 -1.191989999999999977e-03
2.799670000000000197e-03 -1.059100000000000102e-03
2.357010000000000095e-03 -7.713639999999999690e-04
1.692719999999999989e-03 -3.347719999999999993e-04
8.810849999999999845e-04 1.884040000000000074e-04
1.482489999999999930e-05 6.920610000000000000e-04
-8.120030000000000520e-04 1.050659999999999919e-03
-1.520309999999999977e-03 1.163170000000000046e-03
-2.056989999999999860e-03 1.013800000000000031e-03
-2.398280000000000030e-03 6.859799999999999882e-04
-2.544999999999999953e-03 3.138740000000000106e-04
-2.511980000000000029e-03 3.356460000000000048e-05
-2.316579999999999941e-03 -5.952309999999999936e-05
-1.971940000000000151e-03 5.551590000000000154e-05
-1.487830000000000099e-03 3.138220000000000050e-04
-8.791870000000000240e-04 6.271430000000000364e-04
-1.783739999999999967e-04 9.199879999999999473e-04
5.566699999999999947e-04 1.091490000000000082e-03
1.245140000000000049e-03 1.070650000000000030e-03
1.797350000000000076e-03 8.474700000000000158e-04
2.135399999999999972e-03 4.618760000000000075e-04
2.213370000000000094e-03 2.452519999999999941e-06
2.029759999999999811e-03 -4.347849999999999784e-04
1.628560000000000034e-03 -7.979890000000000334e-04
1.089340000000000057e-03 -1.093800000000000024e-03
5.097769999999999949e-04 -1.386410000000000029e-03
-1.475520000000000062e-05 -1.734450000000000011e-03
-4.111210000000000233e-04 -2.072699999999999803e-03
-6.436159999999999581e-04 -2.254340000000000076e-03
-7.184339999999999997e-04 -2.140669999999999899e-03
-6.747809999999999486e-04 -1.659510000000000108e-03
-5.662450000000000512e-04 -8.530519999999999770e-04
-4.410980000000000109e-04 1.684319999999999893e-04
-3.304219999999999748e-04 1.249459999999999980e-03
-2.470209999999999919e-04 2.188470000000000085e-03
-1.928529999999999914e-04 2.836620000000000200e-03
-1.700849999999999953e-04 3.146749999999999808e-03
-1.880069999999999907e-04 3.106369999999999791e-03
-2.600179999999999896e-04 2.728120000000000111e-03
-3.918440000000000248e-04 2.024649999999999801e-03
-5.680499999999999569e-04 1.026030000000000041e-03
-7.465380000000000410e-04 -1.519799999999999916e-04
-8.659440000000000019e-04 -1.368550000000000062e-03
-8.633809999999999792e-04 -2.438819999999999964e-03
-6.963450000000000152e-04 -3.131319999999999937e-03
-3.597280000000000226e-04 -3.278049999999999801e-03
1.102600000000000048e-04 -2.853570000000000152e-03
6.469559999999999634e-04 -2.012560000000000043e-03
1.172410000000000032e-03 -1.002410000000000020e-03
1.613889999999999986e-03 -2.680559999999999963e-05
1.911219999999999933e-03 7.879459999999999806e-04
2.017619999999999917e-03 1.358349999999999922e-03
1.901010000000000070e-03 1.655290000000000017e-03
1.549629999999999974e-03 1.692520000000000092e-03
9.818229999999999406e-04 1.475809999999999926e-03
2.553969999999999808e-04 9.813230000000000910e-04
-5.311250000000000216e-04 1.961839999999999906e-04
-1.252340000000000007e-03 -7.810389999999999737e-04
-1.785040000000000108e-03 -1.715029999999999983e-03
-2.042550000000000181e-03 -2.319480000000000066e-03
-1.998890000000000128e-03 -2.368939999999999935e-03
-1.692230000000000080e-03 -1.775660000000000086e-03
-1.207280000000000028e-03 -6.348740000000000069e-04
-6.457919999999999590e-04 7.823300000000000263e-04
-9.898350000000000529e-05 2.147210000000000091e-03
3.662170000000000074e-04 3.190600000000000033e-03
7.061899999999999861e-04 3.720419999999999890e-03
8.931740000000000512e-04 3.640990000000000198e-03
9.112369999999999628e-04 2.963900000000000215e-03
7.611309999999999604e-04 1.754960000000000070e-03
4.719750000000000204e-04 1.197330000000000003e-04
1.098130000000000005e-04 -1.745170000000000098e-03
-2.286520000000000056e-04 -3.500660000000000056e-03
-4.407050000000000030e-04 -4.729269999999999828e-03
-4.510499999999999861e-04 -5.113440000000000346e-03
-2.380430000000000111e-04 -4.544780000000000000e-03
1.579990000000000029e-04 -3.117299999999999932e-03
6.454310000000000212e-04 -1.091830000000000014e-03
1.105759999999999903e-03 1.115289999999999901e-03
1.423720000000000064e-03 3.019270000000000113e-03
1.513239999999999898e-03 4.224470000000000135e-03
1.332609999999999914e-03 4.520810000000000106e-03
8.884780000000000542e-04 3.902880000000000064e-03
2.338510000000000079e-04 2.501750000000000067e-03
-5.365419999999999868e-04 5.637920000000000258e-04
-1.295530000000000032e-03 -1.528049999999999981e-03
-1.902080000000000003e-03 -3.304919999999999820e-03
-2.229640000000000181e-03 -4.307270000000000196e-03
-2.198020000000000182e-03 -4.226739999999999664e-03
-1.798050000000000039e-03 -3.017569999999999801e-03
-1.099850000000000090e-03 -9.064809999999999968e-04
-2.403189999999999873e-04 1.618470000000000108e-03
6.082260000000000140e-04 3.891379999999999839e-03
1.278770000000000037e-03 5.320029999999999898e-03
1.646010000000000051e-03 5.569550000000000368e-03
1.650350000000000081e-03 4.579790000000000250e-03
1.308780000000000056e-03 2.509799999999999965e-03
7.130920000000000227e-04 -2.668689999999999821e-04
1.327260000000000062e-05 -3.156139999999999987e-03
-6.142650000000000150e-04 -5.494330000000000394e-03
-1.007450000000000012e-03 -6.721669999999999902e-03
-1.058420000000000021e-03 -6.530010000000000155e-03
-7.424540000000000306e-04 -4.923160000000000210e-03
-1.291560000000000082e-04 -2.173549999999999788e-03
6.287899999999999479e-04 1.142669999999999927e-03
1.331029999999999974e-03 4.218069999999999979e-03
1.780909999999999915e-03 6.282760000000000081e-03
1.837160000000000008e-03 6.803309999999999913e-03
1.452249999999999982e-03 5.574420000000000069e-03
6.875279999999999673e-04 2.849770000000000168e-03
-3.001309999999999764e-04 -6.636650000000000231e-04
-1.295810000000000104e-03 -4.048569999999999600e-03
-2.076539999999999983e-03 -6.400600000000000213e-03
-2.461909999999999880e-03 -7.061129999999999664e-03
-2.354680000000000054e-03 -5.825000000000000316e-03
-1.764530000000000048e-03 -2.935689999999999914e-03
-8.115210000000000522e-04 9.621750000000000094e-04
2.948989999999999966e-04 4.850349999999999800e-03
1.301999999999999989e-03 7.614970000000000419e-03
1.974720000000000121e-03 8.408149999999999652e-03
2.155160000000000148e-03 6.902179999999999947e-03
1.805229999999999899e-03 3.381120000000000046e-03
1.021779999999999911e-03 -1.338980000000000031e-03
1.718659999999999906e-05 -5.993059999999999707e-03
-9.335209999999999819e-04 -9.220610000000000611e-03
-1.564840000000000068e-03 -1.004170000000000063e-02
-1.691250000000000045e-03 -8.149129999999999222e-03
-1.258089999999999903e-03 -4.005500000000000380e-03
-3.605300000000000193e-04 1.262230000000000036e-03
7.751439999999999633e-04 6.142080000000000282e-03
1.843999999999999936e-03 9.247190000000000618e-03
2.537150000000000169e-03 9.678789999999999616e-03
2.624019999999999912e-03 7.232810000000000107e-03
2.021939999999999849e-03 2.584529999999999814e-03
8.303860000000000147e-04 -2.875529999999999840e-03
-6.829369999999999972e-04 -7.491639999999999931e-03
-2.142219999999999801e-03 -9.904970000000000788e-03
-3.157660000000000067e-03 -9.382480000000000334e-03
-3.433980000000000105e-03 -5.965479999999999568e-03
-2.862470000000000205e-03 -6.383750000000000535e-04
-1.563909999999999953e-03 4.962679999999999696e-03
1.335119999999999916e-04 9.127810000000000090e-03
1.777249999999999967e-03 1.057650000000000083e-02
2.913820000000000125e-03 8.858599999999999461e-03
3.219290000000000086e-03 4.501520000000000174e-03
2.598220000000000043e-03 -1.132500000000000043e-03
1.220319999999999998e-03 -6.286759999999999744e-03
-5.188089999999999586e-04 -9.396770000000000470e-03
-2.104749999999999850e-03 -9.564100000000000726e-03
-3.051659999999999876e-03 -6.844480000000000008e-03
-3.047799999999999815e-03 -2.238089999999999871e-03
-2.056239999999999978e-03 2.726839999999999906e-03
-3.398529999999999867e-04 6.532490000000000172e-03
1.603150000000000018e-03 8.072579999999999339e-03
3.181590000000000199e-03 6.976030000000000252e-03
3.891379999999999839e-03 3.754869999999999996e-03
3.476599999999999829e-03 -4.245639999999999961e-04
2.019609999999999808e-03 -4.190460000000000018e-03
-7.189589999999999718e-05 -6.400450000000000236e-03
-2.182289999999999924e-03 -6.478270000000000382e-03
-3.676589999999999980e-03 -4.555029999999999843e-03
-4.101180000000000277e-03 -1.369130000000000087e-03
-3.331150000000000170e-03 2.014709999999999852e-03
-1.613749999999999950e-03 4.561869999999999988e-03
5.084069999999999995e-04 5.583590000000000254e-03
2.370909999999999945e-03 4.914360000000000429e-03
3.401060000000000021e-03 2.910849999999999983e-03
3.300790000000000061e-03 2.888470000000000078e-04
2.138399999999999936e-03 -2.128950000000000113e-03
3.197470000000000000e-04 -3.665439999999999844e-03
-1.549889999999999948e-03 -3.972559999999999980e-03
-2.865669999999999849e-03 -3.099880000000000170e-03
-3.217310000000000135e-03 -1.438140000000000078e-03
-2.514230000000000111e-03 4.310970000000000231e-04
-1.003360000000000016e-03 1.925140000000000098e-03
8.218179999999999843e-04 2.631930000000000207e-03
2.386759999999999923e-03 2.417410000000000045e-03
3.219370000000000044e-03 1.441559999999999933e-03
3.092189999999999869e-03 8.283040000000000574e-05
2.080970000000000129e-03 -1.200600000000000018e-03
5.262679999999999832e-04 -2.023619999999999846e-03
-1.084080000000000070e-03 -2.185639999999999979e-03
-2.270949999999999878e-03 -1.706070000000000069e-03
-2.708840000000000119e-03 -7.891439999999999783e-04
-2.316459999999999787e-03 2.594900000000000245e-04
-1.268390000000000099e-03 1.134980000000000060e-03
7.149039999999999573e-05 1.620839999999999911e-03
1.270869999999999899e-03 1.638270000000000047e-03
1.964829999999999875e-03 1.248710000000000098e-03
1.964539999999999863e-03 6.162119999999999881e-04
1.306709999999999990e-03 -5.339270000000000127e-05
2.312589999999999893e-04 -5.756640000000000368e-04
-9.028239999999999876e-04 -8.351199999999999596e-04
-1.734569999999999949e-03 -8.064730000000000423e-04
-2.013200000000000146e-03 -5.478419999999999904e-04
-1.670599999999999950e-03 -1.721430000000000085e-04
-8.333939999999999968e-04 1.921720000000000025e-04
2.262449999999999997e-04 4.387039999999999928e-04
1.182310000000000002e-03 5.090270000000000038e-04
1.758250000000000047e-03 4.016480000000000007e-04
1.808860000000000025e-03 1.641679999999999908e-04
1.356489999999999909e-03 -1.265949999999999899e-04
5.731430000000000248e-04 -3.891370000000000115e-04
-2.823050000000000017e-04 -5.590449999999999846e-04
-9.493289999999999498e-04 -6.026329999999999881e-04
-1.245390000000000082e-03 -5.203560000000000303e-04
-1.115840000000000104e-03 -3.411709999999999765e-04
-6.409329999999999975e-04 -1.112220000000000000e-04
-9.645509999999999660e-07 1.190550000000000045e-04
5.865370000000000392e-04 3.060240000000000096e-04
9.363419999999999469e-04 4.202230000000000049e-04
9.499940000000000120e-04 4.496370000000000184e-04
6.398190000000000214e-04 3.994770000000000243e-04
1.174660000000000032e-04 2.893819999999999748e-04
-4.469140000000000243e-04 1.488129999999999997e-04
-8.802890000000000281e-04 1.115829999999999954e-05
-1.059279999999999900e-03 -9.291629999999999670e-05
-9.439300000000000511e-04 -1.419989999999999935e-04
-5.839079999999999531e-04 -1.290399999999999978e-04
-9.725230000000000398e-05 -6.355700000000000151e-05
3.698770000000000096e-04 3.019209999999999846e-05
6.888769999999999573e-04 1.191859999999999936e-04
