-1.435440000000000081e-08 9.500230000000000096e-07
-1.017079999999999999e-07 3.848590000000000027e-06
-3.625280000000000021e-07 8.000579999999999555e-06
-9.362770000000000399e-07 1.541210000000000106e-05
-2.135650000000000042e-06 3.406099999999999796e-05
-4.731340000000000173e-06 7.548509999999999324e-05
-1.013810000000000039e-05 1.456130000000000033e-04
-2.009319999999999932e-05 2.317689999999999963e-04
-3.573110000000000083e-05 3.054450000000000004e-04
-5.644580000000000089e-05 3.275150000000000110e-04
-7.903259999999999951e-05 2.566849999999999861e-04
-9.772369999999999408e-05 7.953919999999999903e-05
-1.056050000000000028e-04 -1.715560000000000088e-04
-9.690869999999999595e-05 -4.329520000000000113e-04
-6.877619999999999383e-05 -6.412079999999999906e-04
-2.137999999999999859e-05 -7.602200000000000363e-04
4.345649999999999974e-05 -7.920229999999999892e-04
1.238450000000000043e-04 -7.690250000000000037e-04
2.180399999999999927e-04 -7.273439999999999940e-04
3.224200000000000199e-04 -6.737310000000000043e-04
4.281670000000000224e-04 -5.841229999999999773e-04
5.193809999999999660e-04 -4.375380000000000111e-04
5.750850000000000276e-04 -2.324720000000000063e-04
5.749140000000000457e-04 2.075729999999999860e-05
5.059339999999999844e-04 2.984950000000000212e-04
3.676339999999999838e-04 5.610829999999999811e-04
1.728859999999999978e-04 7.726589999999999760e-04
-5.579499999999999689e-05 9.224570000000000079e-04
-2.931620000000000233e-04 1.027740000000000077e-03
-5.181199999999999521e-04 1.122060000000000028e-03
-7.173519999999999853e-04 1.224810000000000005e-03
-8.838900000000000229e-04 1.303630000000000067e-03
-1.011790000000000042e-03 1.287759999999999990e-03
-1.090969999999999917e-03 1.118980000000000105e-03
-1.105960000000000016e-03 7.676249999999999697e-04
-1.039409999999999943e-03 2.446479999999999792e-04
-8.786090000000000306e-04 -3.802750000000000141e-04
-6.219139999999999955e-04 -9.962059999999999145e-04
-2.819820000000000117e-04 -1.493420000000000077e-03
1.159640000000000031e-04 -1.800530000000000056e-03
5.396599999999999661e-04 -1.906509999999999932e-03
9.560229999999999640e-04 -1.852010000000000071e-03
1.334869999999999937e-03 -1.700869999999999943e-03
1.648979999999999977e-03 -1.516009999999999927e-03
1.871870000000000088e-03 -1.328020000000000068e-03
1.976299999999999845e-03 -1.125640000000000017e-03
1.936369999999999975e-03 -8.816860000000000148e-04
1.734230000000000016e-03 -5.764369999999999564e-04
1.368869999999999896e-03 -1.998749999999999930e-04
8.621609999999999604e-04 2.581749999999999735e-04
2.581060000000000255e-04 7.974310000000000296e-04
-3.849449999999999812e-04 1.380420000000000041e-03
-1.005830000000000092e-03 1.924619999999999933e-03
-1.551300000000000031e-03 2.318000000000000182e-03
-1.982540000000000083e-03 2.470969999999999851e-03
-2.276770000000000009e-03 2.354489999999999882e-03
-2.423989999999999999e-03 1.970780000000000101e-03
-2.420680000000000141e-03 1.351970000000000081e-03
-2.264200000000000067e-03 5.929060000000000320e-04
-1.951749999999999926e-03 -1.733179999999999964e-04
-1.484499999999999926e-03 -8.062349999999999812e-04
-8.749520000000000214e-04 -1.197939999999999986e-03
-1.533980000000000109e-04 -1.340129999999999924e-03
6.305009999999999998e-04 -1.320699999999999956e-03
1.411479999999999896e-03 -1.261189999999999924e-03
2.115859999999999790e-03 -1.245959999999999950e-03
2.669860000000000028e-03 -1.284580000000000010e-03
3.008550000000000026e-03 -1.331989999999999910e-03
3.085259999999999826e-03 -1.318759999999999984e-03
2.880719999999999809e-03 -1.175819999999999947e-03
2.409230000000000052e-03 -8.616169999999999602e-04
1.719199999999999938e-03 -3.857810000000000254e-04
8.866660000000000383e-04 1.823720000000000083e-04
2.750730000000000174e-06 7.283889999999999679e-04
-8.418850000000000075e-04 1.119809999999999946e-03
-1.571059999999999991e-03 1.252230000000000010e-03
-2.132150000000000191e-03 1.110660000000000076e-03
-2.498600000000000126e-03 7.824099999999999848e-04
-2.665770000000000032e-03 4.064100000000000069e-04
-2.642139999999999853e-03 1.218959999999999998e-04
-2.440200000000000008e-03 2.432349999999999844e-05
-2.071499999999999991e-03 1.316110000000000110e-04
-1.548340000000000046e-03 3.745929999999999963e-04
-8.916809999999999624e-04 6.619150000000000077e-04
-1.417249999999999890e-04 9.184199999999999786e-04
6.359000000000000069e-04 1.047790000000000049e-03
1.354399999999999962e-03 9.866440000000000626e-04
1.920690000000000071e-03 7.332210000000000463e-04
2.256359999999999789e-03 3.335650000000000225e-04
2.317759999999999872e-03 -1.215200000000000020e-04
2.107860000000000029e-03 -5.380369999999999988e-04
1.676369999999999943e-03 -8.693699999999999518e-04
1.108379999999999956e-03 -1.128859999999999976e-03
5.053930000000000314e-04 -1.387119999999999933e-03
-3.602790000000000110e-05 -1.707530000000000072e-03
-4.438970000000000090e-04 -2.027259999999999913e-03
-6.846000000000000522e-04 -2.199210000000000054e-03
-7.657309999999999638e-04 -2.082450000000000013e-03
-7.263849999999999647e-04 -1.601930000000000107e-03
-6.189060000000000134e-04 -7.979460000000000068e-04
-4.902879999999999652e-04 2.193420000000000016e-04
-3.713049999999999966e-04 1.293059999999999956e-03
-2.758249999999999960e-04 2.220199999999999865e-03
-2.079500000000000131e-04 2.851980000000000053e-03
-1.722810000000000129e-04 3.143819999999999861e-03
-1.800829999999999900e-04 3.087840000000000116e-03
-2.460599999999999853e-04 2.701509999999999849e-03
-3.767649999999999884e-04 2.000159999999999959e-03
-5.572479999999999881e-04 1.012819999999999996e-03
-7.451149999999999701e-04 -1.493379999999999990e-04
-8.770919999999999975e-04 -1.351720000000000048e-03
-8.863039999999999764e-04 -2.414770000000000111e-03
-7.247210000000000023e-04 -3.109470000000000029e-03
-3.819299999999999974e-04 -3.266890000000000158e-03
1.083759999999999937e-04 -2.858579999999999888e-03
6.770370000000000164e-04 -2.036009999999999990e-03
1.238219999999999946e-03 -1.044529999999999894e-03
1.708249999999999916e-03 -8.679919999999999389e-05
2.017240000000000005e-03 7.124230000000000059e-04
2.114050000000000130e-03 1.273019999999999924e-03
1.969180000000000062e-03 1.570809999999999958e-03
1.578970000000000070e-03 1.624000000000000010e-03
9.715260000000000085e-04 1.439420000000000066e-03
2.120760000000000071e-04 9.890540000000000616e-04
-5.981380000000000117e-04 2.509370000000000133e-04
-1.335040000000000011e-03 -6.873470000000000447e-04
-1.877889999999999898e-03 -1.599069999999999962e-03
-2.140389999999999827e-03 -2.200750000000000015e-03
-2.093859999999999905e-03 -2.263629999999999982e-03
-1.772439999999999910e-03 -1.693119999999999998e-03
-1.258980000000000038e-03 -5.782339999999999529e-04
-6.582979999999999778e-04 8.125569999999999928e-04
-6.989949999999999712e-05 2.149449999999999798e-03
4.288860000000000133e-04 3.161339999999999897e-03
7.864239999999999772e-04 3.657109999999999875e-03
9.727520000000000134e-04 3.546890000000000025e-03
9.759550000000000300e-04 2.851460000000000106e-03
8.043469999999999613e-04 1.644950000000000058e-03
4.941089999999999545e-04 3.550379999999999709e-05
1.149169999999999977e-04 -1.785920000000000086e-03
-2.363830000000000033e-04 -3.492579999999999903e-03
-4.579510000000000069e-04 -4.681040000000000027e-03
-4.736769999999999848e-04 -5.043970000000000051e-03
-2.588669999999999730e-04 -4.476070000000000396e-03
1.492769999999999872e-04 -3.067690000000000087e-03
6.590110000000000369e-04 -1.072119999999999974e-03
1.146440000000000089e-03 1.102239999999999991e-03
1.486319999999999959e-03 2.976900000000000206e-03
1.581699999999999903e-03 4.160679999999999934e-03
1.384100000000000087e-03 4.447200000000000111e-03
9.013200000000000508e-04 3.834839999999999950e-03
1.957630000000000025e-04 2.457550000000000186e-03
-6.236629999999999951e-04 5.613789999999999796e-04
-1.416209999999999995e-03 -1.476679999999999963e-03
-2.032400000000000179e-03 -3.199389999999999873e-03
-2.344209999999999783e-03 -4.161780000000000340e-03
-2.275989999999999871e-03 -4.068190000000000174e-03
-1.826649999999999975e-03 -2.879239999999999924e-03
-1.075580000000000026e-03 -8.192250000000000313e-04
-1.687559999999999950e-04 1.634260000000000010e-03
7.133610000000000298e-04 3.830520000000000019e-03
1.397159999999999938e-03 5.193099999999999973e-03
1.753910000000000018e-03 5.400000000000000286e-03
1.725650000000000014e-03 4.399100000000000406e-03
1.336890000000000083e-03 2.351670000000000149e-03
6.914640000000000326e-04 -3.727310000000000063e-04
-4.739500000000000277e-05 -3.190010000000000068e-03
-6.926999999999999781e-04 -5.451079999999999641e-03
-1.077650000000000092e-03 -6.612769999999999586e-03
-1.096970000000000063e-03 -6.381959999999999890e-03
-7.351820000000000230e-04 -4.772140000000000236e-03
-7.508070000000000097e-05 -2.057209999999999855e-03
7.172539999999999602e-04 1.194699999999999929e-03
1.431219999999999975e-03 4.191939999999999902e-03
1.865289999999999917e-03 6.184369999999999798e-03
1.879779999999999949e-03 6.657299999999999676e-03
1.435089999999999977e-03 5.418550000000000276e-03
6.054899999999999779e-04 2.726080000000000083e-03
-4.365530000000000061e-04 -7.187689999999999618e-04
-1.461159999999999976e-03 -4.013130000000000169e-03
-2.235009999999999948e-03 -6.273130000000000026e-03
-2.575539999999999861e-03 -6.862659999999999594e-03
-2.393479999999999913e-03 -5.596219999999999840e-03
-1.715560000000000088e-03 -2.729119999999999810e-03
-6.838280000000000400e-04 1.094080000000000096e-03
4.714930000000000206e-04 4.868759999999999755e-03
1.483879999999999921e-03 7.506139999999999687e-03
2.115510000000000133e-03 8.189190000000000705e-03
2.217999999999999920e-03 6.619049999999999587e-03
1.773309999999999947e-03 3.098699999999999805e-03
9.039430000000000425e-04 -1.552599999999999900e-03
-1.529169999999999998e-04 -6.084290000000000011e-03
-1.105019999999999961e-03 -9.165130000000000499e-03
-1.682450000000000048e-03 -9.852239999999999956e-03
-1.710829999999999990e-03 -7.874060000000000434e-03
-1.160929999999999905e-03 -3.718040000000000147e-03
-1.619109999999999885e-04 1.482040000000000007e-03
1.026530000000000107e-03 6.228710000000000149e-03
2.077240000000000163e-03 9.168839999999999282e-03
2.678700000000000005e-03 9.449080000000000326e-03
2.620410000000000100e-03 6.910699999999999656e-03
1.858209999999999897e-03 2.260739999999999798e-03
5.381680000000000014e-04 -3.102619999999999944e-03
-1.031100000000000072e-03 -7.544600000000000264e-03
-2.451880000000000032e-03 -9.752109999999999598e-03
-3.339809999999999914e-03 -9.050940000000000374e-03
-3.432469999999999966e-03 -5.537339999999999970e-03
-2.672739999999999838e-03 -2.295979999999999928e-04
-1.236939999999999958e-03 5.234940000000000426e-03
5.038100000000000434e-04 9.179990000000000719e-03
2.080429999999999866e-03 1.038500000000000013e-02
3.055930000000000105e-03 8.469360000000000430e-03
3.152659999999999837e-03 4.019220000000000431e-03
2.338719999999999861e-03 -1.573380000000000091e-03
8.457090000000000440e-04 -6.560810000000000253e-03
-8.901350000000000148e-04 -9.425279999999999422e-03
-2.349389999999999812e-03 -9.339959999999999582e-03
-3.080610000000000119e-03 -6.436200000000000428e-03
-2.837109999999999892e-03 -1.770869999999999909e-03
-1.658329999999999960e-03 3.108130000000000181e-03
1.297299999999999929e-04 6.707829999999999696e-03
2.000410000000000209e-03 7.984979999999999162e-03
3.379529999999999947e-03 6.650709999999999782e-03
3.821390000000000030e-03 3.292639999999999890e-03
3.152049999999999991e-03 -8.784900000000000000e-04
1.533480000000000043e-03 -4.492209999999999953e-03
-5.751309999999999929e-04 -6.453320000000000237e-03
-2.551719999999999943e-03 -6.263440000000000327e-03
-3.802369999999999795e-03 -4.137019999999999934e-03
-3.949189999999999992e-03 -8.744459999999999690e-04
-2.953599999999999802e-03 2.438539999999999892e-03
-1.132559999999999904e-03 4.792939999999999874e-03
9.401190000000000024e-04 5.562659999999999653e-03
2.616890000000000188e-03 4.660599999999999986e-03
3.384460000000000159e-03 2.512159999999999827e-03
3.027870000000000214e-03 -1.288150000000000059e-04
1.696349999999999898e-03 -2.442319999999999994e-03
-1.506730000000000124e-04 -3.791210000000000153e-03
-1.898299999999999901e-03 -3.889839999999999878e-03
-2.978890000000000097e-03 -2.851849999999999958e-03
-3.054760000000000114e-03 -1.114259999999999947e-03
-2.120790000000000002e-03 7.253589999999999647e-04
-4.958179999999999749e-04 2.100939999999999926e-03
1.290759999999999954e-03 2.642020000000000132e-03
2.675820000000000195e-03 2.266869999999999823e-03
3.242619999999999877e-03 1.182539999999999937e-03
2.845809999999999833e-03 -2.039090000000000021e-04
1.644180000000000077e-03 -1.430840000000000063e-03
3.607849999999999686e-05 -2.133990000000000106e-03
-1.476459999999999969e-03 -2.150299999999999954e-03
-2.448039999999999852e-03 -1.541629999999999997e-03
-2.623640000000000000e-03 -5.471859999999999615e-04
-2.006130000000000066e-03 5.093590000000000270e-04
-8.407030000000000449e-04 1.326190000000000094e-03
4.742290000000000025e-04 1.708579999999999908e-03
1.518199999999999932e-03 1.610499999999999952e-03
1.979540000000000119e-03 1.126739999999999990e-03
1.745770000000000004e-03 4.453910000000000052e-04
9.279569999999999789e-04 -2.192150000000000077e-04
-1.852400000000000086e-04 -6.905979999999999498e-04
-1.226150000000000070e-03 -8.735369999999999680e-04
-1.866379999999999949e-03 -7.678659999999999696e-04
-1.917089999999999983e-03 -4.537380000000000254e-04
-1.380979999999999968e-03 -5.710549999999999730e-05
-4.421180000000000249e-04 2.918840000000000128e-04
6.003070000000000107e-04 4.951550000000000526e-04
1.430569999999999932e-03 5.087409999999999459e-04
1.814889999999999993e-03 3.469899999999999829e-04
1.668809999999999955e-03 7.063400000000000169e-05
1.074139999999999904e-03 -2.355950000000000101e-04
2.430780000000000061e-04 -4.882929999999999953e-04
-5.559850000000000512e-04 -6.266079999999999610e-04
-1.085280000000000099e-03 -6.245369999999999871e-04
-1.208979999999999907e-03 -4.926190000000000213e-04
-9.278080000000000181e-04 -2.704119999999999853e-04
-3.685949999999999904e-04 -1.321269999999999972e-05
2.645950000000000103e-04 2.227080000000000097e-04
7.597990000000000212e-04 3.926310000000000021e-04
9.637890000000000519e-04 4.713210000000000229e-04
8.255339999999999467e-04 4.555939999999999751e-04
4.047869999999999854e-04 3.621000000000000195e-04
-1.541649999999999987e-04 2.216150000000000119e-04
-6.728310000000000367e-04 7.138169999999999455e-05
-9.955940000000000362e-04 -5.306119999999999945e-05
-1.035539999999999941e-03 -1.252889999999999993e-04
-7.959329999999999704e-04 -1.334580000000000087e-04
-3.626419999999999882e-04 -8.278049999999999796e-05
1.278440000000000045e-04 5.751789999999999864e-06
5.332349999999999590e-04 1.005050000000000008e-04
7.484669999999999475e-04 1.673850000000000110e-04
