-1.374299999999999938e-08 9.503739999999999576e-07
-9.773459999999999955e-08 3.850859999999999583e-06
-3.501209999999999890e-07 8.007579999999999657e-06
-9.094030000000000071e-07 1.542730000000000051e-05
-2.083939999999999905e-06 3.409110000000000298e-05
-4.628099999999999785e-06 7.554809999999999586e-05
-9.931540000000000799e-06 1.457449999999999946e-04
-1.972839999999999902e-05 2.320160000000000093e-04
-3.521920000000000324e-05 3.058280000000000135e-04
-5.595510000000000235e-05 3.280010000000000195e-04
-7.894300000000000633e-05 2.571730000000000261e-04
-9.857229999999999812e-05 7.991120000000000157e-05
-1.078750000000000065e-04 -1.713390000000000074e-04
-1.007090000000000009e-04 -4.327479999999999977e-04
-7.357319999999999550e-05 -6.406889999999999504e-04
-2.597689999999999857e-05 -7.590360000000000423e-04
4.059620000000000275e-05 -7.901079999999999779e-04
1.240290000000000012e-04 -7.668840000000000118e-04
2.217940000000000113e-04 -7.261109999999999873e-04
3.292610000000000176e-04 -6.748639999999999544e-04
4.368369999999999784e-04 -5.887919999999999829e-04
5.284219999999999629e-04 -4.459740000000000232e-04
5.834069999999999794e-04 -2.436500000000000135e-04
5.820429999999999701e-04 8.902750000000000439e-06
5.118520000000000318e-04 2.883809999999999889e-04
3.723630000000000126e-04 5.546490000000000491e-04
1.761020000000000022e-04 7.707880000000000070e-04
-5.485810000000000252e-05 9.249090000000000176e-04
-2.954310000000000247e-04 1.033590000000000030e-03
-5.241900000000000075e-04 1.130350000000000018e-03
-7.270819999999999887e-04 1.235049999999999907e-03
-8.963769999999999594e-04 1.315809999999999940e-03
-1.025770000000000067e-03 1.301929999999999971e-03
-1.105410000000000030e-03 1.134660000000000009e-03
-1.120399999999999912e-03 7.834930000000000149e-04
-1.053829999999999958e-03 2.587560000000000142e-04
-8.927880000000000451e-04 -3.698609999999999745e-04
-6.347920000000000168e-04 -9.907019999999999889e-04
-2.913130000000000211e-04 -1.492969999999999931e-03
1.132440000000000020e-04 -1.804489999999999957e-03
5.464069999999999474e-04 -1.914120000000000058e-03
9.736319999999999914e-04 -1.863199999999999969e-03
1.362399999999999939e-03 -1.716499999999999927e-03
1.683089999999999933e-03 -1.537369999999999926e-03
1.907719999999999902e-03 -1.355730000000000086e-03
2.008970000000000113e-03 -1.158560000000000102e-03
1.962220000000000197e-03 -9.163570000000000222e-04
1.751570000000000037e-03 -6.075969999999999765e-04
1.377799999999999988e-03 -2.218730000000000084e-04
8.637430000000000411e-04 2.496229999999999782e-04
2.534090000000000127e-04 8.039240000000000231e-04
-3.954009999999999773e-04 1.400559999999999913e-03
-1.022120000000000060e-03 1.954730000000000009e-03
-1.573739999999999905e-03 2.353500000000000123e-03
-2.011240000000000076e-03 2.507759999999999937e-03
-2.311220000000000115e-03 2.389810000000000025e-03
-2.462810000000000173e-03 2.003360000000000037e-03
-2.461539999999999909e-03 1.381489999999999975e-03
-2.303860000000000022e-03 6.191639999999999557e-04
-1.986180000000000150e-03 -1.510989999999999979e-04
-1.509130000000000020e-03 -7.897060000000000451e-04
-8.852000000000000493e-04 -1.189450000000000099e-03
-1.455530000000000072e-04 -1.342270000000000008e-03
6.581090000000000377e-04 -1.335669999999999956e-03
1.457399999999999972e-03 -1.290300000000000084e-03
2.175090000000000183e-03 -1.289060000000000076e-03
2.734649999999999928e-03 -1.339520000000000077e-03
3.070110000000000026e-03 -1.394260000000000031e-03
3.136050000000000035e-03 -1.381580000000000091e-03
2.916250000000000005e-03 -1.231069999999999907e-03
2.428619999999999824e-03 -9.014029999999999482e-04
1.724430000000000103e-03 -4.043200000000000049e-04
8.809109999999999554e-04 1.872409999999999916e-04
-1.148850000000000020e-05 7.547129999999999551e-04
-8.639060000000000055e-04 1.162269999999999970e-03
-1.601959999999999929e-03 1.303909999999999922e-03
-2.173720000000000079e-03 1.165079999999999978e-03
-2.551519999999999830e-03 8.351359999999999947e-04
-2.728009999999999897e-03 4.554930000000000112e-04
-2.708250000000000154e-03 1.671300000000000075e-04
-2.501859999999999848e-03 6.565019999999999699e-05
-2.119310000000000117e-03 1.675240000000000041e-04
-1.574160000000000012e-03 4.013609999999999812e-04
-8.907859999999999650e-04 6.741279999999999668e-04
-1.139670000000000017e-04 9.107440000000000067e-04
6.861569999999999562e-04 1.017239999999999985e-03
1.419420000000000013e-03 9.343609999999999806e-04
1.991090000000000047e-03 6.649339999999999461e-04
2.323019999999999859e-03 2.585560000000000093e-04
2.373389999999999962e-03 -1.926019999999999967e-04
2.148049999999999873e-03 -5.956919999999999880e-04
1.699889999999999908e-03 -9.072530000000000091e-04
1.116660000000000005e-03 -1.144739999999999994e-03
5.014379999999999922e-04 -1.382629999999999927e-03
-4.904269999999999718e-05 -1.687050000000000051e-03
-4.636829999999999988e-04 -1.996289999999999957e-03
-7.100049999999999894e-04 -2.162799999999999879e-03
-7.961580000000000436e-04 -2.044160000000000161e-03
-7.608499999999999812e-04 -1.563740000000000095e-03
-6.553540000000000277e-04 -7.609500000000000378e-04
-5.255750000000000222e-04 2.538460000000000087e-04
-4.018030000000000017e-04 1.322830000000000100e-03
-2.983549999999999852e-04 2.242130000000000165e-03
-2.206339999999999885e-04 2.863080000000000052e-03
-1.749510000000000128e-04 3.142629999999999989e-03
-1.741799999999999891e-04 3.075619999999999830e-03
-2.342059999999999867e-04 2.682330000000000131e-03
-3.622720000000000172e-04 1.979850000000000013e-03
-5.436249999999999459e-04 9.969160000000000348e-04
-7.354669999999999567e-04 -1.574939999999999934e-04
-8.732899999999999821e-04 -1.352069999999999921e-03
-8.881170000000000080e-04 -2.410269999999999947e-03
-7.292639999999999756e-04 -3.104720000000000049e-03
-3.839150000000000266e-04 -3.266419999999999914e-03
1.152710000000000014e-04 -2.865519999999999873e-03
6.978550000000000465e-04 -2.051680000000000170e-03
1.274249999999999992e-03 -1.068809999999999899e-03
1.755639999999999935e-03 -1.186410000000000047e-04
2.067540000000000090e-03 6.749860000000000321e-04
2.156760000000000187e-03 1.233380000000000067e-03
1.995180000000000044e-03 1.534290000000000003e-03
1.583280000000000061e-03 1.597560000000000039e-03
9.544109999999999530e-04 1.430260000000000038e-03
1.779170000000000111e-04 1.002349999999999942e-03
-6.432140000000000253e-04 2.876919999999999825e-04
-1.385560000000000090e-03 -6.312590000000000085e-04
-1.930080000000000033e-03 -1.531990000000000001e-03
-2.191590000000000205e-03 -2.132760000000000038e-03
-2.141010000000000048e-03 -2.203670000000000021e-03
-1.810940000000000032e-03 -1.647110000000000024e-03
-1.283089999999999968e-03 -5.489299999999999909e-04
-6.630129999999999487e-04 8.243159999999999593e-04
-5.334499999999999832e-05 2.143159999999999857e-03
4.639639999999999780e-04 3.136309999999999792e-03
8.330850000000000104e-04 3.613420000000000000e-03
1.022059999999999982e-03 3.487329999999999857e-03
1.019839999999999939e-03 2.782999999999999884e-03
8.377579999999999706e-04 1.578420000000000083e-03
5.155119999999999798e-04 -1.687650000000000012e-05
1.252810000000000089e-04 -1.814400000000000084e-03
-2.350829999999999988e-04 -3.493260000000000202e-03
-4.635570000000000207e-04 -4.657289999999999694e-03
-4.836439999999999793e-04 -5.005070000000000352e-03
-2.696549999999999924e-04 -4.434050000000000144e-03
1.421989999999999984e-04 -3.033640000000000208e-03
6.599989999999999806e-04 -1.053560000000000043e-03
1.157639999999999928e-03 1.102509999999999905e-03
1.505800000000000064e-03 2.960459999999999828e-03
1.602909999999999925e-03 4.132499999999999889e-03
1.397360000000000052e-03 4.414590000000000354e-03
8.971930000000000139e-04 3.806610000000000202e-03
1.687159999999999886e-04 2.442999999999999859e-03
-6.727610000000000187e-04 5.686009999999999589e-04
-1.479959999999999999e-03 -1.443089999999999954e-03
-2.098959999999999975e-03 -3.140519999999999944e-03
-2.400620000000000011e-03 -4.085479999999999841e-03
-2.311360000000000151e-03 -3.988189999999999964e-03
-1.834469999999999937e-03 -2.812209999999999883e-03
-1.054650000000000075e-03 -7.807719999999999981e-04
-1.230299999999999927e-04 1.633630000000000065e-03
7.756059999999999734e-04 3.788099999999999974e-03
1.464720000000000084e-03 5.114760000000000313e-03
1.814599999999999980e-03 5.298980000000000010e-03
1.768849999999999980e-03 4.293400000000000168e-03
1.356089999999999900e-03 2.260560000000000000e-03
6.859200000000000193e-04 -4.325719999999999912e-04
-7.241679999999999417e-05 -3.207999999999999914e-03
-7.273069999999999535e-04 -5.425150000000000111e-03
-1.109970000000000054e-03 -6.550099999999999673e-03
-1.116379999999999933e-03 -6.297689999999999885e-03
-7.352360000000000059e-04 -4.686199999999999741e-03
-5.531069999999999883e-05 -1.989770000000000080e-03
7.511959999999999818e-04 1.228010000000000082e-03
1.468969999999999998e-03 4.183980000000000338e-03
1.894279999999999922e-03 6.138399999999999586e-03
1.888340000000000071e-03 6.586410000000000008e-03
1.415470000000000053e-03 5.342730000000000395e-03
5.562689999999999692e-04 2.667479999999999851e-03
-5.093609999999999501e-04 -7.411250000000000303e-04
-1.544589999999999982e-03 -3.988160000000000142e-03
-2.311500000000000186e-03 -6.200970000000000093e-03
-2.626980000000000114e-03 -6.755620000000000375e-03
-2.406000000000000152e-03 -5.476939999999999586e-03
-1.683770000000000015e-03 -2.626040000000000058e-03
-6.129809999999999643e-04 1.153390000000000014e-03
5.661639999999999685e-04 4.864819999999999735e-03
1.580639999999999910e-03 7.433480000000000122e-03
2.191450000000000169e-03 8.059079999999999716e-03
2.255080000000000019e-03 6.457949999999999628e-03
1.763330000000000019e-03 2.942600000000000077e-03
8.513130000000000263e-04 -1.666960000000000100e-03
-2.317219999999999881e-04 -6.128869999999999804e-03
-1.185230000000000007e-03 -9.128469999999999640e-03
-1.737339999999999978e-03 -9.743260000000000115e-03
-1.719320000000000093e-03 -7.720780000000000004e-03
-1.114449999999999903e-03 -3.561149999999999906e-03
-6.849040000000000412e-05 1.599390000000000013e-03
1.142790000000000082e-03 6.272559999999999941e-03
2.181730000000000214e-03 9.124409999999999465e-03
2.735979999999999836e-03 9.326400000000000315e-03
2.605259999999999868e-03 6.743479999999999613e-03
1.764649999999999986e-03 2.098360000000000069e-03
3.833110000000000033e-04 -3.208560000000000058e-03
-1.210080000000000097e-03 -7.555440000000000073e-03
-2.607350000000000032e-03 -9.654789999999999900e-03
-3.427459999999999795e-03 -8.863899999999999210e-03
-3.425049999999999796e-03 -5.307369999999999623e-03
-2.569360000000000133e-03 -1.969129999999999898e-05
-1.064880000000000037e-03 5.363449999999999641e-03
6.958860000000000523e-04 9.185840000000000671e-03
2.236189999999999879e-03 1.026029999999999998e-02
3.128310000000000032e-03 8.243749999999999342e-03
3.118899999999999971e-03 3.752360000000000157e-03
2.208700000000000073e-03 -1.808160000000000062e-03
6.605019999999999858e-04 -6.697899999999999687e-03
-1.069730000000000073e-03 -9.426600000000000257e-03
-2.461370000000000051e-03 -9.207109999999999253e-03
-3.081829999999999813e-03 -6.210929999999999923e-03
-2.718449999999999860e-03 -1.523180000000000063e-03
-1.449659999999999968e-03 3.300940000000000037e-03
3.671580000000000243e-04 6.785049999999999935e-03
2.192449999999999868e-03 7.921869999999999259e-03
3.462690000000000039e-03 6.466969999999999837e-03
3.763850000000000008e-03 3.046749999999999979e-03
2.965109999999999968e-03 -1.107370000000000099e-03
1.269270000000000077e-03 -4.629399999999999661e-03
-8.392640000000000473e-04 -6.452529999999999724e-03
-2.737400000000000076e-03 -6.121650000000000182e-03
-3.855069999999999938e-03 -3.895449999999999954e-03
-3.855690000000000159e-03 -6.051630000000000334e-04
-2.746310000000000071e-03 2.655770000000000006e-03
-8.792210000000000173e-04 4.895880000000000024e-03
1.158039999999999937e-03 5.525559999999999673e-03
2.730129999999999883e-03 4.500950000000000090e-03
3.357880000000000153e-03 2.283379999999999785e-03
2.871519999999999802e-03 -3.556899999999999775e-04
1.462060000000000052e-03 -2.601550000000000216e-03
-3.858439999999999873e-04 -3.842260000000000120e-03
-2.056529999999999990e-03 -3.828100000000000079e-03
-3.006280000000000063e-03 -2.707470000000000016e-03
-2.938360000000000104e-03 -9.402619999999999771e-04
-1.892889999999999937e-03 8.710929999999999758e-04
-2.239180000000000066e-04 2.173660000000000002e-03
1.524890000000000100e-03 2.622670000000000123e-03
2.801650000000000147e-03 2.165849999999999980e-03
3.222829999999999879e-03 1.034350000000000070e-03
2.687880000000000130e-03 -3.526679999999999919e-04
1.397859999999999901e-03 -1.536009999999999980e-03
-2.224679999999999984e-04 -2.166490000000000082e-03
-1.668800000000000014e-03 -2.103400000000000061e-03
-2.518230000000000208e-03 -1.431299999999999933e-03
-2.555659999999999963e-03 -4.059390000000000177e-04
-1.828240000000000073e-03 6.428350000000000210e-04
-6.155439999999999870e-04 1.418369999999999961e-03
6.705209999999999860e-04 1.740079999999999969e-03
1.620869999999999950e-03 1.580320000000000075e-03
1.955870000000000178e-03 1.050850000000000091e-03
1.604919999999999914e-03 3.505259999999999843e-04
7.169340000000000174e-04 -3.042650000000000150e-04
-3.976249999999999750e-04 -7.435150000000000396e-04
-1.371910000000000057e-03 -8.841689999999999706e-04
-1.899939999999999919e-03 -7.397319999999999980e-04
-1.828989999999999956e-03 -4.013420000000000073e-04
-1.199640000000000081e-03 -3.737809999999999772e-07
-2.235790000000000086e-04 3.339950000000000167e-04
7.908109999999999879e-04 5.098849999999999607e-04
1.539100000000000060e-03 4.922530000000000048e-04
1.814819999999999975e-03 3.042559999999999818e-04
1.567669999999999958e-03 1.303719999999999945e-05
9.095800000000000022e-04 -2.938530000000000070e-04
6.977279999999999713e-05 -5.338339999999999579e-04
-6.840509999999999733e-04 -6.497179999999999752e-04
-1.131410000000000011e-03 -6.207979999999999879e-04
-1.164270000000000018e-03 -4.633199999999999753e-04
-8.125030000000000099e-04 -2.219099999999999946e-04
-2.244299999999999908e-04 4.451760000000000217e-05
3.884410000000000033e-04 2.781020000000000150e-04
8.224449999999999903e-04 4.348919999999999826e-04
9.451519999999999930e-04 4.927310000000000500e-04
7.318249999999999669e-04 4.533210000000000191e-04
2.655809999999999768e-04 3.389800000000000105e-04
-2.960300000000000236e-04 1.855679999999999960e-04
-7.750660000000000362e-04 3.343870000000000224e-05
-1.029490000000000093e-03 -8.171640000000000251e-05
-9.941649999999999793e-04 -1.364829999999999874e-04
-6.951709999999999617e-04 -1.244689999999999902e-04
-2.350890000000000119e-04 -5.726609999999999708e-05
2.438309999999999902e-04 3.870170000000000251e-05
6.056279999999999823e-04 1.289910000000000123e-04
7.609399999999999888e-04 1.802659999999999983e-04
