-2.453030000000000162e-08 9.300649999999999840e-07
-1.643970000000000129e-07 3.715609999999999904e-06
-5.426630000000000465e-07 7.565629999999999594e-06
-1.285349999999999899e-06 1.439500000000000024e-05
-2.746409999999999934e-06 3.191649999999999842e-05
-5.920450000000000211e-06 7.090529999999999348e-05
-1.250019999999999934e-05 1.360149999999999912e-04
-2.397309999999999922e-05 2.135670000000000103e-04
-4.004759999999999922e-05 2.756400000000000104e-04
-5.758080000000000273e-05 2.861480000000000122e-04
-7.083630000000000482e-05 2.089790000000000061e-04
-7.342160000000000190e-05 3.625100000000000241e-05
-6.153259999999999427e-05 -1.967679999999999972e-04
-3.645859999999999683e-05 -4.286089999999999887e-04
-3.803399999999999872e-06 -6.028280000000000227e-04
3.086019999999999974e-05 -6.916789999999999484e-04
6.697669999999999861e-05 -7.024219999999999639e-04
1.105490000000000015e-04 -6.671000000000000063e-04
1.700750000000000005e-04 -6.172750000000000285e-04
2.483750000000000064e-04 -5.554670000000000267e-04
3.353779999999999999e-04 -4.581429999999999943e-04
4.080210000000000022e-04 -3.100329999999999774e-04
4.391059999999999798e-04 -1.160119999999999999e-04
4.098269999999999778e-04 1.120989999999999986e-04
3.180179999999999899e-04 3.557000000000000266e-04
1.779539999999999974e-04 5.834320000000000478e-04
1.290570000000000080e-05 7.653560000000000224e-04
-1.550140000000000036e-04 8.901570000000000359e-04
-3.123040000000000104e-04 9.682169999999999492e-04
-4.553080000000000256e-04 1.024289999999999966e-03
-5.852529999999999885e-04 1.073270000000000083e-03
-7.000240000000000455e-04 1.087389999999999928e-03
-7.877840000000000320e-04 1.010260000000000021e-03
-8.277609999999999916e-04 8.024490000000000008e-04
-7.985569999999999778e-04 4.487790000000000073e-04
-6.882939999999999935e-04 -3.629479999999999680e-05
-5.004879999999999962e-04 -5.912670000000000295e-04
-2.530640000000000016e-04 -1.120150000000000095e-03
2.846250000000000066e-05 -1.527729999999999930e-03
3.197259999999999946e-04 -1.751120000000000107e-03
6.033349999999999824e-04 -1.780459999999999985e-03
8.687429999999999458e-04 -1.653350000000000045e-03
1.106589999999999961e-03 -1.431460000000000067e-03
1.301649999999999899e-03 -1.179960000000000080e-03
1.429310000000000042e-03 -9.361299999999999700e-04
1.458670000000000019e-03 -6.967489999999999795e-04
1.361680000000000095e-03 -4.400219999999999826e-04
1.125329999999999907e-03 -1.464950000000000128e-04
7.605240000000000524e-04 1.978229999999999930e-04
3.022839999999999945e-04 6.068710000000000380e-04
-1.992549999999999888e-04 1.078799999999999985e-03
-6.916519999999999569e-04 1.568329999999999941e-03
-1.129870000000000050e-03 1.984570000000000171e-03
-1.479910000000000080e-03 2.215920000000000129e-03
-1.718560000000000053e-03 2.188190000000000014e-03
-1.833200000000000107e-03 1.899920000000000038e-03
-1.821549999999999905e-03 1.383249999999999931e-03
-1.688929999999999945e-03 6.921489999999999761e-04
-1.444030000000000010e-03 -7.115139999999999779e-05
-1.096570000000000053e-03 -7.816119999999999969e-04
-6.581929999999999508e-04 -1.318310000000000055e-03
-1.460160000000000060e-04 -1.597120000000000050e-03
4.141330000000000141e-04 -1.629239999999999898e-03
9.873629999999999993e-04 -1.510199999999999954e-03
1.530990000000000085e-03 -1.355209999999999922e-03
1.995129999999999907e-03 -1.233930000000000053e-03
2.323729999999999980e-03 -1.144009999999999992e-03
2.460369999999999918e-03 -1.040630000000000071e-03
2.361830000000000093e-03 -8.685939999999999850e-04
2.015040000000000060e-03 -5.811440000000000182e-04
1.448569999999999936e-03 -1.586520000000000118e-04
7.310389999999999510e-04 3.735249999999999855e-04
-4.414720000000000314e-05 9.379240000000000277e-04
-7.814519999999999713e-04 1.418599999999999896e-03
-1.403890000000000086e-03 1.687860000000000011e-03
-1.864299999999999942e-03 1.653380000000000084e-03
-2.145900000000000064e-03 1.319639999999999962e-03
-2.255379999999999972e-03 7.970050000000000441e-04
-2.211920000000000032e-03 2.442939999999999890e-04
-2.035239999999999792e-03 -1.882099999999999886e-04
-1.737040000000000025e-03 -4.045380000000000221e-04
-1.319939999999999915e-03 -3.937179999999999868e-04
-7.847499999999999658e-04 -2.329809999999999976e-04
-1.443609999999999956e-04 -1.693100000000000103e-05
5.613540000000000196e-04 1.829210000000000059e-04
1.260099999999999892e-03 2.803379999999999848e-04
1.857890000000000062e-03 2.273110000000000061e-04
2.261870000000000026e-03 3.934559999999999815e-05
2.405500000000000086e-03 -2.248039999999999978e-04
2.266709999999999905e-03 -4.738699999999999878e-04
1.873000000000000099e-03 -6.307850000000000262e-04
1.294199999999999908e-03 -6.814759999999999785e-04
6.268229999999999852e-04 -6.778160000000000305e-04
-2.553750000000000071e-05 -7.215560000000000420e-04
-5.723840000000000004e-04 -8.900050000000000279e-04
-9.557850000000000113e-04 -1.117970000000000031e-03
-1.163839999999999970e-03 -1.250739999999999968e-03
-1.228039999999999904e-03 -1.145189999999999923e-03
-1.201859999999999908e-03 -7.310549999999999861e-04
-1.130820000000000046e-03 -5.335260000000000143e-05
-1.031870000000000053e-03 7.810780000000000457e-04
-8.943510000000000435e-04 1.628000000000000107e-03
-6.992510000000000175e-04 2.301919999999999834e-03
-4.429179999999999901e-04 2.671429999999999812e-03
-1.522430000000000126e-04 2.706520000000000020e-03
1.187719999999999938e-04 2.413080000000000173e-03
3.112669999999999998e-04 1.826879999999999910e-03
3.901320000000000113e-04 9.890210000000000841e-04
3.624759999999999766e-04 -4.310210000000000191e-05
2.744240000000000004e-04 -1.140310000000000065e-03
1.893309999999999937e-04 -2.173720000000000079e-03
1.615800000000000081e-04 -2.996210000000000019e-03
2.174979999999999969e-04 -3.428370000000000029e-03
3.501840000000000204e-04 -3.350220000000000108e-03
5.291290000000000359e-04 -2.762919999999999873e-03
7.173700000000000519e-04 -1.817679999999999903e-03
8.841940000000000389e-04 -7.337160000000000340e-04
1.004289999999999914e-03 3.194289999999999803e-04
1.047280000000000042e-03 1.233509999999999945e-03
9.732360000000000446e-04 1.916879999999999929e-03
7.444679999999999744e-04 2.314189999999999824e-03
3.482539999999999898e-04 2.413269999999999912e-03
-1.835949999999999930e-04 2.209500000000000092e-03
-7.708570000000000092e-04 1.687560000000000058e-03
-1.301779999999999994e-03 8.527740000000000450e-04
-1.666799999999999966e-03 -1.838680000000000089e-04
-1.795989999999999913e-03 -1.192970000000000011e-03
-1.681210000000000039e-03 -1.912410000000000021e-03
-1.370649999999999950e-03 -2.144329999999999847e-03
-9.401919999999999592e-04 -1.810989999999999952e-03
-4.602639999999999965e-04 -9.873830000000000974e-04
2.357330000000000010e-05 1.023790000000000035e-04
4.875319999999999936e-04 1.185309999999999966e-03
9.093839999999999519e-04 2.034559999999999928e-03
1.249410000000000060e-03 2.474529999999999959e-03
1.450440000000000106e-03 2.405159999999999937e-03
1.459259999999999984e-03 1.828909999999999998e-03
1.256710000000000075e-03 8.112090000000000186e-04
8.787499999999999738e-04 -5.339020000000000528e-04
4.136170000000000211e-04 -2.007259999999999860e-03
-2.765280000000000060e-05 -3.294749999999999936e-03
-3.530520000000000208e-04 -4.043849999999999875e-03
-5.189770000000000017e-04 -4.030609999999999575e-03
-5.313580000000000039e-04 -3.233909999999999996e-03
-4.257980000000000185e-04 -1.789980000000000043e-03
-2.472439999999999794e-04 6.074410000000000004e-05
-4.160880000000000047e-05 1.972320000000000063e-03
1.433530000000000080e-04 3.548410000000000106e-03
2.567450000000000092e-04 4.467119999999999772e-03
2.500220000000000263e-04 4.558340000000000135e-03
9.180650000000000269e-05 3.822690000000000116e-03
-2.119359999999999983e-04 2.377069999999999791e-03
-6.035520000000000381e-04 4.496600000000000011e-04
-9.796089999999999919e-04 -1.593149999999999991e-03
-1.221529999999999968e-03 -3.304660000000000063e-03
-1.238380000000000080e-03 -4.263109999999999643e-03
-1.000019999999999902e-03 -4.211460000000000203e-03
-5.444039999999999600e-04 -3.149149999999999866e-03
4.023150000000000267e-05 -1.314070000000000082e-03
6.448369999999999927e-04 8.466110000000000432e-04
1.166769999999999917e-03 2.756409999999999937e-03
1.525010000000000037e-03 3.933999999999999997e-03
1.661949999999999929e-03 4.136260000000000110e-03
1.543110000000000098e-03 3.341830000000000061e-03
1.167800000000000088e-03 1.686699999999999961e-03
5.877010000000000437e-04 -5.238989999999999793e-04
-8.689729999999999894e-05 -2.784969999999999894e-03
-7.083330000000000095e-04 -4.526200000000000188e-03
-1.134610000000000089e-03 -5.278119999999999860e-03
-1.274090000000000075e-03 -4.812430000000000353e-03
-1.112359999999999955e-03 -3.188129999999999957e-03
-7.141100000000000052e-04 -6.905359999999999493e-04
-2.017979999999999947e-04 2.146579999999999929e-03
2.825179999999999944e-04 4.614230000000000415e-03
6.171689999999999858e-04 6.079629999999999930e-03
7.271779999999999824e-04 6.148729999999999821e-03
5.946449999999999826e-04 4.716230000000000075e-03
2.575429999999999972e-04 2.066179999999999926e-03
-2.011829999999999879e-04 -1.143099999999999975e-03
-6.702789999999999703e-04 -4.107559999999999684e-03
-1.029009999999999907e-03 -6.066689999999999583e-03
-1.169450000000000047e-03 -6.495230000000000274e-03
-1.021709999999999893e-03 -5.275379999999999653e-03
-5.786580000000000152e-04 -2.671230000000000132e-03
8.771410000000000101e-05 7.212930000000000209e-04
8.326019999999999949e-04 3.992179999999999687e-03
1.474550000000000036e-03 6.178720000000000392e-03
1.847799999999999920e-03 6.599729999999999833e-03
1.848779999999999955e-03 5.068750000000000339e-03
1.462849999999999914e-03 1.939549999999999955e-03
7.685549999999999760e-04 -2.006539999999999799e-03
-8.017049999999999415e-05 -5.649079999999999900e-03
-8.914209999999999886e-04 -7.855370000000000408e-03
-1.479920000000000020e-03 -7.899160000000000556e-03
-1.706829999999999892e-03 -5.678530000000000209e-03
-1.511049999999999893e-03 -1.747630000000000017e-03
-9.295090000000000210e-04 2.820749999999999907e-03
-9.973369999999999686e-05 6.702470000000000303e-03
7.617150000000000483e-04 8.779709999999999598e-03
1.406549999999999901e-03 8.427590000000000428e-03
1.624639999999999895e-03 5.646179999999999775e-03
1.316289999999999908e-03 1.191159999999999919e-03
5.355989999999999926e-04 -3.614870000000000062e-03
-5.136760000000000197e-04 -7.321000000000000250e-03
-1.527939999999999984e-03 -8.858190000000000161e-03
-2.186580000000000034e-03 -7.785989999999999578e-03
-2.250620000000000051e-03 -4.354529999999999686e-03
-1.645269999999999892e-03 3.940090000000000150e-04
-4.926050000000000177e-04 4.947390000000000294e-03
9.154980000000000496e-04 7.879020000000000468e-03
2.193740000000000013e-03 8.273590000000000805e-03
2.969649999999999894e-03 6.016800000000000100e-03
2.992639999999999970e-03 1.833350000000000084e-03
2.215350000000000045e-03 -2.924790000000000029e-03
8.212399999999999908e-04 -6.723370000000000214e-03
-8.137220000000000130e-04 -8.368379999999999916e-03
-2.220779999999999890e-03 -7.367259999999999608e-03
-2.976069999999999931e-03 -4.092959999999999654e-03
-2.835470000000000091e-03 3.222179999999999836e-04
-1.823320000000000019e-03 4.441190000000000242e-03
-2.434380000000000094e-04 7.027629999999999988e-03
1.401640000000000004e-03 7.356660000000000109e-03
2.568219999999999965e-03 5.422910000000000404e-03
2.854240000000000076e-03 1.980519999999999937e-03
2.140430000000000024e-03 -1.757740000000000040e-03
6.394099999999999784e-04 -4.583040000000000030e-03
-1.166249999999999969e-03 -5.674600000000000130e-03
-2.679459999999999828e-03 -4.835149999999999865e-03
-3.386849999999999843e-03 -2.511779999999999916e-03
-3.032519999999999920e-03 4.057959999999999887e-04
-1.707390000000000036e-03 2.915560000000000200e-03
1.775040000000000136e-04 4.239859999999999809e-03
2.025900000000000183e-03 4.058159999999999892e-03
3.254089999999999847e-03 2.565710000000000126e-03
3.484199999999999797e-03 3.576489999999999769e-04
2.667430000000000148e-03 -1.806749999999999979e-03
1.095520000000000001e-03 -3.263809999999999802e-03
-7.023329999999999721e-04 -3.639799999999999893e-03
-2.140690000000000214e-03 -2.932310000000000038e-03
-2.773840000000000073e-03 -1.468129999999999999e-03
-2.439179999999999994e-03 2.359999999999999902e-04
-1.300689999999999963e-03 1.653210000000000009e-03
2.188310000000000060e-04 2.405899999999999879e-03
1.589319999999999969e-03 2.360590000000000084e-03
2.353940000000000112e-03 1.639889999999999967e-03
2.276460000000000115e-03 5.569460000000000036e-04
1.408280000000000035e-03 -5.022330000000000414e-04
5.772439999999999912e-05 -1.208649999999999915e-03
-1.322279999999999896e-03 -1.390029999999999998e-03
-2.286910000000000071e-03 -1.065970000000000069e-03
-2.541449999999999786e-03 -4.115669999999999984e-04
-2.028600000000000195e-03 3.214159999999999869e-04
-9.360990000000000240e-04 8.921579999999999918e-04
3.741430000000000125e-04 1.141389999999999939e-03
1.489499999999999939e-03 1.026559999999999929e-03
2.080970000000000129e-03 6.171930000000000385e-04
2.004230000000000074e-03 5.856699999999999677e-05
1.335929999999999930e-03 -4.808440000000000197e-04
3.361449999999999876e-04 -8.604829999999999944e-04
-6.470430000000000322e-04 -1.002990000000000045e-03
-1.296080000000000019e-03 -9.059419999999999669e-04
-1.425199999999999948e-03 -6.302929999999999774e-04
-1.032050000000000068e-03 -2.727299999999999993e-04
-2.859459999999999758e-04 6.717199999999999994e-05
5.389579999999999718e-04 3.142500000000000219e-04
1.159789999999999953e-03 4.325350000000000050e-04
1.377200000000000082e-03 4.258840000000000173e-04
1.134110000000000023e-03 3.277069999999999983e-04
5.248749999999999510e-04 1.856290000000000078e-04
-2.446950000000000145e-04 4.681509999999999838e-05
-9.298400000000000285e-04 -5.241549999999999985e-05
-1.326769999999999903e-03 -9.171399999999999637e-05
-1.333999999999999899e-03 -6.753370000000000022e-05
-9.770790000000000551e-04 8.752939999999999920e-06
-3.913510000000000144e-04 1.142969999999999934e-04
2.287289999999999983e-04 2.193669999999999887e-04
6.952209999999999900e-04 2.930769999999999860e-04
8.852340000000000425e-04 3.099439999999999856e-04
7.741589999999999583e-04 2.562880000000000236e-04
4.349019999999999774e-04 1.348490000000000094e-04
6.029390000000000391e-06 -3.409010000000000078e-05
-3.584020000000000153e-04 -2.161209999999999997e-04
-5.397239999999999980e-04 -3.704490000000000170e-04
-4.898419999999999901e-04 -4.602930000000000194e-04
-2.407990000000000098e-04 -4.631580000000000267e-04
1.121020000000000051e-04 -3.778699999999999854e-04
4.459250000000000106e-04 -2.259139999999999922e-04
6.514949999999999821e-04 -4.618519999999999955e-05
6.669519999999999529e-04 1.157199999999999966e-04
4.935539999999999979e-04 2.206590000000000027e-04
