-2.174220000000000129e-08 9.347099999999999835e-07
-1.478099999999999981e-07 3.745690000000000131e-06
-4.977500000000000201e-07 7.660219999999999649e-06
-1.205999999999999973e-06 1.460690000000000070e-05
-2.619870000000000126e-06 3.235229999999999855e-05
-5.680020000000000380e-06 7.183610000000000158e-05
-1.202630000000000037e-05 1.379720000000000133e-04
-2.326359999999999865e-05 2.172370000000000074e-04
-3.953959999999999663e-05 2.814890000000000014e-04
-5.838110000000000250e-05 2.939519999999999937e-04
-7.456739999999999354e-05 2.175540000000000113e-04
-8.154170000000000569e-05 4.362859999999999763e-05
-7.427939999999999901e-05 -1.926309999999999926e-04
-5.196989999999999856e-05 -4.289170000000000135e-04
-1.815699999999999912e-05 -6.074879999999999950e-04
2.236090000000000134e-05 -6.997799999999999984e-04
6.781239999999999469e-05 -7.133969999999999461e-04
1.214799999999999956e-04 -6.816860000000000324e-04
1.891519999999999942e-04 -6.373849999999999698e-04
2.725639999999999877e-04 -5.827900000000000224e-04
3.627249999999999940e-04 -4.922789999999999805e-04
4.386920000000000207e-04 -3.476069999999999941e-04
4.743309999999999822e-04 -1.517249999999999881e-04
4.494640000000000050e-04 8.309799999999999620e-05
3.586770000000000084e-04 3.359090000000000123e-04
2.132210000000000106e-04 5.729220000000000146e-04
3.563959999999999671e-05 7.634150000000000354e-04
-1.497799999999999924e-04 8.973019999999999954e-04
-3.256520000000000053e-04 9.870040000000000931e-04
-4.848750000000000087e-04 1.058279999999999985e-03
-6.273439999999999486e-04 1.124760000000000039e-03
-7.520069999999999576e-04 1.155240000000000086e-03
-8.492299999999999719e-04 1.089010000000000065e-03
-8.994829999999999666e-04 8.835149999999999731e-04
-8.799990000000000156e-04 5.231149999999999949e-04
-7.750189999999999467e-04 2.443819999999999922e-05
-5.835260000000000100e-04 -5.478170000000000305e-04
-3.206810000000000151e-04 -1.095370000000000024e-03
-1.252090000000000069e-05 -1.522539999999999961e-03
3.129170000000000128e-04 -1.767399999999999917e-03
6.329919999999999731e-04 -1.820879999999999981e-03
9.323209999999999527e-04 -1.719929999999999940e-03
1.198480000000000031e-03 -1.523550000000000034e-03
1.415060000000000102e-03 -1.293059999999999956e-03
1.557360000000000038e-03 -1.062180000000000025e-03
1.594300000000000101e-03 -8.257489999999999709e-04
1.497110000000000064e-03 -5.619849999999999802e-04
1.251649999999999985e-03 -2.529100000000000163e-04
8.679869999999999686e-04 1.135519999999999997e-04
3.815749999999999914e-04 5.500340000000000264e-04
-1.553579999999999989e-04 1.054430000000000081e-03
-6.871450000000000084e-04 1.581570000000000024e-03
-1.165739999999999962e-03 2.039430000000000062e-03
-1.555469999999999986e-03 2.312810000000000213e-03
-1.832489999999999987e-03 2.321720000000000207e-03
-1.982949999999999817e-03 2.058910000000000167e-03
-2.001199999999999854e-03 1.553230000000000062e-03
-1.887110000000000003e-03 8.586730000000000100e-04
-1.643909999999999946e-03 7.976679999999999665e-05
-1.278059999999999917e-03 -6.555979999999999664e-04
-8.017200000000000151e-04 -1.224210000000000098e-03
-2.361169999999999892e-04 -1.540340000000000069e-03
3.863119999999999835e-04 -1.613690000000000090e-03
1.023049999999999958e-03 -1.538260000000000061e-03
1.624269999999999924e-03 -1.427520000000000048e-03
2.134940000000000102e-03 -1.348739999999999965e-03
2.496889999999999873e-03 -1.296000000000000060e-03
2.654360000000000139e-03 -1.219849999999999971e-03
2.565790000000000085e-03 -1.060710000000000082e-03
2.218760000000000177e-03 -7.694699999999999630e-04
1.640420000000000073e-03 -3.270920000000000186e-04
8.969930000000000091e-04 2.381960000000000078e-04
8.060219999999999885e-05 8.452569999999999745e-04
-7.116740000000000305e-04 1.374769999999999985e-03
-1.398230000000000089e-03 1.695869999999999930e-03
-1.925400000000000071e-03 1.712470000000000008e-03
-2.269510000000000190e-03 1.424139999999999955e-03
-2.430789999999999947e-03 9.363579999999999820e-04
-2.422709999999999794e-03 4.047470000000000061e-04
-2.260579999999999881e-03 -2.082429999999999983e-05
-1.954179999999999806e-03 -2.424059999999999963e-04
-1.507709999999999996e-03 -2.461550000000000175e-04
-9.272819999999999761e-04 -1.071020000000000056e-04
-2.334340000000000015e-04 8.119860000000000554e-05
5.264910000000000249e-04 2.480620000000000112e-04
1.274909999999999976e-03 3.089039999999999820e-04
1.915079999999999994e-03 2.181759999999999928e-04
2.352969999999999801e-03 -5.987640000000000325e-06
2.521439999999999793e-03 -3.024960000000000257e-04
2.397980000000000077e-03 -5.779350000000000155e-04
2.010019999999999949e-03 -7.529470000000000130e-04
1.427770000000000081e-03 -8.112920000000000244e-04
7.483649999999999677e-04 -8.039149999999999898e-04
7.588499999999999597e-05 -8.341260000000000297e-04
-4.984240000000000241e-04 -9.834329999999999201e-04
-9.142720000000000447e-04 -1.191580000000000026e-03
-1.154539999999999907e-03 -1.306579999999999894e-03
-1.243619999999999969e-03 -1.184520000000000104e-03
-1.229470000000000085e-03 -7.525490000000000347e-04
-1.157499999999999892e-03 -5.436859999999999984e-05
-1.050619999999999939e-03 8.016510000000000129e-04
-9.070810000000000114e-04 1.668339999999999927e-03
-7.146480000000000193e-04 2.358649999999999896e-03
-4.710769999999999758e-04 2.742309999999999973e-03
-1.994119999999999942e-04 2.792220000000000205e-03
5.221329999999999694e-05 2.516089999999999906e-03
2.288059999999999909e-04 1.947670000000000087e-03
2.952860000000000185e-04 1.121760000000000075e-03
2.566290000000000259e-04 8.802950000000000141e-05
1.586029999999999992e-04 -1.028810000000000011e-03
6.884920000000000482e-05 -2.097780000000000044e-03
4.966530000000000033e-05 -2.964029999999999877e-03
1.345840000000000111e-04 -3.438819999999999984e-03
3.183279999999999920e-04 -3.395969999999999892e-03
5.639510000000000356e-04 -2.835999999999999979e-03
8.215040000000000276e-04 -1.913980000000000022e-03
1.045759999999999962e-03 -8.538470000000000261e-04
1.201529999999999916e-03 1.740710000000000076e-04
1.256769999999999936e-03 1.067140000000000059e-03
1.176640000000000064e-03 1.743409999999999925e-03
9.296559999999999503e-04 2.155259999999999988e-03
5.052820000000000185e-04 2.290959999999999872e-03
-6.740280000000000457e-05 2.138140000000000179e-03
-7.119579999999999485e-04 1.669560000000000054e-03
-1.315809999999999940e-03 8.803910000000000078e-04
-1.760499999999999912e-03 -1.224949999999999986e-04
-1.960260000000000127e-03 -1.107230000000000063e-03
-1.890160000000000104e-03 -1.806120000000000034e-03
-1.588369999999999973e-03 -2.017979999999999947e-03
-1.132570000000000061e-03 -1.667489999999999988e-03
-6.057369999999999638e-04 -8.366540000000000435e-04
-7.027359999999999748e-05 2.437379999999999896e-04
4.369840000000000161e-04 1.299680000000000106e-03
8.895469999999999723e-04 2.111159999999999946e-03
1.251359999999999972e-03 2.514179999999999974e-03
1.471129999999999964e-03 2.418379999999999922e-03
1.497609999999999914e-03 1.828049999999999901e-03
1.307989999999999977e-03 8.017249999999999854e-04
9.322729999999999559e-04 -5.573890000000000398e-04
4.566759999999999895e-04 -2.057559999999999945e-03
-1.486409999999999928e-06 -3.383029999999999978e-03
-3.367670000000000234e-04 -4.170300000000000049e-03
-4.921800000000000480e-04 -4.181260000000000011e-03
-4.695990000000000147e-04 -3.386389999999999973e-03
-3.144730000000000095e-04 -1.924560000000000073e-03
-9.134459999999999954e-05 -4.711680000000000262e-05
1.348359999999999945e-04 1.889300000000000007e-03
3.072069999999999879e-04 3.485090000000000150e-03
3.784349999999999910e-04 4.423579999999999873e-03
3.118039999999999983e-04 4.543000000000000163e-03
8.838759999999999380e-05 3.848059999999999935e-03
-2.784069999999999926e-04 2.451060000000000131e-03
-7.289010000000000064e-04 5.681189999999999591e-04
-1.158509999999999965e-03 -1.447249999999999969e-03
-1.442909999999999939e-03 -3.154319999999999954e-03
-1.479580000000000088e-03 -4.126829999999999735e-03
-1.226050000000000013e-03 -4.096169999999999672e-03
-7.159430000000000264e-04 -3.051369999999999864e-03
-4.710869999999999842e-05 -1.227919999999999966e-03
6.495430000000000387e-04 9.207319999999999524e-04
1.246200000000000042e-03 2.808699999999999912e-03
1.644609999999999909e-03 3.949900000000000112e-03
1.785090000000000027e-03 4.105929999999999823e-03
1.645250000000000011e-03 3.267889999999999857e-03
1.241939999999999971e-03 1.584040000000000101e-03
6.396079999999999518e-04 -6.366949999999999476e-04
-4.800769999999999777e-05 -2.896199999999999816e-03
-6.755520000000000535e-04 -4.635189999999999970e-03
-1.102399999999999908e-03 -5.390149999999999803e-03
-1.234140000000000107e-03 -4.929219999999999782e-03
-1.052540000000000029e-03 -3.301580000000000140e-03
-6.236139999999999826e-04 -7.840990000000000156e-04
-8.008290000000000536e-05 2.090180000000000076e-03
4.188129999999999761e-04 4.604200000000000133e-03
7.348870000000000402e-04 6.112669999999999736e-03
7.867170000000000369e-04 6.211999999999999640e-03
5.652619999999999693e-04 4.795149999999999760e-03
1.302420000000000043e-04 2.151430000000000183e-03
-4.091200000000000132e-04 -1.053450000000000046e-03
-9.206350000000000514e-04 -4.011230000000000177e-03
-1.274830000000000017e-03 -5.962929999999999967e-03
-1.368389999999999928e-03 -6.388890000000000367e-03
-1.145549999999999954e-03 -5.176710000000000166e-03
-6.168089999999999554e-04 -2.591700000000000167e-03
1.298059999999999969e-04 7.744670000000000373e-04
9.369759999999999547e-04 4.018609999999999717e-03
1.613690000000000090e-03 6.182029999999999817e-03
1.987819999999999952e-03 6.581540000000000307e-03
1.955759999999999964e-03 5.024869999999999857e-03
1.512880000000000084e-03 1.862209999999999994e-03
7.579340000000000382e-04 -2.122059999999999832e-03
-1.303320000000000119e-04 -5.797850000000000226e-03
-9.400090000000000051e-04 -8.020319999999999186e-03
-1.480039999999999958e-03 -8.054789999999999173e-03
-1.624919999999999967e-03 -5.799720000000000396e-03
-1.342639999999999979e-03 -1.818860000000000051e-03
-7.043769999999999545e-04 2.800609999999999818e-03
1.265869999999999994e-04 6.722139999999999713e-03
9.263669999999999891e-04 8.822319999999999815e-03
1.460329999999999918e-03 8.478440000000000282e-03
1.547140000000000017e-03 5.696999999999999807e-03
1.120440000000000108e-03 1.239590000000000049e-03
2.626770000000000060e-04 -3.567680000000000157e-03
-8.052499999999999762e-04 -7.271569999999999770e-03
-1.776919999999999975e-03 -8.800820000000000864e-03
-2.343959999999999967e-03 -7.713720000000000299e-03
-2.292000000000000200e-03 -4.261799999999999616e-03
-1.577440000000000049e-03 5.074079999999999910e-04
-3.524320000000000165e-04 5.071899999999999846e-03
1.070870000000000025e-03 7.993449999999999167e-03
2.304629999999999786e-03 8.348849999999999674e-03
2.994750000000000016e-03 6.025570000000000058e-03
2.925440000000000072e-03 1.761720000000000039e-03
2.088500000000000079e-03 -3.069360000000000144e-03
6.958609999999999839e-04 -6.912090000000000074e-03
-8.708500000000000529e-04 -8.559890000000000554e-03
-2.163319999999999826e-03 -7.521510000000000348e-03
-2.796970000000000185e-03 -4.184249999999999602e-03
-2.571069999999999953e-03 2.980859999999999782e-04
-1.541220000000000047e-03 4.467869999999999654e-03
-1.889980000000000156e-05 7.076479999999999576e-03
1.511250000000000007e-03 7.398359999999999659e-03
2.540970000000000034e-03 5.437220000000000421e-03
2.707610000000000051e-03 1.961300000000000023e-03
1.922459999999999967e-03 -1.801960000000000020e-03
4.117850000000000156e-04 -4.631689999999999939e-03
-1.347249999999999923e-03 -5.700470000000000016e-03
-2.778660000000000071e-03 -4.812040000000000067e-03
-3.398650000000000022e-03 -2.423279999999999879e-03
-2.980140000000000046e-03 5.587310000000000280e-04
-1.633520000000000067e-03 3.111420000000000158e-03
2.261289999999999893e-04 4.440069999999999954e-03
2.015110000000000078e-03 4.217320000000000096e-03
3.174590000000000137e-03 2.645610000000000062e-03
3.355190000000000082e-03 3.400000000000000244e-04
2.530029999999999953e-03 -1.913870000000000024e-03
9.983539999999999082e-04 -3.428440000000000046e-03
-7.201759999999999976e-04 -3.816620000000000169e-03
-2.062940000000000086e-03 -3.077369999999999845e-03
-2.612070000000000190e-03 -1.552460000000000081e-03
-2.228340000000000095e-03 2.183710000000000002e-04
-1.087550000000000062e-03 1.685050000000000003e-03
3.899090000000000238e-04 2.454009999999999959e-03
1.688449999999999977e-03 2.387929999999999914e-03
2.372350000000000066e-03 1.618660000000000064e-03
2.226500000000000180e-03 4.786950000000000103e-04
1.317580000000000053e-03 -6.227140000000000149e-04
-4.032849999999999852e-05 -1.337190000000000037e-03
-1.399010000000000011e-03 -1.483820000000000061e-03
-2.326729999999999944e-03 -1.087920000000000033e-03
-2.545780000000000091e-03 -3.434460000000000182e-04
-2.013920000000000207e-03 4.719619999999999783e-04
-9.268640000000000082e-04 1.093430000000000053e-03
3.551939999999999742e-04 1.347619999999999894e-03
1.430010000000000005e-03 1.192329999999999909e-03
1.983449999999999883e-03 7.110089999999999683e-04
1.885079999999999915e-03 7.109559999999999740e-05
1.219849999999999971e-03 -5.361250000000000347e-04
2.484739999999999930e-04 -9.536390000000000491e-04
-6.872710000000000407e-04 -1.098350000000000107e-03
-1.280509999999999895e-03 -9.735650000000000207e-04
-1.357279999999999988e-03 -6.548570000000000085e-04
-9.252239999999999900e-04 -2.573809999999999943e-04
-1.599849999999999938e-04 1.028749999999999934e-04
6.626340000000000528e-04 3.416439999999999972e-04
1.262869999999999921e-03 4.241679999999999951e-04
1.448279999999999923e-03 3.655840000000000153e-04
1.170760000000000073e-03 2.170189999999999901e-04
5.330699999999999631e-04 4.429639999999999825e-05
-2.534130000000000215e-04 -9.299789999999999945e-05
-9.428600000000000089e-04 -1.562140000000000056e-04
-1.334880000000000094e-03 -1.335479999999999892e-04
-1.334370000000000087e-03 -3.786779999999999682e-05
-9.736970000000000390e-04 1.007350000000000037e-04
-3.930629999999999736e-04 2.444309999999999777e-04
2.117540000000000058e-04 3.566260000000000241e-04
6.552689999999999904e-04 4.090750000000000094e-04
8.198739999999999500e-04 3.866869999999999791e-04
6.874410000000000069e-04 2.899520000000000049e-04
3.367970000000000078e-04 1.348470000000000051e-04
-8.958930000000000636e-05 -4.997850000000000269e-05
-4.367230000000000265e-04 -2.287199999999999921e-04
-5.882489999999999985e-04 -3.659749999999999917e-04
-5.012210000000000450e-04 -4.349129999999999880e-04
-2.145589999999999900e-04 -4.240280000000000134e-04
1.694699999999999885e-04 -3.404600000000000031e-04
5.226630000000000338e-04 -2.085649999999999928e-04
7.336730000000000074e-04 -6.370779999999999336e-05
7.420620000000000384e-04 5.729769999999999861e-05
5.535149999999999749e-04 1.264919999999999944e-04
