-2.075059999999999987e-08 9.361749999999999771e-07
-1.417879999999999988e-07 3.755209999999999915e-06
-4.808709999999999654e-07 7.690240000000000761e-06
-1.174539999999999981e-06 1.467429999999999942e-05
-2.567010000000000008e-06 3.249069999999999709e-05
-5.578569999999999852e-06 7.213100000000000447e-05
-1.182589999999999972e-05 1.385919999999999904e-04
-2.294630000000000085e-05 2.183999999999999960e-04
-3.923580000000000134e-05 2.833450000000000053e-04
-5.846730000000000178e-05 2.964269999999999861e-04
-7.564109999999999649e-05 2.202639999999999904e-04
-8.420459999999999675e-05 4.594550000000000251e-05
-7.875399999999999848e-05 -1.913390000000000056e-04
-5.773130000000000069e-05 -4.289709999999999964e-04
-2.385579999999999952e-05 -6.087490000000000089e-04
1.851529999999999872e-05 -7.018420000000000474e-04
6.733380000000000235e-05 -7.160480000000000534e-04
1.249500000000000014e-04 -6.853070000000000168e-04
1.960449999999999975e-04 -6.429429999999999867e-04
2.817009999999999783e-04 -5.913010000000000228e-04
3.730699999999999772e-04 -5.040030000000000465e-04
4.499230000000000221e-04 -3.615299999999999894e-04
4.867030000000000054e-04 -1.657800000000000018e-04
4.630689999999999806e-04 7.116250000000000180e-05
3.726739999999999762e-04 3.275999999999999941e-04
2.256500000000000096e-04 5.686400000000000308e-04
4.400200000000000324e-05 7.628230000000000384e-04
-1.475089999999999865e-04 9.001070000000000338e-04
-3.302110000000000136e-04 9.935759999999999210e-04
-4.955820000000000537e-04 1.069649999999999898e-03
-6.427040000000000183e-04 1.141969999999999964e-03
-7.706699999999999922e-04 1.178390000000000080e-03
-8.707040000000000309e-04 1.116629999999999966e-03
-9.240649999999999559e-04 9.126260000000000405e-04
-9.079090000000000380e-04 5.501510000000000254e-04
-8.052660000000000113e-04 4.643849999999999931e-05
-6.132929999999999979e-04 -5.324429999999999571e-04
-3.456709999999999774e-04 -1.086900000000000019e-03
-2.815650000000000054e-05 -1.520730000000000085e-03
3.100479999999999968e-04 -1.772300000000000091e-03
6.441420000000000002e-04 -1.833329999999999986e-03
9.564629999999999530e-04 -1.741190000000000099e-03
1.233010000000000096e-03 -1.554370000000000014e-03
1.456789999999999908e-03 -1.332760000000000108e-03
1.603309999999999935e-03 -1.108220000000000038e-03
1.641880000000000075e-03 -8.740930000000000488e-04
1.543869999999999921e-03 -6.079940000000000474e-04
1.294830000000000069e-03 -2.923989999999999901e-04
9.044050000000000526e-04 8.362680000000000374e-05
4.079539999999999772e-04 5.315229999999999998e-04
-1.416579999999999912e-04 1.048459999999999974e-03
-6.875120000000000406e-04 1.589029999999999956e-03
-1.180250000000000092e-03 2.060989999999999957e-03
-1.583399999999999998e-03 2.348260000000000017e-03
-1.873000000000000099e-03 2.369220000000000007e-03
-2.035159999999999834e-03 2.114759999999999817e-03
-2.063489999999999856e-03 1.612549999999999921e-03
-1.956219999999999834e-03 9.164989999999999812e-04
-1.714390000000000098e-03 1.319699999999999985e-04
-1.342730000000000095e-03 -6.120089999999999471e-04
-8.528890000000000126e-04 -1.191360000000000032e-03
-2.672589999999999970e-04 -1.519960000000000104e-03
3.791380000000000011e-04 -1.607480000000000107e-03
1.040359999999999939e-03 -1.547849999999999920e-03
1.663210000000000036e-03 -1.454109999999999995e-03
2.190249999999999923e-03 -1.392379999999999920e-03
2.562430000000000090e-03 -1.354699999999999915e-03
2.724630000000000021e-03 -1.289089999999999897e-03
2.636620000000000109e-03 -1.133799999999999912e-03
2.286949999999999834e-03 -8.388230000000000425e-04
1.702860000000000051e-03 -3.858809999999999736e-04
9.498799999999999518e-04 1.947639999999999940e-04
1.194570000000000050e-04 8.195840000000000460e-04
-6.912490000000000084e-04 1.367329999999999934e-03
-1.399470000000000098e-03 1.705970000000000012e-03
-1.949559999999999921e-03 1.738619999999999966e-03
-2.315460000000000088e-03 1.464140000000000059e-03
-2.495059999999999899e-03 9.871000000000000867e-04
-2.499579999999999944e-03 4.623520000000000212e-04
-2.342509999999999905e-03 3.938070000000000058e-05
-2.032599999999999858e-03 -1.838029999999999883e-04
-1.574260000000000069e-03 -1.930199999999999917e-04
-9.753469999999999978e-04 -6.294009999999999731e-05
-2.593410000000000095e-04 1.132330000000000050e-04
5.230470000000000085e-04 2.654490000000000126e-04
1.291360000000000077e-03 3.102970000000000142e-04
1.946969999999999907e-03 2.038440000000000087e-04
2.395070000000000011e-03 -3.409219999999999861e-05
2.568669999999999894e-03 -3.410469999999999756e-04
2.446030000000000079e-03 -6.227360000000000360e-04
2.055679999999999834e-03 -7.994630000000000399e-04
1.468939999999999959e-03 -8.551830000000000282e-04
7.836030000000000122e-04 -8.416489999999999779e-04
1.038670000000000001e-04 -8.636299999999999966e-04
-4.793040000000000039e-04 -1.004520000000000066e-03
-9.055480000000000517e-04 -1.205649999999999951e-03
-1.156590000000000092e-03 -1.315519999999999927e-03
-1.254590000000000089e-03 -1.189350000000000043e-03
-1.245320000000000064e-03 -7.529200000000000215e-04
-1.173339999999999930e-03 -4.923950000000000180e-05
-1.062870000000000047e-03 8.126809999999999937e-04
-9.148350000000000188e-04 1.684259999999999924e-03
-7.197020000000000153e-04 2.377450000000000136e-03
-4.765689999999999835e-04 2.762240000000000008e-03
-2.081239999999999880e-04 2.813029999999999784e-03
3.888290000000000003e-05 2.539270000000000155e-03
2.106450000000000000e-04 1.975279999999999831e-03
2.722739999999999752e-04 1.154499999999999927e-03
2.282370000000000037e-04 1.237990000000000119e-04
1.243000000000000127e-04 -9.947639999999999781e-04
2.972079999999999842e-05 -2.071079999999999883e-03
9.960230000000000350e-06 -2.948860000000000196e-03
1.018650000000000013e-04 -3.436600000000000158e-03
3.016779999999999939e-04 -3.405510000000000047e-03
5.707760000000000524e-04 -2.855120000000000054e-03
8.543990000000000438e-04 -1.941400000000000027e-03
1.101090000000000098e-03 -8.899949999999999788e-04
1.270660000000000062e-03 1.280189999999999952e-04
1.329440000000000092e-03 1.011689999999999985e-03
1.244450000000000027e-03 1.682869999999999939e-03
9.877029999999999317e-04 2.097700000000000085e-03
5.512479999999999507e-04 2.245730000000000035e-03
-3.549449999999999703e-05 2.112380000000000074e-03
-6.974029999999999769e-04 1.665559999999999957e-03
-1.322889999999999960e-03 8.952759999999999711e-04
-1.792109999999999970e-03 -9.459209999999999851e-05
-2.014919999999999906e-03 -1.071960000000000057e-03
-1.960429999999999985e-03 -1.766540000000000037e-03
-1.662150000000000042e-03 -1.974510000000000067e-03
-1.197020000000000028e-03 -1.620080000000000088e-03
-6.518070000000000157e-04 -7.874299999999999876e-04
-9.540390000000000318e-05 2.893680000000000254e-04
4.293400000000000059e-04 1.334539999999999945e-03
8.931059999999999563e-04 2.129680000000000115e-03
1.260749999999999935e-03 2.515579999999999899e-03
1.483830000000000001e-03 2.407299999999999805e-03
1.513220000000000016e-03 1.812140000000000062e-03
1.325779999999999927e-03 7.874600000000000263e-04
9.494040000000000465e-04 -5.680639999999999605e-04
4.686259999999999818e-04 -2.067789999999999906e-03
1.942460000000000203e-06 -3.398389999999999831e-03
-3.405600000000000055e-04 -4.194670000000000169e-03
-4.959370000000000054e-04 -4.213899999999999590e-03
-4.626149999999999880e-04 -3.422419999999999803e-03
-2.880010000000000230e-04 -1.958350000000000195e-03
-4.369490000000000071e-05 -7.580849999999999763e-05
1.966319999999999971e-04 1.864650000000000031e-03
3.700449999999999985e-04 3.461660000000000084e-03
4.284000000000000048e-04 4.400339999999999981e-03
3.390700000000000181e-04 4.523189999999999850e-03
8.938259999999999359e-05 3.838740000000000208e-03
-3.020680000000000088e-04 2.459680000000000113e-03
-7.732330000000000149e-04 5.981940000000000261e-04
-1.219299999999999985e-03 -1.398699999999999900e-03
-1.515630000000000015e-03 -3.095790000000000174e-03
-1.557470000000000035e-03 -4.068429999999999616e-03
-1.298770000000000089e-03 -4.045370000000000389e-03
-7.708240000000000317e-04 -3.011020000000000103e-03
-7.324690000000000508e-05 -1.197630000000000092e-03
6.563499999999999890e-04 9.415200000000000522e-04
1.280749999999999987e-03 2.818359999999999789e-03
1.693730000000000062e-03 3.944900000000000316e-03
1.833009999999999935e-03 4.083769999999999588e-03
1.680000000000000070e-03 3.230489999999999924e-03
1.259399999999999929e-03 1.538789999999999950e-03
6.430809999999999912e-04 -6.797110000000000521e-04
-5.142539999999999725e-05 -2.929010000000000120e-03
-6.789670000000000471e-04 -4.655580000000000308e-03
-1.100980000000000101e-03 -5.401849999999999707e-03
-1.224709999999999948e-03 -4.938739999999999623e-03
-1.032520000000000096e-03 -3.314070000000000123e-03
-5.910930000000000004e-04 -8.008299999999999880e-04
-3.552710000000000075e-05 2.071760000000000181e-03
4.702539999999999737e-04 4.588150000000000041e-03
7.824540000000000271e-04 6.101930000000000201e-03
8.161509999999999859e-04 6.207419999999999952e-03
5.636729999999999952e-04 4.796540000000000178e-03
9.159079999999999728e-05 2.159439999999999884e-03
-4.806400000000000060e-04 -1.036339999999999961e-03
-1.011060000000000040e-03 -3.981679999999999595e-03
-1.364729999999999980e-03 -5.919289999999999795e-03
-1.439039999999999937e-03 -6.333870000000000125e-03
-1.184429999999999988e-03 -5.118209999999999774e-03
-6.202420000000000155e-04 -2.540909999999999957e-03
1.571839999999999913e-04 8.069909999999999584e-04
9.848490000000000976e-04 4.026939999999999686e-03
1.668919999999999952e-03 6.166429999999999655e-03
2.036790000000000128e-03 6.547260000000000059e-03
1.986589999999999884e-03 4.979349999999999575e-03
1.518229999999999970e-03 1.812699999999999988e-03
7.378470000000000254e-04 -2.169509999999999928e-03
-1.668739999999999883e-04 -5.838269999999999571e-03
-9.762409999999999794e-04 -8.049509999999999305e-03
-1.496029999999999973e-03 -8.069720000000000712e-03
-1.604720000000000018e-03 -5.800040000000000230e-03
-1.281449999999999950e-03 -1.808499999999999995e-03
-6.120970000000000317e-04 2.813480000000000147e-03
2.271359999999999883e-04 6.727570000000000425e-03
1.006570000000000034e-03 8.812789999999999166e-03
1.495449999999999948e-03 8.452980000000000563e-03
1.524589999999999930e-03 5.662689999999999738e-03
1.043730000000000092e-03 1.209369999999999976e-03
1.500390000000000046e-04 -3.579810000000000110e-03
-9.262819999999999518e-04 -7.255649999999999773e-03
-1.877229999999999914e-03 -8.754430000000000545e-03
-2.400750000000000106e-03 -7.642989999999999680e-03
-2.294730000000000034e-03 -4.179730000000000424e-03
-1.530520000000000057e-03 5.845200000000000482e-04
-2.742019999999999744e-04 5.128340000000000329e-03
1.152900000000000105e-03 8.017379999999999299e-03
2.361590000000000217e-03 8.334839999999999610e-03
3.005690000000000098e-03 5.976310000000000303e-03
2.885079999999999936e-03 1.688349999999999920e-03
2.010360000000000098e-03 -3.149089999999999789e-03
6.088909999999999679e-04 -6.978009999999999768e-03
-9.317340000000000344e-04 -8.595459999999999212e-03
-2.169719999999999982e-03 -7.519600000000000416e-03
-2.737900000000000143e-03 -4.150329999999999818e-03
-2.457860000000000079e-03 3.471430000000000067e-04
-1.404370000000000054e-03 4.509410000000000154e-03
1.021209999999999935e-04 7.090380000000000293e-03
1.581530000000000045e-03 7.374859999999999575e-03
2.541639999999999958e-03 5.380760000000000057e-03
2.641310000000000012e-03 1.888899999999999997e-03
1.811480000000000078e-03 -1.866789999999999899e-03
2.901509999999999940e-04 -4.666960000000000379e-03
-1.444790000000000050e-03 -5.692660000000000428e-03
-2.827160000000000003e-03 -4.759969999999999653e-03
-3.389930000000000200e-03 -2.338010000000000175e-03
-2.924550000000000153e-03 6.574050000000000119e-04
-1.555940000000000014e-03 3.200590000000000119e-03
2.944600000000000234e-04 4.499859999999999624e-03
2.046810000000000036e-03 4.236000000000000182e-03
3.155090000000000151e-03 2.622479999999999950e-03
3.287790000000000070e-03 2.853120000000000222e-04
2.435039999999999861e-03 -1.982040000000000017e-03
9.066540000000000103e-04 -3.489599999999999820e-03
-7.772939999999999884e-04 -3.854110000000000001e-03
-2.064170000000000154e-03 -3.083349999999999893e-03
-2.553199999999999827e-03 -1.530080000000000068e-03
-2.123690000000000126e-03 2.563339999999999889e-04
-9.652740000000000148e-04 1.720750000000000057e-03
4.968540000000000239e-04 2.470570000000000058e-03
1.752670000000000009e-03 2.375019999999999822e-03
2.380209999999999791e-03 1.575800000000000031e-03
2.181709999999999899e-03 4.153590000000000190e-04
1.239190000000000040e-03 -6.900600000000000440e-04
-1.246150000000000122e-04 -1.390050000000000096e-03
-1.461959999999999996e-03 -1.507139999999999912e-03
-2.350239999999999968e-03 -1.074499999999999934e-03
-2.526309999999999927e-03 -2.959629999999999986e-04
-1.963030000000000157e-03 5.418200000000000403e-04
-8.667809999999999534e-04 1.168530000000000089e-03
3.994210000000000100e-04 1.410500000000000078e-03
1.439039999999999937e-03 1.230179999999999989e-03
1.950010000000000068e-03 7.190599999999999900e-04
1.816109999999999903e-03 5.328339999999999878e-05
1.134000000000000025e-03 -5.691080000000000270e-04
1.698749999999999956e-04 -9.881810000000000854e-04
-7.366060000000000012e-04 -1.122289999999999963e-03
-1.287299999999999903e-03 -9.797499999999999352e-04
-1.320589999999999958e-03 -6.429289999999999831e-04
-8.562119999999999670e-04 -2.334819999999999984e-04
-7.804730000000000066e-05 1.282780000000000075e-04
7.359320000000000141e-04 3.570930000000000046e-04
1.310210000000000020e-03 4.207780000000000157e-04
1.461449999999999989e-03 3.398529999999999867e-04
1.152479999999999997e-03 1.720830000000000124e-04
4.954420000000000178e-04 -1.076470000000000046e-05
-2.933829999999999793e-04 -1.456519999999999939e-04
-9.690630000000000424e-04 -1.940590000000000067e-04
-1.337389999999999933e-03 -1.478919999999999996e-04
-1.312470000000000043e-03 -2.618520000000000130e-05
-9.357709999999999553e-04 1.342480000000000062e-04
-3.534310000000000251e-04 2.903350000000000180e-04
2.377980000000000024e-04 4.032260000000000184e-04
6.565469999999999466e-04 4.459069999999999982e-04
7.928629999999999879e-04 4.073939999999999961e-04
6.372049999999999546e-04 2.937200000000000271e-04
2.751869999999999794e-04 1.260649999999999933e-04
-1.477139999999999888e-04 -6.358400000000000651e-05
-4.779550000000000140e-04 -2.388160000000000120e-04
-6.043720000000000472e-04 -3.663539999999999961e-04
-4.911689999999999589e-04 -4.234330000000000233e-04
-1.841540000000000126e-04 -4.032349999999999975e-04
2.097640000000000062e-04 -3.167569999999999761e-04
5.611639999999999554e-04 -1.901980000000000109e-04
7.610079999999999753e-04 -5.817219999999999845e-05
7.537320000000000131e-04 4.564379999999999826e-05
5.507869999999999563e-04 9.788899999999999739e-05
