-1.554549999999999848e-08 9.418390000000000469e-07
-1.092510000000000033e-07 3.791960000000000029e-06
-3.852369999999999972e-07 7.805829999999999429e-06
-9.835030000000000685e-07 1.493220000000000079e-05
-2.224449999999999937e-06 3.301609999999999718e-05
-4.909649999999999656e-06 7.324599999999999633e-05
-1.049720000000000006e-05 1.409329999999999871e-04
-2.071619999999999996e-05 2.227909999999999884e-04
-3.655809999999999816e-05 2.903210000000000144e-04
-5.711970000000000133e-05 3.056490000000000140e-04
-7.883020000000000294e-05 2.302200000000000015e-04
-9.566879999999999449e-05 5.431589999999999948e-05
-1.007840000000000027e-04 -1.865740000000000063e-04
-8.886029999999999352e-05 -4.282259999999999756e-04
-5.770640000000000031e-05 -6.104020000000000149e-04
-8.033249999999999701e-06 -7.034899999999999747e-04
5.816150000000000210e-05 -7.170580000000000183e-04
1.390410000000000127e-04 -6.890660000000000058e-04
2.326259999999999916e-04 -6.568849999999999559e-04
3.342500000000000202e-04 -6.238539999999999667e-04
4.332070000000000148e-04 -5.596070000000000514e-04
5.117060000000000098e-04 -4.366470000000000225e-04
5.483540000000000289e-04 -2.487650000000000213e-04
5.250619999999999680e-04 -4.157170000000000213e-06
4.338790000000000246e-04 2.732249999999999870e-04
2.804600000000000083e-04 5.417179999999999522e-04
8.257419999999999962e-05 7.625810000000000227e-04
-1.358350000000000030e-04 9.218899999999999708e-04
-3.522849999999999788e-04 1.033740000000000006e-03
-5.514019999999999902e-04 1.128719999999999940e-03
-7.258409999999999645e-04 1.224000000000000045e-03
-8.720229999999999822e-04 1.286709999999999937e-03
-9.833369999999999264e-04 1.248530000000000082e-03
-1.045780000000000060e-03 1.056690000000000103e-03
-1.039409999999999943e-03 6.884429999999999543e-04
-9.449229999999999652e-04 1.605570000000000011e-04
-7.518359999999999757e-04 -4.549830000000000042e-04
-4.645420000000000257e-04 -1.049669999999999943e-03
-1.031210000000000042e-04 -1.520370000000000055e-03
3.012390000000000206e-04 -1.804180000000000063e-03
7.136080000000000157e-04 -1.897129999999999910e-03
1.101509999999999989e-03 -1.842759999999999928e-03
1.437080000000000085e-03 -1.702299999999999907e-03
1.695310000000000003e-03 -1.531229999999999961e-03
1.851140000000000034e-03 -1.350120000000000009e-03
1.879030000000000067e-03 -1.138380000000000034e-03
1.757059999999999959e-03 -8.630950000000000297e-04
1.475259999999999939e-03 -5.044630000000000251e-04
1.043979999999999908e-03 -5.859410000000000199e-05
4.971609999999999788e-04 4.728900000000000074e-04
-1.127270000000000068e-04 1.073839999999999951e-03
-7.258689999999999717e-04 1.689930000000000078e-03
-1.287359999999999980e-03 2.225509999999999988e-03
-1.755239999999999925e-03 2.564159999999999790e-03
-2.102370000000000107e-03 2.623770000000000095e-03
-2.313500000000000018e-03 2.393259999999999919e-03
-2.380000000000000171e-03 1.897880000000000010e-03
-2.294619999999999820e-03 1.190230000000000021e-03
-2.049710000000000160e-03 3.763409999999999802e-04
-1.640760000000000005e-03 -4.125229999999999804e-04
-1.074019999999999966e-03 -1.049709999999999923e-03
-3.744560000000000076e-04 -1.447329999999999927e-03
4.103760000000000025e-04 -1.614390000000000052e-03
1.213499999999999952e-03 -1.644269999999999976e-03
1.957340000000000121e-03 -1.647330000000000018e-03
2.564449999999999803e-03 -1.682029999999999940e-03
2.967070000000000037e-03 -1.726440000000000093e-03
3.115029999999999969e-03 -1.710589999999999897e-03
2.982900000000000135e-03 -1.556910000000000108e-03
2.575780000000000170e-03 -1.209030000000000044e-03
1.931530000000000096e-03 -6.560269999999999990e-04
1.116989999999999997e-03 5.249640000000000106e-05
2.177740000000000058e-04 8.086869999999999909e-04
-6.760950000000000380e-04 1.470729999999999954e-03
-1.484480000000000044e-03 1.895849999999999922e-03
-2.146680000000000203e-03 1.987099999999999891e-03
-2.624220000000000025e-03 1.749979999999999938e-03
-2.897709999999999956e-03 1.296810000000000020e-03
-2.960210000000000011e-03 7.864849999999999619e-04
-2.810599999999999904e-03 3.667310000000000231e-04
-2.450620000000000142e-03 1.288639999999999914e-04
-1.888169999999999996e-03 7.876360000000000598e-05
-1.145420000000000075e-03 1.361459999999999938e-04
-2.684319999999999805e-04 2.087360000000000018e-04
6.665860000000000448e-04 2.361870000000000072e-04
1.556899999999999951e-03 1.525999999999999958e-04
2.289279999999999874e-03 -6.511449999999999465e-05
2.764120000000000119e-03 -3.788640000000000237e-04
2.919360000000000184e-03 -7.152719999999999781e-04
2.745720000000000105e-03 -9.785919999999999168e-04
2.287879999999999948e-03 -1.096270000000000100e-03
1.632070000000000005e-03 -1.065430000000000023e-03
8.849879999999999639e-04 -9.539890000000000305e-04
1.513689999999999936e-04 -8.829449999999999972e-04
-4.840299999999999854e-04 -9.490640000000000057e-04
-9.678329999999999746e-04 -1.100899999999999926e-03
-1.282090000000000053e-03 -1.185520000000000020e-03
-1.439160000000000092e-03 -1.049369999999999990e-03
-1.468499999999999970e-03 -6.076639999999999472e-04
-1.400619999999999990e-03 1.018439999999999959e-04
-1.256020000000000053e-03 9.665840000000000412e-04
-1.044769999999999987e-03 1.828580000000000006e-03
-7.752689999999999798e-04 2.492059999999999935e-03
-4.659080000000000122e-04 2.828069999999999803e-03
-1.530249999999999926e-04 2.823179999999999787e-03
1.116140000000000057e-04 2.505610000000000129e-03
2.759710000000000179e-04 1.925550000000000048e-03
3.097600000000000158e-04 1.120359999999999932e-03
2.226019999999999941e-04 1.260450000000000036e-04
6.731370000000000571e-05 -9.554039999999999755e-04
-7.500560000000000571e-05 -2.012669999999999824e-03
-1.220749999999999993e-04 -2.898239999999999844e-03
-1.972440000000000041e-05 -3.416919999999999940e-03
2.381899999999999946e-04 -3.428229999999999993e-03
6.078290000000000515e-04 -2.920260000000000043e-03
1.011560000000000107e-03 -2.044659999999999794e-03
1.363410000000000013e-03 -1.030260000000000073e-03
1.590639999999999936e-03 -5.220630000000000192e-05
1.643680000000000011e-03 7.924240000000000146e-04
1.497000000000000067e-03 1.440520000000000038e-03
1.147610000000000080e-03 1.868249999999999902e-03
6.157969999999999590e-04 2.078099999999999826e-03
-5.152910000000000102e-05 2.051270000000000003e-03
-7.784880000000000315e-04 1.732880000000000011e-03
-1.464419999999999914e-03 1.080199999999999910e-03
-1.999540000000000171e-03 1.689100000000000074e-04
-2.290770000000000133e-03 -7.799900000000000453e-04
-2.288029999999999925e-03 -1.487299999999999994e-03
-1.998310000000000104e-03 -1.729120000000000006e-03
-1.480549999999999965e-03 -1.413130000000000072e-03
-8.248899999999999982e-04 -6.211429999999999989e-04
-1.265519999999999905e-04 4.015809999999999757e-04
5.333659999999999617e-04 1.366040000000000006e-03
1.092810000000000049e-03 2.053559999999999847e-03
1.502780000000000001e-03 2.325339999999999959e-03
1.721419999999999981e-03 2.131300000000000035e-03
1.716979999999999895e-03 1.510849999999999997e-03
1.481459999999999982e-03 5.327930000000000469e-04
1.048129999999999982e-03 -7.214539999999999538e-04
4.999689999999999560e-04 -2.103770000000000032e-03
-4.243410000000000085e-05 -3.341670000000000144e-03
-4.538570000000000017e-04 -4.093460000000000154e-03
-6.445329999999999766e-04 -4.114699999999999781e-03
-5.884109999999999471e-04 -3.352570000000000029e-03
-3.286200000000000080e-04 -1.925030000000000100e-03
3.873870000000000232e-05 -7.730090000000000388e-05
3.942659999999999958e-04 1.827410000000000015e-03
6.279280000000000365e-04 3.383150000000000133e-03
6.644799999999999535e-04 4.279660000000000235e-03
4.758920000000000034e-04 4.377260000000000005e-03
8.209710000000000380e-05 3.708229999999999860e-03
-4.542029999999999744e-04 2.400110000000000004e-03
-1.034930000000000095e-03 6.576950000000000244e-04
-1.538709999999999991e-03 -1.203599999999999982e-03
-1.841839999999999970e-03 -2.792080000000000169e-03
-1.847389999999999970e-03 -3.718840000000000166e-03
-1.514729999999999939e-03 -3.725340000000000162e-03
-8.776530000000000485e-04 -2.783379999999999795e-03
-4.316849999999999843e-05 -1.097539999999999931e-03
8.308049999999999984e-04 9.071170000000000361e-04
1.573350000000000052e-03 2.661520000000000118e-03
2.041840000000000061e-03 3.687569999999999824e-03
2.152429999999999882e-03 3.756349999999999880e-03
1.893530000000000039e-03 2.877059999999999861e-03
1.324880000000000068e-03 1.219620000000000036e-03
5.662900000000000008e-04 -8.976130000000000133e-04
-2.241619999999999995e-04 -2.992900000000000161e-03
-8.816320000000000320e-04 -4.549469999999999903e-03
-1.270499999999999928e-03 -5.157619999999999913e-03
-1.316239999999999988e-03 -4.629079999999999827e-03
-1.024909999999999970e-03 -3.029640000000000111e-03
-4.855029999999999762e-04 -6.210179999999999824e-04
1.479709999999999966e-04 2.102600000000000042e-03
6.943299999999999472e-04 4.470230000000000384e-03
9.938869999999999389e-04 5.874220000000000309e-03
9.522330000000000291e-04 5.932699999999999953e-03
5.668859999999999524e-04 4.545249999999999811e-03
-7.020459999999999526e-05 1.996400000000000171e-03
-7.961959999999999914e-04 -1.061630000000000039e-03
-1.419549999999999892e-03 -3.843409999999999795e-03
-1.767759999999999948e-03 -5.624080000000000051e-03
-1.729010000000000009e-03 -5.927339999999999692e-03
-1.279229999999999907e-03 -4.683729999999999664e-03
-4.905460000000000159e-04 -2.185129999999999972e-03
4.789230000000000223e-04 9.820569999999999387e-04
1.415510000000000032e-03 3.956979999999999699e-03
2.098950000000000034e-03 5.849120000000000187e-03
2.358509999999999860e-03 6.047180000000000090e-03
2.120200000000000036e-03 4.411830000000000265e-03
1.431399999999999990e-03 1.312720000000000076e-03
4.558149999999999854e-04 -2.483299999999999917e-03
-5.634750000000000219e-04 -5.893980000000000052e-03
-1.366929999999999925e-03 -7.838960000000000719e-03
-1.749450000000000050e-03 -7.649740000000000359e-03
-1.617270000000000079e-03 -5.280159999999999888e-03
-1.015290000000000073e-03 -1.327849999999999994e-03
-1.178440000000000054e-04 3.117770000000000177e-03
8.153459999999999961e-04 6.756080000000000245e-03
1.506849999999999900e-03 8.536149999999999294e-03
1.735709999999999901e-03 7.930359999999999146e-03
1.401829999999999960e-03 5.035669999999999903e-03
5.628259999999999947e-04 6.671630000000000225e-04
-5.717180000000000309e-04 -3.855830000000000195e-03
-1.690799999999999899e-03 -7.150600000000000012e-03
-2.464309999999999938e-03 -8.262320000000000081e-03
-2.635939999999999811e-03 -6.877450000000000230e-03
-2.104389999999999820e-03 -3.346229999999999951e-03
-9.664269999999999545e-04 1.248060000000000055e-03
4.985649999999999674e-04 5.423149999999999846e-03
1.901600000000000035e-03 7.844520000000000659e-03
2.853889999999999986e-03 7.727219999999999922e-03
3.081790000000000050e-03 5.092779999999999876e-03
2.512400000000000137e-03 7.713320000000000072e-04
1.301869999999999894e-03 -3.841269999999999928e-03
-2.047130000000000033e-04 -7.246090000000000170e-03
-1.571490000000000040e-03 -8.360420000000000351e-03
-2.400119999999999944e-03 -6.851659999999999869e-03
-2.450449999999999851e-03 -3.254190000000000121e-03
-1.716330000000000069e-03 1.189890000000000088e-03
-4.323899999999999987e-04 5.026120000000000240e-03
9.910710000000000526e-04 7.106359999999999934e-03
2.089389999999999997e-03 6.875430000000000083e-03
2.488670000000000118e-03 4.522110000000000192e-03
2.029449999999999917e-03 9.502189999999999769e-04
8.259790000000000144e-04 -2.574750000000000216e-03
-7.608779999999999884e-04 -4.905750000000000388e-03
-2.232009999999999984e-03 -5.376109999999999917e-03
-3.108230000000000021e-03 -3.982460000000000166e-03
-3.088089999999999932e-03 -1.341549999999999947e-03
-2.152069999999999851e-03 1.564819999999999970e-03
-5.757890000000000534e-04 3.746290000000000210e-03
1.155500000000000060e-03 4.532719999999999631e-03
2.504870000000000187e-03 3.769649999999999824e-03
3.061340000000000068e-03 1.823390000000000037e-03
2.676439999999999982e-03 -5.871770000000000331e-04
1.511980000000000008e-03 -2.661769999999999935e-03
-1.792940000000000150e-05 -3.786750000000000185e-03
-1.390430000000000008e-03 -3.709379999999999969e-03
-2.153089999999999865e-03 -2.578200000000000110e-03
-2.075860000000000118e-03 -8.525139999999999628e-04
-1.223459999999999999e-03 8.767910000000000287e-04
7.535950000000000244e-05 2.086800000000000200e-03
1.348610000000000086e-03 2.476270000000000034e-03
2.147309999999999931e-03 2.032980000000000204e-03
2.198120000000000022e-03 1.006299999999999903e-03
1.490130000000000100e-03 -1.967940000000000000e-04
2.685780000000000025e-04 -1.155610000000000057e-03
-1.058020000000000011e-03 -1.572899999999999906e-03
-2.061229999999999833e-03 -1.362369999999999901e-03
-2.435300000000000051e-03 -6.566249999999999821e-04
-2.091340000000000126e-03 2.630959999999999896e-04
-1.174700000000000093e-03 1.076789999999999995e-03
-4.626460000000000255e-06 1.532209999999999996e-03
1.039240000000000086e-03 1.516509999999999993e-03
1.643270000000000060e-03 1.074309999999999979e-03
1.657260000000000027e-03 3.739689999999999833e-04
1.132809999999999937e-03 -3.599720000000000155e-04
2.937269999999999747e-04 -9.219099999999999604e-04
-5.480119999999999566e-04 -1.183680000000000105e-03
-1.100360000000000097e-03 -1.121049999999999955e-03
-1.186669999999999912e-03 -8.052839999999999695e-04
-7.979000000000000415e-04 -3.678490000000000080e-04
-8.666599999999999998e-05 4.704689999999999843e-05
6.919489999999999712e-04 3.262100000000000091e-04
1.270429999999999910e-03 4.154389999999999776e-04
1.458309999999999988e-03 3.261289999999999805e-04
1.201349999999999901e-03 1.219549999999999936e-04
5.924240000000000322e-04 -1.075210000000000027e-04
-1.669039999999999998e-04 -2.768429999999999784e-04
-8.383820000000000378e-04 -3.292270000000000244e-04
-1.226770000000000074e-03 -2.495350000000000020e-04
-1.240219999999999994e-03 -6.371340000000000564e-05
-9.125519999999999595e-04 1.732179999999999939e-04
-3.826799999999999885e-04 3.956179999999999788e-04
1.589569999999999894e-04 5.461370000000000330e-04
5.367940000000000515e-04 5.899050000000000517e-04
6.464129999999999789e-04 5.209869999999999909e-04
4.828950000000000039e-04 3.606300000000000217e-04
1.340880000000000077e-04 1.490610000000000014e-04
-2.561989999999999775e-04 -6.614950000000000083e-05
-5.405370000000000053e-04 -2.418979999999999937e-04
-6.173160000000000236e-04 -3.488489999999999799e-04
-4.612940000000000053e-04 -3.765730000000000010e-04
-1.267709999999999963e-04 -3.339339999999999778e-04
2.754790000000000233e-04 -2.451209999999999999e-04
6.179319999999999648e-04 -1.424390000000000096e-04
7.985069999999999495e-04 -5.754280000000000072e-05
7.713620000000000459e-04 -1.312170000000000008e-05
5.572819999999999814e-04 -1.704159999999999960e-05
2.319380000000000009e-04 -6.052139999999999961e-05
