-2.511539999999999870e-08 9.225380000000000516e-07
-1.673239999999999967e-07 3.664409999999999869e-06
-5.481400000000000365e-07 7.393290000000000156e-06
-1.288749999999999943e-06 1.397909999999999970e-05
-2.743919999999999811e-06 3.102160000000000128e-05
-5.919219999999999716e-06 6.899129999999999792e-05
-1.250639999999999939e-05 1.320190000000000111e-04
-2.394059999999999911e-05 2.059600000000000135e-04
-3.982860000000000014e-05 2.630129999999999838e-04
-5.696739999999999942e-05 2.682790000000000110e-04
-6.972069999999999808e-05 1.880130000000000039e-04
-7.198010000000000562e-05 1.735270000000000074e-05
-6.024770000000000255e-05 -2.060490000000000054e-04
-3.580810000000000026e-05 -4.205540000000000125e-04
-3.641239999999999801e-06 -5.726579999999999778e-04
3.186790000000000027e-05 -6.401900000000000082e-04
7.126750000000000164e-05 -6.368090000000000079e-04
1.205469999999999963e-04 -5.993889999999999765e-04
1.863099999999999967e-04 -5.608059999999999564e-04
2.678390000000000219e-04 -5.207700000000000436e-04
3.513440000000000161e-04 -4.498400000000000163e-04
4.119859999999999820e-04 -3.257600000000000252e-04
4.242730000000000221e-04 -1.474729999999999889e-04
3.743870000000000054e-04 7.629459999999999964e-05
2.663459999999999873e-04 3.261240000000000102e-04
1.189730000000000008e-04 5.662269999999999847e-04
-4.346859999999999917e-05 7.605280000000000070e-04
-2.014119999999999886e-04 8.925709999999999894e-04
-3.456600000000000211e-04 9.706190000000000390e-04
-4.762279999999999812e-04 1.020609999999999920e-03
-5.957319999999999673e-04 1.060450000000000108e-03
-7.009870000000000293e-04 1.065259999999999948e-03
-7.777749999999999725e-04 9.802640000000000051e-04
-8.033229999999999928e-04 7.665639999999999607e-04
-7.558610000000000329e-04 4.091790000000000206e-04
-6.249349999999999654e-04 -7.655720000000000624e-05
-4.165069999999999883e-04 -6.273789999999999575e-04
-1.510080000000000016e-04 -1.145780000000000106e-03
1.439599999999999973e-04 -1.537130000000000050e-03
4.421699999999999763e-04 -1.742470000000000087e-03
7.240890000000000260e-04 -1.758339999999999946e-03
9.765480000000000427e-04 -1.628480000000000075e-03
1.187600000000000027e-03 -1.416720000000000002e-03
1.340590000000000011e-03 -1.184010000000000097e-03
1.412150000000000037e-03 -9.573850000000000502e-04
1.375970000000000014e-03 -7.209700000000000310e-04
1.211910000000000071e-03 -4.433899999999999951e-04
9.167090000000000351e-04 -1.034439999999999942e-04
5.106709999999999765e-04 3.048689999999999842e-04
3.540899999999999929e-05 7.794370000000000118e-04
-4.568759999999999944e-04 1.298939999999999947e-03
-9.164480000000000456e-04 1.801489999999999992e-03
-1.304440000000000027e-03 2.188330000000000049e-03
-1.594259999999999905e-03 2.352130000000000019e-03
-1.769189999999999912e-03 2.233909999999999976e-03
-1.820709999999999907e-03 1.853059999999999907e-03
-1.747840000000000071e-03 1.260770000000000033e-03
-1.554650000000000086e-03 5.224350000000000218e-04
-1.247449999999999991e-03 -2.584479999999999894e-04
-8.347129999999999481e-04 -9.650769999999999488e-04
-3.306559999999999729e-04 -1.490860000000000102e-03
2.395649999999999874e-04 -1.766959999999999928e-03
8.371039999999999731e-04 -1.814850000000000014e-03
1.412089999999999960e-03 -1.730070000000000002e-03
1.909550000000000093e-03 -1.615319999999999950e-03
2.274669999999999904e-03 -1.518079999999999994e-03
2.456809999999999810e-03 -1.411820000000000045e-03
2.415950000000000042e-03 -1.235060000000000064e-03
2.133599999999999820e-03 -9.308030000000000123e-04
1.624589999999999975e-03 -4.678619999999999871e-04
9.414859999999999505e-04 1.436029999999999870e-04
1.665580000000000001e-04 8.419010000000000426e-04
-6.068799999999999629e-04 1.516720000000000047e-03
-1.295810000000000104e-03 2.032190000000000125e-03
-1.842330000000000096e-03 2.259319999999999991e-03
-2.216860000000000185e-03 2.122919999999999929e-03
-2.412060000000000159e-03 1.656149999999999897e-03
-2.433240000000000142e-03 9.983819999999999154e-04
-2.289789999999999881e-03 3.265200000000000112e-04
-1.989439999999999872e-03 -2.076670000000000024e-04
-1.537380000000000083e-03 -5.211610000000000201e-04
-9.416070000000000126e-04 -6.213730000000000425e-04
-2.227030000000000123e-04 -5.974770000000000124e-04
5.748619999999999858e-04 -5.402490000000000243e-04
1.375460000000000007e-03 -4.991200000000000324e-04
2.077589999999999819e-03 -5.249060000000000054e-04
2.575000000000000032e-03 -6.269410000000000000e-04
2.785210000000000203e-03 -7.601129999999999779e-04
2.673169999999999887e-03 -8.558759999999999892e-04
2.260760000000000113e-03 -8.384049999999999662e-04
1.619280000000000068e-03 -6.691279999999999537e-04
8.502909999999999809e-04 -3.858070000000000011e-04
6.294620000000000391e-05 -9.123839999999999706e-05
-6.456959999999999653e-04 7.643269999999999752e-05
-1.204629999999999937e-03 2.577860000000000082e-05
-1.578470000000000003e-03 -1.714189999999999930e-04
-1.770770000000000070e-03 -3.428269999999999755e-04
-1.814389999999999926e-03 -3.282760000000000127e-04
-1.749010000000000061e-03 -4.849450000000000131e-05
-1.597389999999999964e-03 4.521349999999999935e-04
-1.356290000000000013e-03 1.064419999999999950e-03
-1.010080000000000006e-03 1.646450000000000040e-03
-5.572290000000000142e-04 2.026500000000000089e-03
-3.191120000000000035e-05 2.101399999999999796e-03
4.917720000000000207e-04 1.880649999999999987e-03
9.185919999999999763e-04 1.411780000000000066e-03
1.167499999999999918e-03 7.627419999999999556e-04
1.205609999999999972e-03 -1.265590000000000024e-05
1.062730000000000011e-03 -8.683949999999999959e-04
8.176540000000000153e-04 -1.708199999999999996e-03
5.644460000000000232e-04 -2.448640000000000191e-03
3.778240000000000201e-04 -2.988030000000000026e-03
2.913079999999999966e-04 -3.181579999999999825e-03
2.944120000000000265e-04 -2.928220000000000042e-03
3.476940000000000087e-04 -2.233189999999999915e-03
4.060490000000000150e-04 -1.241010000000000073e-03
4.364069999999999842e-04 -1.581270000000000126e-04
4.196730000000000187e-04 8.607330000000000276e-04
3.406050000000000093e-04 1.721110000000000088e-03
1.812510000000000033e-04 2.342690000000000137e-03
-7.190999999999999422e-05 2.678770000000000023e-03
-4.122700000000000084e-04 2.722449999999999957e-03
-8.012810000000000418e-04 2.469589999999999806e-03
-1.169829999999999958e-03 1.900210000000000050e-03
-1.434839999999999944e-03 1.011670000000000104e-03
-1.526280000000000085e-03 -9.279780000000000114e-05
-1.413479999999999945e-03 -1.188679999999999902e-03
-1.116180000000000037e-03 -2.015100000000000138e-03
-6.923909999999999917e-04 -2.372459999999999847e-03
-2.106859999999999950e-04 -2.179219999999999942e-03
2.752520000000000270e-04 -1.504340000000000061e-03
7.353509999999999734e-04 -5.617810000000000208e-04
1.151939999999999952e-03 3.926910000000000253e-04
1.497870000000000104e-03 1.157610000000000106e-03
1.722800000000000026e-03 1.588049999999999922e-03
1.762410000000000062e-03 1.612670000000000076e-03
1.567589999999999999e-03 1.250239999999999902e-03
1.136920000000000031e-03 5.599980000000000279e-04
5.337420000000000272e-04 -3.773760000000000135e-04
-1.246089999999999991e-04 -1.419569999999999990e-03
-7.042199999999999762e-04 -2.321650000000000189e-03
-1.101130000000000077e-03 -2.797539999999999836e-03
-1.271039999999999974e-03 -2.671869999999999801e-03
-1.227709999999999912e-03 -1.942820000000000050e-03
-1.020059999999999934e-03 -7.328480000000000280e-04
-7.096529999999999765e-04 7.592970000000000318e-04
-3.602359999999999981e-04 2.246399999999999959e-03
-3.524310000000000143e-05 3.396500000000000213e-03
2.053760000000000069e-04 3.948489999999999812e-03
3.137389999999999992e-04 3.781699999999999819e-03
2.678140000000000078e-04 2.927540000000000177e-03
8.569279999999999378e-05 1.508970000000000103e-03
-1.686880000000000085e-04 -2.667610000000000163e-04
-3.986470000000000204e-04 -2.078260000000000177e-03
-5.071099999999999610e-04 -3.539299999999999998e-03
-4.339670000000000008e-04 -4.290869999999999580e-03
-1.786310000000000046e-04 -4.125740000000000136e-03
2.035499999999999875e-04 -3.066900000000000008e-03
6.252710000000000516e-04 -1.342789999999999956e-03
9.959109999999999317e-04 6.398550000000000461e-04
1.242679999999999913e-03 2.366459999999999918e-03
1.318280000000000016e-03 3.424739999999999902e-03
1.197069999999999948e-03 3.630739999999999922e-03
8.720649999999999930e-04 2.996439999999999954e-03
3.647209999999999797e-04 1.654939999999999927e-03
-2.584110000000000031e-04 -1.303999999999999983e-04
-8.833849999999999862e-04 -1.930709999999999978e-03
-1.374149999999999981e-03 -3.274000000000000000e-03
-1.615789999999999978e-03 -3.791259999999999856e-03
-1.553179999999999925e-03 -3.331100000000000033e-03
-1.207340000000000106e-03 -1.981489999999999814e-03
-6.670740000000000306e-04 4.514880000000000046e-06
-6.234370000000000417e-05 2.182780000000000050e-03
4.728609999999999845e-04 3.971910000000000371e-03
8.345600000000000327e-04 4.875189999999999732e-03
9.676520000000000520e-04 4.611249999999999898e-03
8.704280000000000220e-04 3.138339999999999880e-03
5.900989999999999621e-04 7.411580000000000078e-04
2.102960000000000072e-04 -1.984810000000000046e-03
-1.665950000000000135e-04 -4.349659999999999985e-03
-4.385249999999999934e-04 -5.734279999999999586e-03
-5.244390000000000249e-04 -5.750100000000000176e-03
-3.847929999999999732e-04 -4.377350000000000338e-03
-3.817369999999999672e-05 -1.912199999999999967e-03
4.317459999999999961e-04 1.095260000000000027e-03
8.904670000000000380e-04 3.851230000000000191e-03
1.191680000000000083e-03 5.553119999999999931e-03
1.224910000000000061e-03 5.682579999999999576e-03
9.501639999999999782e-04 4.171590000000000194e-03
4.091750000000000118e-04 1.409120000000000034e-03
-2.844440000000000163e-04 -1.888829999999999979e-03
-9.721690000000000496e-04 -4.756759999999999634e-03
-1.490379999999999917e-03 -6.270129999999999627e-03
-1.710359999999999962e-03 -5.910040000000000085e-03
-1.567280000000000105e-03 -3.722410000000000215e-03
-1.076080000000000092e-03 -3.025209999999999857e-04
-3.343749999999999826e-04 3.363179999999999902e-03
4.913380000000000178e-04 6.151320000000000052e-03
1.198099999999999903e-03 7.212380000000000006e-03
1.594710000000000051e-03 6.186869999999999696e-03
1.559889999999999975e-03 3.262210000000000196e-03
1.090629999999999985e-03 -7.549570000000000022e-04
3.150299999999999975e-04 -4.651640000000000288e-03
-5.395660000000000039e-04 -7.225819999999999986e-03
-1.210509999999999928e-03 -7.730589999999999858e-03
-1.476749999999999981e-03 -6.026479999999999858e-03
-1.231600000000000012e-03 -2.550830000000000024e-03
-5.260389999999999554e-04 1.642210000000000067e-03
4.401969999999999733e-04 5.214550000000000088e-03
1.376150000000000029e-03 7.053389999999999660e-03
1.984839999999999868e-03 6.603460000000000232e-03
2.051910000000000105e-03 4.044599999999999758e-03
1.514109999999999935e-03 2.337899999999999961e-04
4.870160000000000006e-04 -3.554949999999999864e-03
-7.586370000000000483e-04 -6.059489999999999842e-03
-1.868560000000000013e-03 -6.473920000000000195e-03
-2.507290000000000126e-03 -4.691690000000000096e-03
-2.463780000000000050e-03 -1.347880000000000085e-03
-1.725839999999999970e-03 2.374119999999999963e-03
-4.967739999999999569e-04 5.220250000000000064e-03
8.545129999999999957e-04 6.319240000000000274e-03
1.902650000000000088e-03 5.381180000000000165e-03
2.306680000000000189e-03 2.769240000000000070e-03
1.932520000000000071e-03 -5.773679999999999785e-04
9.070630000000000533e-04 -3.503860000000000134e-03
-4.181580000000000171e-04 -5.083400000000000071e-03
-1.582910000000000090e-03 -4.907980000000000155e-03
-2.175439999999999839e-03 -3.187349999999999819e-03
-1.976809999999999852e-03 -6.362040000000000230e-04
-1.040700000000000089e-03 1.812770000000000006e-03
3.208770000000000112e-04 3.347849999999999871e-03
1.642900000000000089e-03 3.545069999999999992e-03
2.468029999999999963e-03 2.478349999999999824e-03
2.506420000000000089e-03 6.456549999999999703e-04
1.737730000000000047e-03 -1.244330000000000089e-03
4.184939999999999949e-04 -2.538930000000000006e-03
-1.008210000000000052e-03 -2.857970000000000042e-03
-2.068799999999999979e-03 -2.188559999999999985e-03
-2.424809999999999899e-03 -8.463599999999999943e-04
-1.988450000000000113e-03 6.664639999999999670e-04
-9.467790000000000233e-04 1.848470000000000061e-03
3.125129999999999944e-04 2.362180000000000182e-03
1.344389999999999995e-03 2.121749999999999938e-03
1.805100000000000020e-03 1.288340000000000015e-03
1.568390000000000018e-03 1.892270000000000096e-04
7.593390000000000426e-04 -8.041450000000000334e-04
-3.023379999999999774e-04 -1.398399999999999947e-03
-1.224309999999999938e-03 -1.463880000000000086e-03
-1.681999999999999901e-03 -1.060149999999999938e-03
-1.527109999999999926e-03 -3.938109999999999875e-04
-8.291699999999999505e-04 2.727820000000000049e-04
1.593440000000000112e-04 7.174609999999999668e-04
1.097630000000000047e-03 8.239420000000000337e-04
1.675980000000000091e-03 6.030659999999999753e-04
1.718700000000000089e-03 1.700630000000000013e-04
1.236859999999999999e-03 -3.073649999999999820e-04
4.152030000000000022e-04 -6.689680000000000366e-04
-4.593120000000000232e-04 -8.102730000000000262e-04
-1.100349999999999939e-03 -7.066439999999999787e-04
-1.319389999999999929e-03 -4.097419999999999947e-04
-1.083820000000000096e-03 -2.164909999999999911e-05
-5.176970000000000139e-04 3.422640000000000014e-04
1.517529999999999953e-04 5.889369999999999892e-04
6.797869999999999477e-04 6.711450000000000532e-04
8.899469999999999820e-04 5.937009999999999727e-04
7.300749999999999514e-04 4.033209999999999964e-04
2.813240000000000055e-04 1.681169999999999898e-04
-2.793660000000000219e-04 -4.510160000000000200e-05
-7.468400000000000255e-04 -1.885789999999999981e-04
-9.599040000000000307e-04 -2.423840000000000022e-04
-8.532429999999999485e-04 -2.139409999999999901e-04
-4.730819999999999947e-04 -1.307790000000000027e-04
4.589049999999999710e-05 -3.004119999999999962e-05
5.316309999999999656e-04 5.208620000000000285e-05
8.346119999999999841e-04 8.892280000000000182e-05
8.757009999999999968e-04 6.874280000000000191e-05
6.668540000000000361e-04 -3.345460000000000153e-06
2.997089999999999997e-04 -1.071990000000000014e-04
-9.161539999999999701e-05 -2.128479999999999923e-04
-3.789350000000000032e-04 -2.882089999999999912e-04
-4.823149999999999790e-04 -3.076980000000000210e-04
-3.924260000000000270e-04 -2.595590000000000267e-04
-1.670169999999999901e-04 -1.498179999999999944e-04
9.508259999999999661e-05 -1.437429999999999975e-06
2.915899999999999916e-04 1.514010000000000095e-04
3.522099999999999905e-04 2.725180000000000224e-04
2.600440000000000195e-04 3.338959999999999758e-04
5.297900000000000216e-05 3.237499999999999818e-04
-1.935619999999999875e-04 2.499479999999999996e-04
-3.950159999999999869e-04 1.375439999999999963e-04
