-1.607690000000000018e-08 9.339569999999999503e-07
-1.124999999999999949e-07 3.737629999999999992e-06
-3.945319999999999756e-07 7.620109999999999960e-06
-1.001760000000000045e-06 1.447780000000000053e-05
-2.257879999999999887e-06 3.203339999999999725e-05
-4.977960000000000193e-06 7.114860000000000520e-05
-1.063609999999999969e-05 1.365600000000000071e-04
-2.094909999999999904e-05 2.144369999999999935e-04
-3.683699999999999984e-05 2.763530000000000153e-04
-5.726870000000000278e-05 2.857089999999999847e-04
-7.853170000000000571e-05 2.066249999999999944e-04
-9.450230000000000490e-05 3.285980000000000004e-05
-9.829329999999999621e-05 -1.973450000000000020e-04
-8.459000000000000156e-05 -4.196569999999999836e-04
-5.116510000000000247e-05 -5.774740000000000211e-04
1.349129999999999905e-06 -6.478849999999999540e-04
7.088809999999999643e-05 -6.478049999999999954e-04
1.550310000000000002e-04 -6.200449999999999495e-04
2.503750000000000008e-04 -6.020430000000000226e-04
3.500639999999999741e-04 -5.922819999999999648e-04
4.411649999999999816e-04 -5.527849999999999734e-04
5.048680000000000051e-04 -4.488879999999999888e-04
5.211340000000000286e-04 -2.701420000000000167e-04
4.758830000000000243e-04 -2.436650000000000125e-05
3.667410000000000179e-04 2.615019999999999910e-04
2.043640000000000105e-04 5.409889999999999664e-04
8.784600000000000562e-06 7.706479999999999711e-04
-1.975470000000000112e-04 9.334579999999999657e-04
-3.966129999999999786e-04 1.042530000000000063e-03
-5.781749999999999997e-04 1.129130000000000108e-03
-7.380369999999999812e-04 1.211819999999999955e-03
-8.721710000000000356e-04 1.259310000000000030e-03
-9.702979999999999721e-04 1.205200000000000021e-03
-1.013779999999999933e-03 9.992329999999999789e-04
-9.800370000000000088e-04 6.214449999999999835e-04
-8.511719999999999746e-04 9.099349999999999539e-05
-6.221860000000000498e-04 -5.189969999999999913e-04
-3.050360000000000116e-04 -1.100899999999999926e-03
7.336910000000000198e-05 -1.554739999999999985e-03
4.779240000000000137e-04 -1.822349999999999925e-03
8.731859999999999709e-04 -1.904459999999999964e-03
1.228399999999999935e-03 -1.847109999999999898e-03
1.517859999999999999e-03 -1.710219999999999926e-03
1.718059999999999986e-03 -1.543609999999999947e-03
1.805310000000000074e-03 -1.359160000000000099e-03
1.756860000000000062e-03 -1.127479999999999932e-03
1.556770000000000072e-03 -8.105360000000000472e-04
1.204470000000000020e-03 -3.900539999999999758e-04
7.213690000000000250e-04 1.285720000000000016e-04
1.507229999999999865e-04 7.280179999999999811e-04
-4.507189999999999786e-04 1.373529999999999977e-03
-1.025450000000000016e-03 1.994559999999999823e-03
-1.526140000000000049e-03 2.487259999999999818e-03
-1.920239999999999924e-03 2.739239999999999991e-03
-2.187849999999999864e-03 2.684680000000000052e-03
-2.316480000000000102e-03 2.336190000000000142e-03
-2.296110000000000078e-03 1.741780000000000064e-03
-2.116719999999999886e-03 9.682550000000000054e-04
-1.770199999999999985e-03 1.230509999999999981e-04
-1.256979999999999990e-03 -6.733660000000000036e-04
-5.946089999999999579e-04 -1.312149999999999992e-03
1.759040000000000018e-04 -1.722360000000000037e-03
9.900099999999999352e-04 -1.921179999999999980e-03
1.767319999999999959e-03 -1.996139999999999980e-03
2.424369999999999910e-03 -2.037590000000000148e-03
2.887499999999999876e-03 -2.075889999999999940e-03
3.102329999999999931e-03 -2.063549999999999933e-03
3.039640000000000137e-03 -1.918369999999999971e-03
2.698959999999999814e-03 -1.570400000000000008e-03
2.109980000000000015e-03 -9.903040000000000107e-04
1.330000000000000019e-03 -2.066039999999999890e-04
4.364619999999999828e-04 6.899910000000000418e-04
-4.848960000000000141e-04 1.559880000000000034e-03
-1.352909999999999920e-03 2.246759999999999990e-03
-2.100649999999999913e-03 2.613199999999999985e-03
-2.678890000000000177e-03 2.584100000000000199e-03
-3.053779999999999863e-03 2.195040000000000099e-03
-3.202140000000000021e-03 1.585590000000000003e-03
-3.108070000000000103e-03 9.296000000000000443e-04
-2.763190000000000004e-03 3.734599999999999921e-04
-2.171699999999999933e-03 -5.704749999999999887e-06
-1.358929999999999947e-03 -2.193189999999999918e-04
-3.792910000000000248e-04 -3.557899999999999800e-04
6.804979999999999753e-04 -4.969240000000000419e-04
1.706210000000000105e-03 -6.722409999999999627e-04
2.571490000000000060e-03 -9.032050000000000235e-04
3.162120000000000035e-03 -1.167620000000000073e-03
3.401609999999999790e-03 -1.396010000000000046e-03
3.268619999999999859e-03 -1.509319999999999976e-03
2.800289999999999984e-03 -1.436250000000000027e-03
2.080260000000000008e-03 -1.154070000000000096e-03
1.216630000000000012e-03 -7.221800000000000008e-04
3.184630000000000035e-04 -2.663440000000000100e-04
-5.218630000000000144e-04 5.401499999999999699e-05
-1.236740000000000061e-03 1.305780000000000092e-04
-1.784060000000000073e-03 2.662720000000000148e-05
-2.144179999999999871e-03 -8.240909999999999674e-05
-2.313770000000000149e-03 -2.455290000000000001e-05
-2.298060000000000207e-03 2.903059999999999950e-04
-2.105049999999999803e-03 8.175339999999999691e-04
-1.745660000000000007e-03 1.434740000000000104e-03
-1.241450000000000062e-03 1.983309999999999847e-03
-6.346649999999999688e-04 2.285290000000000151e-03
6.999350000000000164e-06 2.249839999999999913e-03
5.955910000000000240e-04 1.914740000000000062e-03
1.040370000000000097e-03 1.358980000000000084e-03
1.273990000000000018e-03 6.690830000000000041e-04
1.277249999999999957e-03 -1.048210000000000049e-04
1.090309999999999934e-03 -9.393749999999999973e-04
8.023369999999999721e-04 -1.765759999999999899e-03
5.219719999999999959e-04 -2.517169999999999998e-03
3.410619999999999949e-04 -3.091200000000000111e-03
3.051780000000000248e-04 -3.329459999999999798e-03
4.021089999999999951e-04 -3.115349999999999803e-03
5.726610000000000250e-04 -2.446709999999999944e-03
7.380070000000000510e-04 -1.472079999999999960e-03
8.297849999999999844e-04 -4.075050000000000091e-04
8.081470000000000537e-04 5.890889999999999972e-04
6.621900000000000008e-04 1.435730000000000079e-03
3.997389999999999754e-04 2.077400000000000080e-03
3.771649999999999710e-05 2.490239999999999902e-03
-4.004219999999999958e-04 2.670950000000000060e-03
-8.802519999999999876e-04 2.593189999999999992e-03
-1.350040000000000051e-03 2.196739999999999977e-03
-1.740039999999999989e-03 1.438140000000000078e-03
-1.973139999999999963e-03 3.965120000000000146e-04
-1.985849999999999942e-03 -7.027529999999999714e-04
-1.750169999999999894e-03 -1.578449999999999905e-03
-1.284299999999999938e-03 -2.007430000000000152e-03
-6.471689999999999561e-04 -1.897159999999999949e-03
7.878009999999999473e-05 -1.322500000000000108e-03
8.069369999999999755e-04 -5.101590000000000465e-04
1.458630000000000039e-03 2.815369999999999982e-04
1.964630000000000196e-03 8.713269999999999739e-04
2.262140000000000158e-03 1.154859999999999958e-03
2.297770000000000194e-03 1.103629999999999976e-03
2.041279999999999917e-03 7.587349999999999650e-04
1.505749999999999927e-03 1.683750000000000134e-04
7.631269999999999460e-04 -6.262550000000000408e-04
-5.798520000000000177e-05 -1.530969999999999987e-03
-7.994299999999999540e-04 -2.333889999999999923e-03
-1.318750000000000044e-03 -2.753409999999999972e-03
-1.532869999999999979e-03 -2.595909999999999884e-03
-1.439650000000000001e-03 -1.839319999999999974e-03
-1.110380000000000004e-03 -6.025229999999999909e-04
-6.608830000000000216e-04 9.015159999999999927e-04
-2.154409999999999995e-04 2.369440000000000001e-03
1.241170000000000044e-04 3.469700000000000041e-03
2.961920000000000264e-04 3.964419999999999750e-03
2.828369999999999756e-04 3.768660000000000065e-03
1.043729999999999983e-04 2.941699999999999784e-03
-1.872680000000000102e-04 1.608279999999999909e-03
-5.136989999999999482e-04 -5.357719999999999925e-05
-7.786540000000000432e-04 -1.769879999999999934e-03
-8.859519999999999635e-04 -3.196159999999999973e-03
-7.659770000000000424e-04 -3.989529999999999813e-03
-4.015870000000000160e-04 -3.929420000000000308e-03
1.588080000000000015e-04 -3.009359999999999986e-03
8.081979999999999893e-04 -1.430889999999999983e-03
1.406649999999999958e-03 4.136100000000000193e-04
1.817899999999999898e-03 2.014870000000000203e-03
1.943859999999999946e-03 2.968900000000000011e-03
1.744799999999999910e-03 3.113090000000000215e-03
1.243020000000000062e-03 2.490809999999999986e-03
5.164129999999999632e-04 1.257819999999999988e-03
-3.128249999999999737e-04 -3.307210000000000206e-04
-1.095910000000000070e-03 -1.891649999999999929e-03
-1.684010000000000108e-03 -3.019140000000000018e-03
-1.960299999999999890e-03 -3.401110000000000157e-03
-1.869489999999999911e-03 -2.910620000000000047e-03
-1.435609999999999924e-03 -1.623340000000000026e-03
-7.620549999999999807e-04 2.443219999999999962e-04
-1.084360000000000067e-05 2.290470000000000179e-03
6.378440000000000411e-04 3.966049999999999610e-03
1.034460000000000067e-03 4.791359999999999716e-03
1.100190000000000022e-03 4.491580000000000225e-03
8.466780000000000139e-04 3.027740000000000119e-03
3.707180000000000241e-04 6.845249999999999556e-04
-1.746410000000000106e-04 -1.949879999999999973e-03
-6.228209999999999649e-04 -4.205440000000000393e-03
-8.364750000000000440e-04 -5.496639999999999686e-03
-7.404220000000000202e-04 -5.474610000000000413e-03
-3.390569999999999760e-04 -4.150739999999999985e-03
2.829160000000000268e-04 -1.827950000000000061e-03
9.749379999999999548e-04 9.704200000000000499e-04
1.551539999999999907e-03 3.505159999999999786e-03
1.838430000000000055e-03 5.036030000000000367e-03
1.722390000000000075e-03 5.091919999999999780e-03
1.188910000000000054e-03 3.623980000000000170e-03
3.348569999999999824e-04 1.012089999999999995e-03
-6.485860000000000410e-04 -2.058550000000000137e-03
-1.521559999999999926e-03 -4.666830000000000284e-03
-2.060649999999999808e-03 -5.938019999999999583e-03
-2.123250000000000137e-03 -5.401800000000000004e-03
-1.689710000000000083e-03 -3.145080000000000185e-03
-8.711759999999999816e-04 2.126829999999999964e-04
1.181150000000000033e-04 3.690000000000000138e-03
1.016919999999999933e-03 6.205529999999999900e-03
1.586179999999999968e-03 6.985049999999999593e-03
1.673220000000000002e-03 5.758509999999999671e-03
1.256820000000000073e-03 2.785419999999999823e-03
4.601869999999999767e-04 -1.103449999999999960e-03
-4.773809999999999751e-04 -4.731619999999999750e-03
-1.265650000000000108e-03 -6.983050000000000194e-03
-1.646810000000000071e-03 -7.218399999999999817e-03
-1.473590000000000099e-03 -5.393700000000000404e-03
-7.619569999999999555e-04 -1.998349999999999866e-03
3.013399999999999846e-04 1.923330000000000005e-03
1.406860000000000012e-03 5.101989999999999824e-03
2.213929999999999804e-03 6.531910000000000147e-03
2.456269999999999981e-03 5.773969999999999797e-03
2.028470000000000099e-03 3.102259999999999913e-03
1.025040000000000066e-03 -5.808400000000000021e-04
-2.823650000000000248e-04 -4.021539999999999664e-03
-1.524280000000000036e-03 -6.043830000000000036e-03
-2.345020000000000177e-03 -5.974700000000000323e-03
-2.511709999999999898e-03 -3.850440000000000113e-03
-1.987249999999999867e-03 -4.133839999999999845e-04
-9.431829999999999988e-04 3.120239999999999819e-03
2.920010000000000118e-04 5.554660000000000326e-03
1.332459999999999938e-03 6.154980000000000000e-03
1.854100000000000019e-03 4.802700000000000025e-03
1.699030000000000028e-03 2.006430000000000019e-03
9.307480000000000137e-04 -1.229660000000000041e-03
-1.823150000000000053e-04 -3.790860000000000063e-03
-1.252080000000000033e-03 -4.880650000000000266e-03
-1.898560000000000091e-03 -4.264669999999999919e-03
-1.879049999999999948e-03 -2.308549999999999925e-03
-1.174600000000000036e-03 1.882289999999999896e-04
-2.021769999999999872e-06 2.306719999999999951e-03
1.255599999999999945e-03 3.340730000000000088e-03
2.178289999999999827e-03 3.026570000000000128e-03
2.454270000000000149e-03 1.599039999999999923e-03
1.989270000000000014e-03 -3.350380000000000133e-04
9.402720000000000262e-04 -2.044240000000000120e-03
-3.395170000000000089e-04 -2.943980000000000121e-03
-1.425239999999999927e-03 -2.787630000000000143e-03
-1.969840000000000046e-03 -1.715100000000000001e-03
-1.824230000000000036e-03 -1.627739999999999970e-04
-1.085049999999999947e-03 1.316920000000000070e-03
-5.316790000000000302e-05 2.255669999999999984e-03
8.802750000000000245e-04 2.416510000000000186e-03
1.377430000000000017e-03 1.843550000000000006e-03
1.273749999999999926e-03 8.119240000000000007e-04
6.312270000000000467e-04 -2.899609999999999839e-04
-2.925010000000000240e-04 -1.098809999999999978e-03
-1.145079999999999926e-03 -1.391080000000000051e-03
-1.610649999999999929e-03 -1.141670000000000011e-03
-1.522209999999999969e-03 -5.138560000000000350e-04
-9.149660000000000215e-04 2.152470000000000078e-04
-4.765100000000000337e-06 7.658209999999999714e-04
8.965880000000000290e-04 9.539799999999999973e-04
1.494960000000000039e-03 7.432349999999999677e-04
1.614640000000000086e-03 2.393820000000000062e-04
1.251729999999999943e-03 -3.624429999999999991e-04
5.644320000000000196e-04 -8.540839999999999630e-04
-1.920170000000000015e-04 -1.085009999999999968e-03
-7.597629999999999965e-04 -1.004349999999999991e-03
-9.673470000000000202e-04 -6.644840000000000165e-04
-7.828849999999999828e-04 -1.907730000000000114e-04
-3.152499999999999920e-04 2.677000000000000018e-04
2.338759999999999949e-04 5.875480000000000199e-04
6.473749999999999470e-04 7.050249999999999660e-04
7.707120000000000030e-04 6.262849999999999711e-04
5.632449999999999783e-04 4.145400000000000256e-04
1.063799999999999945e-04 1.617520000000000058e-04
-4.317999999999999790e-04 -4.408170000000000182e-05
-8.604469999999999697e-04 -1.454260000000000134e-04
-1.034210000000000034e-03 -1.284470000000000121e-04
-9.015250000000000260e-04 -2.098520000000000027e-05
-5.170409999999999850e-04 1.219210000000000004e-04
-1.620610000000000057e-05 2.388570000000000070e-04
4.366819999999999773e-04 2.821300000000000110e-04
7.067700000000000111e-04 2.312439999999999971e-04
7.323639999999999968e-04 9.666370000000000084e-05
5.397649999999999931e-04 -8.600660000000000423e-05
2.262660000000000051e-04 -2.685149999999999863e-04
-8.021130000000000230e-05 -4.047049999999999953e-04
-2.687249999999999860e-04 -4.630869999999999930e-04
-2.828570000000000194e-04 -4.340230000000000151e-04
-1.358470000000000023e-04 -3.302609999999999877e-04
1.001009999999999959e-04 -1.814730000000000021e-04
3.244100000000000195e-04 -2.493069999999999832e-05
4.462170000000000004e-04 1.048529999999999937e-04
4.160330000000000061e-04 1.847540000000000000e-04
2.404770000000000085e-04 2.079039999999999935e-04
-2.362989999999999885e-05 1.838029999999999883e-04
-2.920560000000000105e-04 1.339509999999999919e-04
-4.835700000000000068e-04 8.436980000000000662e-05
-5.468950000000000417e-04 5.718180000000000197e-05
