-2.756339999999999852e-08 9.114750000000000273e-07
-1.807130000000000115e-07 3.591170000000000042e-06
-5.792789999999999556e-07 7.155460000000000097e-06
-1.330910000000000103e-06 1.342579999999999943e-05
-2.795149999999999827e-06 2.985640000000000098e-05
-6.022460000000000103e-06 6.650279999999999625e-05
-1.272129999999999965e-05 1.268200000000000089e-04
-2.416050000000000017e-05 1.961630000000000123e-04
-3.953979999999999707e-05 2.471190000000000170e-04
-5.523100000000000025e-05 2.465190000000000024e-04
-6.555259999999999982e-05 1.635580000000000085e-04
-6.501000000000000268e-05 -3.356180000000000027e-06
-5.127640000000000258e-05 -2.145779999999999910e-04
-2.675060000000000101e-05 -4.093260000000000041e-04
3.416560000000000201e-06 -5.381850000000000522e-04
3.606190000000000112e-05 -5.850420000000000273e-04
7.369250000000000637e-05 -5.692989999999999986e-04
1.233700000000000063e-04 -5.310770000000000247e-04
1.904040000000000018e-04 -5.028489999999999826e-04
2.703970000000000201e-04 -4.805979999999999953e-04
3.454730000000000040e-04 -4.293890000000000185e-04
3.893629999999999921e-04 -3.215310000000000086e-04
3.799039999999999731e-04 -1.520460000000000008e-04
3.105639999999999898e-04 7.146400000000000560e-05
1.929429999999999991e-04 3.269370000000000175e-04
4.965209999999999849e-05 5.726950000000000183e-04
-9.683870000000000509e-05 7.661939999999999897e-04
-2.328139999999999973e-04 8.874580000000000402e-04
-3.554270000000000107e-04 9.462140000000000177e-04
-4.683099999999999936e-04 9.738929999999999809e-04
-5.737900000000000205e-04 9.945719999999999908e-04
-6.655549999999999661e-04 9.869320000000000436e-04
-7.257809999999999956e-04 8.963419999999999504e-04
-7.300429999999999897e-04 6.819989999999999733e-04
-6.582439999999999949e-04 3.272799999999999971e-04
-5.044949999999999869e-04 -1.519980000000000040e-04
-2.803850000000000201e-04 -6.898009999999999775e-04
-1.097240000000000018e-05 -1.185679999999999937e-03
2.737910000000000083e-04 -1.544969999999999894e-03
5.477820000000000215e-04 -1.713279999999999968e-03
7.933629999999999459e-04 -1.695300000000000062e-03
1.000060000000000098e-03 -1.542650000000000011e-03
1.158600000000000081e-03 -1.322550000000000028e-03
1.254890000000000042e-03 -1.092469999999999899e-03
1.268370000000000001e-03 -8.700949999999999830e-04
1.176670000000000103e-03 -6.288420000000000077e-04
9.652480000000000391e-04 -3.309259999999999958e-04
6.378490000000000115e-04 4.299189999999999745e-05
2.218169999999999940e-04 4.883650000000000447e-04
-2.364599999999999959e-04 9.869040000000000364e-04
-6.843930000000000456e-04 1.500840000000000030e-03
-1.076719999999999977e-03 1.957790000000000051e-03
-1.382320000000000033e-03 2.259750000000000040e-03
-1.583049999999999909e-03 2.312939999999999875e-03
-1.669399999999999920e-03 2.081200000000000064e-03
-1.638319999999999967e-03 1.607700000000000101e-03
-1.492709999999999957e-03 9.599180000000000343e-04
-1.238960000000000105e-03 2.076869999999999921e-04
-8.843399999999999525e-04 -5.521220000000000511e-04
-4.385030000000000264e-04 -1.216590000000000032e-03
8.090620000000000136e-05 -1.695349999999999982e-03
6.418189999999999616e-04 -1.933189999999999995e-03
1.196430000000000063e-03 -1.958019999999999986e-03
1.687789999999999993e-03 -1.861110000000000021e-03
2.060020000000000080e-03 -1.730350000000000074e-03
2.265860000000000183e-03 -1.593460000000000102e-03
2.270240000000000192e-03 -1.408589999999999929e-03
2.054310000000000164e-03 -1.111929999999999906e-03
1.623199999999999990e-03 -6.602929999999999477e-04
1.013580000000000036e-03 -4.909990000000000063e-05
2.929210000000000234e-04 6.795629999999999987e-04
-4.530770000000000262e-04 1.435620000000000082e-03
-1.140689999999999977e-03 2.091840000000000192e-03
-1.706019999999999932e-03 2.512289999999999923e-03
-2.112349999999999818e-03 2.585850000000000214e-03
-2.345429999999999911e-03 2.268780000000000189e-03
-2.403250000000000004e-03 1.629250000000000056e-03
-2.288049999999999806e-03 8.325809999999999895e-04
-2.003599999999999912e-03 6.335429999999999751e-05
-1.556040000000000071e-03 -5.379430000000000366e-04
-9.576380000000000222e-04 -9.100500000000000299e-04
-2.333199999999999955e-04 -1.079349999999999971e-03
5.718029999999999597e-04 -1.139430000000000087e-03
1.386690000000000101e-03 -1.166310000000000046e-03
2.114909999999999794e-03 -1.180059999999999920e-03
2.648619999999999967e-03 -1.198019999999999944e-03
2.895950000000000000e-03 -1.203649999999999902e-03
2.809340000000000014e-03 -1.143420000000000027e-03
2.400900000000000083e-03 -9.637060000000000461e-04
1.738149999999999938e-03 -6.262050000000000125e-04
9.233279999999999526e-04 -1.444419999999999970e-04
6.736699999999999384e-05 3.913279999999999775e-04
-7.310580000000000333e-04 8.409199999999999921e-04
-1.396869999999999926e-03 1.054299999999999985e-03
-1.882070000000000010e-03 9.540080000000000044e-04
-2.167039999999999852e-03 6.409379999999999678e-04
-2.259730000000000159e-03 3.153009999999999819e-04
-2.185669999999999800e-03 1.519729999999999898e-04
-1.969419999999999938e-03 2.304130000000000045e-04
-1.619439999999999985e-03 4.998519999999999569e-04
-1.130949999999999924e-03 8.489520000000000399e-04
-5.091860000000000136e-04 1.145629999999999912e-03
2.040439999999999865e-04 1.243119999999999902e-03
9.208449999999999969e-04 1.076780000000000055e-03
1.522729999999999917e-03 7.005569999999999809e-04
1.897059999999999892e-03 2.003060000000000029e-04
1.979269999999999988e-03 -3.365549999999999922e-04
1.779390000000000051e-03 -8.641770000000000441e-04
1.378780000000000023e-03 -1.372179999999999971e-03
8.971450000000000171e-04 -1.819029999999999909e-03
4.472780000000000093e-04 -2.180130000000000175e-03
1.008739999999999968e-04 -2.400649999999999833e-03
-1.236750000000000111e-04 -2.361499999999999884e-03
-2.515449999999999913e-04 -1.967599999999999905e-03
-3.266340000000000172e-04 -1.218600000000000022e-03
-3.843699999999999808e-04 -2.500210000000000106e-04
-4.366509999999999771e-04 7.403569999999999726e-04
-4.774649999999999966e-04 1.606599999999999912e-03
-5.019519999999999538e-04 2.265490000000000212e-03
-5.193879999999999678e-04 2.653099999999999816e-03
-5.486240000000000517e-04 2.745259999999999801e-03
-6.022570000000000310e-04 2.560409999999999943e-03
-6.729169999999999813e-04 2.115890000000000045e-03
-7.304359999999999976e-04 1.403710000000000071e-03
-7.314230000000000341e-04 4.231199999999999740e-04
-6.377639999999999742e-04 -7.275909999999999800e-04
-4.357890000000000114e-04 -1.831630000000000107e-03
-1.441159999999999870e-04 -2.636400000000000115e-03
1.962680000000000121e-04 -2.950239999999999807e-03
5.422829999999999578e-04 -2.698970000000000188e-03
8.639700000000000374e-04 -1.957700000000000152e-03
1.144770000000000032e-03 -9.435100000000000518e-04
1.367970000000000037e-03 9.037950000000000432e-05
1.500070000000000049e-03 9.517529999999999523e-04
1.487559999999999967e-03 1.509380000000000053e-03
1.276369999999999979e-03 1.704640000000000105e-03
8.446509999999999739e-04 1.560079999999999930e-03
2.291750000000000005e-04 1.122249999999999984e-03
-4.706479999999999973e-04 4.404489999999999838e-04
-1.117099999999999994e-03 -3.878449999999999975e-04
-1.579289999999999904e-03 -1.165159999999999937e-03
-1.778059999999999927e-03 -1.643270000000000060e-03
-1.705520000000000083e-03 -1.664429999999999946e-03
-1.410620000000000016e-03 -1.217889999999999901e-03
-9.675800000000000026e-04 -3.920969999999999967e-04
-4.525269999999999857e-04 6.639289999999999515e-04
6.333270000000000436e-05 1.716700000000000040e-03
5.134239999999999551e-04 2.484940000000000152e-03
8.389639999999999858e-04 2.753259999999999996e-03
9.978780000000000028e-04 2.439590000000000161e-03
9.762329999999999619e-04 1.600580000000000102e-03
7.974050000000000539e-04 3.622429999999999943e-04
5.229419999999999815e-04 -1.093140000000000040e-03
2.382170000000000132e-04 -2.496190000000000127e-03
2.430029999999999839e-05 -3.530880000000000130e-03
-7.061580000000000244e-05 -3.911460000000000284e-03
-4.436779999999999896e-05 -3.489390000000000200e-03
6.749520000000000389e-05 -2.317510000000000056e-03
2.122079999999999984e-04 -6.193849999999999660e-04
3.379860000000000264e-04 1.233549999999999924e-03
4.035980000000000210e-04 2.781560000000000196e-03
3.792000000000000015e-04 3.673039999999999812e-03
2.425489999999999981e-04 3.775629999999999872e-03
-1.840970000000000095e-05 3.130850000000000126e-03
-3.892880000000000038e-04 1.872179999999999981e-03
-8.103420000000000284e-04 2.339920000000000053e-04
-1.178510000000000018e-03 -1.408509999999999970e-03
-1.379489999999999926e-03 -2.651989999999999903e-03
-1.332569999999999935e-03 -3.193950000000000088e-03
-1.022010000000000063e-03 -2.924449999999999879e-03
-5.008610000000000145e-04 -1.928040000000000006e-03
1.268920000000000041e-04 -4.041350000000000194e-04
7.344339999999999549e-04 1.293869999999999916e-03
1.203920000000000034e-03 2.688229999999999786e-03
1.452949999999999945e-03 3.372809999999999957e-03
1.447439999999999925e-03 3.122799999999999795e-03
1.203539999999999905e-03 1.907929999999999956e-03
7.826629999999999568e-04 -2.168339999999999978e-05
2.779009999999999944e-04 -2.145989999999999964e-03
-2.057899999999999931e-04 -3.880600000000000108e-03
-5.716379999999999639e-04 -4.724159999999999818e-03
-7.496650000000000535e-04 -4.393840000000000419e-03
-7.119379999999999589e-04 -2.937599999999999847e-03
-4.827300000000000080e-04 -6.612789999999999684e-04
-1.406260000000000051e-04 1.938950000000000048e-03
1.975989999999999897e-04 4.176150000000000001e-03
4.140629999999999962e-04 5.383569999999999849e-03
4.306010000000000198e-04 5.173539999999999910e-03
2.328949999999999987e-04 3.566090000000000058e-03
-1.281979999999999947e-04 9.669280000000000366e-04
-5.511510000000000497e-04 -1.970500000000000029e-03
-9.093280000000000460e-04 -4.406890000000000113e-03
-1.085220000000000021e-03 -5.573909999999999629e-03
-1.002400000000000079e-03 -5.094610000000000284e-03
-6.451140000000000173e-04 -3.098070000000000077e-03
-6.511990000000000649e-05 -1.726189999999999951e-04
6.229970000000000256e-04 2.799569999999999923e-03
1.261079999999999927e-03 4.875390000000000279e-03
1.681460000000000073e-03 5.415190000000000281e-03
1.751020000000000050e-03 4.238030000000000269e-03
1.418299999999999943e-03 1.621810000000000005e-03
7.446560000000000071e-04 -1.659829999999999943e-03
-1.030640000000000012e-04 -4.553459999999999626e-03
-8.994059999999999468e-04 -6.107959999999999952e-03
-1.426189999999999923e-03 -5.849250000000000282e-03
-1.536049999999999959e-03 -3.848560000000000002e-03
-1.201599999999999934e-03 -6.237319999999999974e-04
-5.320010000000000450e-04 2.849560000000000114e-03
2.582349999999999967e-04 5.451919999999999857e-03
9.167440000000000441e-04 6.366039999999999893e-03
1.231019999999999988e-03 5.317800000000000131e-03
1.093680000000000086e-03 2.663930000000000117e-03
5.380479999999999551e-04 -7.244629999999999516e-04
-2.670500000000000131e-04 -3.729300000000000063e-03
-1.064209999999999896e-03 -5.367030000000000065e-03
-1.583999999999999905e-03 -5.144290000000000147e-03
-1.630170000000000013e-03 -3.198410000000000055e-03
-1.148509999999999939e-03 -2.563169999999999923e-04
-2.539290000000000145e-04 2.595420000000000192e-03
7.962159999999999811e-04 4.363490000000000250e-03
1.675510000000000064e-03 4.519559999999999723e-03
2.091570000000000061e-03 3.086139999999999804e-03
1.890559999999999897e-03 6.038940000000000020e-04
1.121419999999999926e-03 -2.007000000000000103e-03
2.779149999999999980e-05 -3.805499999999999855e-03
-1.032099999999999988e-03 -4.205699999999999716e-03
-1.708529999999999988e-03 -3.155049999999999955e-03
-1.783029999999999901e-03 -1.114240000000000065e-03
-1.246769999999999910e-03 1.138630000000000067e-03
-3.054479999999999934e-04 2.812429999999999878e-03
6.927310000000000325e-04 3.387629999999999982e-03
1.381529999999999954e-03 2.777739999999999897e-03
1.509530000000000030e-03 1.321509999999999916e-03
1.032619999999999936e-03 -3.792189999999999754e-04
1.309879999999999866e-04 -1.701590000000000004e-03
-8.570620000000000148e-04 -2.229819999999999979e-03
-1.560650000000000015e-03 -1.881960000000000013e-03
-1.714510000000000036e-03 -8.974949999999999985e-04
-1.257579999999999896e-03 2.878560000000000168e-04
-3.542029999999999831e-04 1.220670000000000088e-03
6.699359999999999907e-04 1.593259999999999989e-03
1.451800000000000052e-03 1.334069999999999917e-03
1.726340000000000036e-03 6.014199999999999711e-04
1.421160000000000088e-03 -3.022969999999999824e-04
6.757809999999999729e-04 -1.052329999999999975e-03
-2.193429999999999902e-04 -1.412470000000000088e-03
-9.372640000000000441e-04 -1.301999999999999989e-03
-1.236590000000000085e-03 -8.045220000000000062e-04
-1.044589999999999972e-03 -1.233820000000000056e-04
-4.727159999999999782e-04 5.001860000000000117e-04
2.363280000000000046e-04 8.769609999999999949e-04
8.053929999999999510e-04 9.280939999999999676e-04
1.025529999999999975e-03 6.940269999999999469e-04
8.275539999999999849e-04 3.016140000000000162e-04
2.993119999999999830e-04 -9.216300000000000512e-05
-3.543530000000000139e-04 -3.567460000000000162e-04
-8.915670000000000105e-04 -4.262029999999999985e-04
-1.122750000000000050e-03 -3.101409999999999974e-04
-9.765629999999999537e-04 -7.868180000000000280e-05
-5.195220000000000176e-04 1.694289999999999935e-04
7.562710000000000645e-05 3.429470000000000218e-04
5.984799999999999755e-04 3.865359999999999868e-04
8.790249999999999670e-04 2.936689999999999830e-04
8.457379999999999586e-04 1.021839999999999961e-04
5.436539999999999689e-04 -1.234909999999999871e-04
1.087119999999999986e-04 -3.157179999999999882e-04
-2.888060000000000128e-04 -4.243089999999999926e-04
-5.085779999999999815e-04 -4.284919999999999896e-04
-4.882940000000000110e-04 -3.382430000000000072e-04
-2.595019999999999966e-04 -1.867489999999999970e-04
7.171529999999999420e-05 -1.802709999999999889e-05
3.693009999999999934e-04 1.259859999999999962e-04
5.189749999999999702e-04 2.155849999999999900e-04
4.680910000000000149e-04 2.389480000000000033e-04
2.402779999999999922e-04 2.028450000000000001e-04
-7.837630000000000378e-05 1.288700000000000045e-04
-3.744800000000000060e-04 4.636880000000000233e-05
-5.495569999999999969e-04 -1.624279999999999973e-05
-5.536620000000000126e-04 -3.961910000000000155e-05
-3.990010000000000106e-04 -1.890720000000000085e-05
-1.503470000000000023e-04 3.514869999999999773e-05
1.023290000000000023e-04 9.986960000000000347e-05
2.776349999999999803e-04 1.480820000000000096e-04
3.302420000000000138e-04 1.571090000000000030e-04
2.628889999999999829e-04 1.164809999999999983e-04
1.201110000000000025e-04 3.187039999999999898e-05
-3.222110000000000225e-05 -7.617180000000000142e-05
-1.328420000000000132e-04 -1.783880000000000003e-04
-1.467170000000000117e-04 -2.460159999999999973e-04
-7.511370000000000557e-05 -2.600360000000000020e-04
