-1.221549999999999943e-08 9.348760000000000130e-07
-8.782999999999999966e-08 3.742850000000000087e-06
-3.194730000000000179e-07 7.633040000000000698e-06
-8.444219999999999893e-07 1.449749999999999969e-05
-1.962839999999999913e-06 3.206099999999999678e-05
-4.391819999999999737e-06 7.120699999999999773e-05
-9.460759999999999862e-06 1.366960000000000072e-04
-1.889729999999999947e-05 2.146670000000000099e-04
-3.406499999999999996e-05 2.765859999999999977e-04
-5.488679999999999769e-05 2.857530000000000269e-04
-7.880159999999999444e-05 2.063830000000000059e-04
-1.003119999999999977e-04 3.270910000000000164e-05
-1.117409999999999996e-04 -1.962149999999999908e-04
-1.051309999999999934e-04 -4.153170000000000082e-04
-7.442639999999999608e-05 -5.680909999999999519e-04
-1.703949999999999839e-05 -6.332430000000000220e-04
6.553219999999999575e-05 -6.308000000000000456e-04
1.677840000000000050e-04 -6.070480000000000060e-04
2.804980000000000103e-04 -6.013169999999999757e-04
3.909389999999999784e-04 -6.106110000000000530e-04
4.832430000000000080e-04 -5.917220000000000379e-04
5.400840000000000285e-04 -5.026880000000000497e-04
5.461619999999999930e-04 -3.269379999999999791e-04
4.923819999999999759e-04 -7.042850000000000510e-05
3.786740000000000136e-04 2.364269999999999913e-04
2.141620000000000004e-04 5.399870000000000191e-04
1.465080000000000040e-05 7.895169999999999966e-04
-2.015669999999999897e-04 9.641400000000000491e-04
-4.177539999999999986e-04 1.078109999999999962e-03
-6.208459999999999847e-04 1.167480000000000037e-03
-8.007970000000000105e-04 1.255859999999999919e-03
-9.475910000000000149e-04 1.313600000000000054e-03
-1.047839999999999969e-03 1.271039999999999974e-03
-1.083879999999999956e-03 1.071249999999999937e-03
-1.036800000000000048e-03 6.880709999999999518e-04
-8.922560000000000170e-04 1.386589999999999882e-04
-6.463099999999999835e-04 -5.002490000000000278e-04
-3.090309999999999759e-04 -1.113679999999999922e-03
9.574829999999999940e-05 -1.594609999999999994e-03
5.342020000000000058e-04 -1.881889999999999995e-03
9.679680000000000402e-04 -1.978549999999999927e-03
1.358950000000000045e-03 -1.935929999999999986e-03
1.672010000000000033e-03 -1.817789999999999901e-03
1.875900000000000007e-03 -1.672260000000000066e-03
1.944189999999999937e-03 -1.503130000000000091e-03
1.857549999999999913e-03 -1.269469999999999973e-03
1.608129999999999933e-03 -9.240119999999999887e-04
1.204619999999999996e-03 -4.470510000000000130e-04
6.754060000000000315e-04 1.474360000000000026e-04
6.662989999999999711e-05 8.259920000000000023e-04
-5.653820000000000156e-04 1.536279999999999894e-03
-1.164780000000000025e-03 2.195359999999999933e-03
-1.685230000000000018e-03 2.696210000000000100e-03
-2.093789999999999887e-03 2.932160000000000061e-03
-2.368889999999999798e-03 2.848079999999999796e-03
-2.495349999999999912e-03 2.466939999999999932e-03
-2.459509999999999821e-03 1.842700000000000067e-03
-2.247439999999999855e-03 1.041980000000000076e-03
-1.848220000000000028e-03 1.671889999999999878e-04
-1.262220000000000095e-03 -6.679179999999999839e-04
-5.111830000000000150e-04 -1.359170000000000040e-03
3.546259999999999755e-04 -1.835610000000000106e-03
1.256860000000000052e-03 -2.108800000000000084e-03
2.098880000000000016e-03 -2.255899999999999919e-03
2.782390000000000037e-03 -2.354119999999999911e-03
3.225260000000000193e-03 -2.420330000000000051e-03
3.375050000000000099e-03 -2.395809999999999954e-03
3.215580000000000001e-03 -2.192519999999999886e-03
2.766429999999999844e-03 -1.742929999999999957e-03
2.076909999999999954e-03 -1.029909999999999983e-03
1.216360000000000097e-03 -1.025909999999999940e-04
2.631309999999999986e-04 9.240739999999999892e-04
-7.052129999999999987e-04 1.889609999999999901e-03
-1.618349999999999954e-03 2.626540000000000125e-03
-2.415280000000000118e-03 2.998880000000000209e-03
-3.042730000000000001e-03 2.943340000000000019e-03
-3.452450000000000137e-03 2.511300000000000164e-03
-3.601029999999999856e-03 1.854439999999999951e-03
-3.454140000000000075e-03 1.149520000000000012e-03
-2.995079999999999791e-03 5.357619999999999570e-04
-2.235350000000000097e-03 7.754560000000000511e-05
-1.223700000000000091e-03 -2.469910000000000074e-04
-4.905760000000000275e-05 -5.264170000000000524e-04
1.165639999999999905e-03 -8.280219999999999811e-04
2.278759999999999900e-03 -1.153560000000000089e-03
3.152999999999999987e-03 -1.490860000000000102e-03
3.681380000000000156e-03 -1.789000000000000009e-03
3.808320000000000021e-03 -1.964679999999999899e-03
3.539060000000000122e-03 -1.944870000000000019e-03
2.934120000000000131e-03 -1.682399999999999911e-03
2.091130000000000072e-03 -1.189050000000000090e-03
1.120880000000000097e-03 -5.588260000000000059e-04
1.262539999999999875e-04 5.681229999999999814e-05
-8.095150000000000175e-04 4.863099999999999975e-04
-1.623670000000000018e-03 6.223199999999999912e-04
-2.268350000000000141e-03 5.376489999999999611e-04
-2.704980000000000058e-03 4.193239999999999988e-04
-2.902340000000000215e-03 4.468000000000000183e-04
-2.839509999999999951e-03 7.098500000000000426e-04
-2.513200000000000156e-03 1.156289999999999922e-03
-1.946910000000000047e-03 1.654249999999999905e-03
-1.198239999999999939e-03 2.041960000000000216e-03
-3.586279999999999958e-04 2.151740000000000076e-03
4.578769999999999802e-04 1.918540000000000046e-03
1.135219999999999936e-03 1.416299999999999894e-03
1.580749999999999907e-03 7.593139999999999742e-04
1.748619999999999992e-03 5.578800000000000187e-05
1.652859999999999920e-03 -6.447900000000000116e-04
1.364219999999999973e-03 -1.342059999999999954e-03
9.895469999999999093e-04 -2.003589999999999972e-03
6.398839999999999606e-04 -2.598479999999999800e-03
3.988099999999999848e-04 -3.047690000000000034e-03
3.012860000000000017e-04 -3.198719999999999949e-03
3.294540000000000207e-04 -2.926980000000000033e-03
4.262320000000000214e-04 -2.217919999999999961e-03
5.205070000000000226e-04 -1.212570000000000054e-03
5.528409999999999878e-04 -1.283110000000000121e-04
4.905299999999999808e-04 8.701730000000000185e-04
3.277420000000000073e-04 1.696320000000000076e-03
7.582069999999999728e-05 2.298779999999999834e-03
-2.472090000000000246e-04 2.665709999999999955e-03
-6.214260000000000096e-04 2.807959999999999970e-03
-1.022249999999999938e-03 2.707109999999999985e-03
-1.413090000000000093e-03 2.299470000000000073e-03
-1.739869999999999915e-03 1.528199999999999958e-03
-1.934350000000000045e-03 4.566470000000000208e-04
-1.928790000000000105e-03 -6.986470000000000484e-04
-1.677249999999999922e-03 -1.653310000000000066e-03
-1.173980000000000032e-03 -2.170989999999999812e-03
-4.613229999999999740e-04 -2.143579999999999965e-03
3.753510000000000050e-04 -1.635769999999999932e-03
1.223260000000000102e-03 -8.722820000000000486e-04
1.962269999999999900e-03 -1.135639999999999989e-04
2.483379999999999876e-03 4.606650000000000219e-04
2.703489999999999800e-03 7.566009999999999749e-04
2.577719999999999925e-03 7.631880000000000391e-04
2.109649999999999807e-03 5.362960000000000166e-04
1.357609999999999980e-03 1.243770000000000053e-04
4.332340000000000062e-04 -4.525840000000000158e-04
-5.123480000000000352e-04 -1.139919999999999996e-03
-1.316789999999999974e-03 -1.770899999999999948e-03
-1.844310000000000047e-03 -2.098759999999999862e-03
-2.020249999999999910e-03 -1.943330000000000057e-03
-1.848660000000000017e-03 -1.273700000000000006e-03
-1.407040000000000027e-03 -1.854930000000000077e-04
-8.219339999999999676e-04 1.135259999999999915e-03
-2.347240000000000112e-04 2.408700000000000164e-03
2.322609999999999909e-04 3.322279999999999938e-03
5.000119999999999825e-04 3.655820000000000163e-03
5.427739999999999908e-04 3.343350000000000141e-03
3.850079999999999974e-04 2.462479999999999964e-03
9.097449999999999439e-05 1.148680000000000014e-03
-2.481909999999999824e-04 -4.249039999999999827e-04
-5.295259999999999984e-04 -2.008020000000000117e-03
-6.571020000000000116e-04 -3.293529999999999808e-03
-5.640340000000000414e-04 -3.977129999999999728e-03
-2.328619999999999941e-04 -3.864409999999999980e-03
2.930140000000000240e-04 -2.954000000000000029e-03
9.125350000000000171e-04 -1.431580000000000005e-03
1.486340000000000057e-03 3.399049999999999923e-04
1.869290000000000014e-03 1.883469999999999936e-03
1.947340000000000095e-03 2.821269999999999854e-03
1.667019999999999960e-03 3.005910000000000092e-03
1.050160000000000069e-03 2.483449999999999894e-03
1.925340000000000103e-04 1.399389999999999922e-03
-7.520310000000000102e-04 -1.460489999999999971e-05
-1.601020000000000091e-03 -1.410559999999999939e-03
-2.182180000000000144e-03 -2.423890000000000159e-03
-2.373329999999999884e-03 -2.779810000000000180e-03
-2.132900000000000074e-03 -2.373099999999999949e-03
-1.512560000000000033e-03 -1.276510000000000014e-03
-6.487500000000000211e-04 3.234099999999999952e-04
2.663380000000000239e-04 2.075490000000000147e-03
1.030040000000000079e-03 3.489260000000000105e-03
1.479679999999999928e-03 4.136090000000000252e-03
1.533389999999999927e-03 3.772549999999999949e-03
1.210439999999999910e-03 2.365780000000000053e-03
6.258830000000000383e-04 1.824139999999999920e-04
-4.034759999999999974e-05 -2.225580000000000006e-03
-5.914540000000000465e-04 -4.234560000000000060e-03
-8.652799999999999554e-04 -5.307469999999999896e-03
-7.764490000000000194e-04 -5.138020000000000087e-03
-3.390630000000000163e-04 -3.766209999999999870e-03
3.346930000000000022e-04 -1.501699999999999910e-03
1.058960000000000066e-03 1.152349999999999902e-03
1.618510000000000087e-03 3.502569999999999989e-03
1.825629999999999961e-03 4.870160000000000114e-03
1.575039999999999990e-03 4.843860000000000179e-03
8.801749999999999678e-04 3.413900000000000094e-03
-1.208999999999999978e-04 9.636959999999999971e-04
-1.193320000000000101e-03 -1.858269999999999974e-03
-2.062950000000000027e-03 -4.200340000000000323e-03
-2.491300000000000112e-03 -5.271340000000000227e-03
-2.346079999999999954e-03 -4.674509999999999776e-03
-1.644679999999999927e-03 -2.537869999999999796e-03
-5.564370000000000123e-04 5.251280000000000314e-04
6.386010000000000341e-04 3.588850000000000200e-03
1.624680000000000091e-03 5.666949999999999592e-03
2.138590000000000109e-03 6.096739999999999798e-03
2.045659999999999926e-03 4.706379999999999592e-03
1.382739999999999924e-03 1.810399999999999987e-03
3.539390000000000006e-04 -1.769329999999999948e-03
-7.242639999999999625e-04 -4.932530000000000074e-03
-1.515029999999999892e-03 -6.689030000000000323e-03
-1.762710000000000015e-03 -6.539989999999999866e-03
-1.373169999999999946e-03 -4.553599999999999662e-03
-4.496939999999999943e-04 -1.265630000000000010e-03
7.297760000000000141e-04 2.317599999999999955e-03
1.793090000000000005e-03 5.040460000000000079e-03
2.388920000000000106e-03 6.052219999999999649e-03
2.299670000000000186e-03 5.060420000000000369e-03
1.515660000000000054e-03 2.428669999999999961e-03
2.452810000000000255e-04 -9.398409999999999620e-04
-1.144910000000000068e-03 -3.882870000000000071e-03
-2.243049999999999905e-03 -5.381809999999999893e-03
-2.721949999999999890e-03 -4.937969999999999859e-03
-2.444110000000000206e-03 -2.722710000000000147e-03
-1.506979999999999995e-03 4.716839999999999922e-04
-2.122330000000000126e-04 3.484160000000000035e-03
1.031489999999999924e-03 5.265989999999999907e-03
1.840019999999999937e-03 5.277279999999999645e-03
1.976970000000000203e-03 3.580540000000000112e-03
1.430140000000000100e-03 7.910350000000000454e-04
4.147299999999999815e-04 -2.092870000000000147e-03
-6.998529999999999552e-04 -4.075480000000000248e-03
-1.515529999999999959e-03 -4.554060000000000399e-03
-1.741039999999999905e-03 -3.497099999999999948e-03
-1.291660000000000030e-03 -1.411689999999999950e-03
-3.185320000000000057e-04 8.724610000000000481e-04
8.431829999999999534e-04 2.527929999999999847e-03
1.790479999999999893e-03 3.028410000000000043e-03
2.192899999999999797e-03 2.312960000000000189e-03
1.907929999999999956e-03 7.682799999999999829e-04
1.030399999999999892e-03 -9.523119999999999719e-04
-1.422999999999999894e-04 -2.191680000000000104e-03
-1.216639999999999952e-03 -2.531409999999999997e-03
-1.842859999999999984e-03 -1.921219999999999959e-03
-1.837499999999999941e-03 -6.564690000000000195e-04
-1.244260000000000071e-03 7.657109999999999741e-04
-3.118099999999999843e-04 1.844689999999999958e-03
6.024910000000000291e-04 2.253150000000000205e-03
1.166029999999999974e-03 1.930440000000000064e-03
1.191699999999999964e-03 1.069080000000000030e-03
7.014039999999999815e-04 1.540300000000000143e-05
-8.982390000000000578e-05 -8.667349999999999881e-04
-8.609789999999999978e-04 -1.317849999999999968e-03
-1.308829999999999976e-03 -1.254530000000000011e-03
-1.260620000000000056e-03 -7.762879999999999781e-04
-7.337360000000000236e-04 -1.137590000000000064e-04
7.795300000000000395e-05 4.637439999999999835e-04
8.828339999999999842e-04 7.495860000000000023e-04
1.402720000000000095e-03 6.672530000000000301e-04
1.473300000000000087e-03 2.820060000000000101e-04
1.097319999999999936e-03 -2.382940000000000058e-04
4.333869999999999758e-04 -6.937010000000000181e-04
-2.711470000000000113e-04 -9.255140000000000025e-04
-7.751989999999999619e-04 -8.664529999999999932e-04
-9.299840000000000190e-04 -5.531909999999999692e-04
-7.253239999999999557e-04 -1.018340000000000011e-04
-2.821829999999999781e-04 3.402659999999999843e-04
2.018979999999999972e-04 6.466589999999999491e-04
5.311139999999999568e-04 7.497670000000000333e-04
5.832359999999999975e-04 6.540600000000000363e-04
3.493479999999999763e-04 4.238360000000000261e-04
-7.055170000000000419e-05 1.535689999999999928e-04
-5.112680000000000523e-04 -6.679370000000000392e-05
-8.067929999999999850e-04 -1.796289999999999974e-04
-8.506120000000000477e-04 -1.728199999999999886e-04
-6.304950000000000138e-04 -7.653680000000000216e-05
-2.270659999999999974e-04 5.276339999999999698e-05
2.207339999999999910e-04 1.542399999999999869e-04
5.685189999999999688e-04 1.829520000000000061e-04
7.173760000000000379e-04 1.226990000000000123e-04
6.447210000000000094e-04 -1.137839999999999934e-05
4.055640000000000221e-04 -1.799500000000000101e-04
1.059979999999999972e-04 -3.332179999999999799e-04
-1.393540000000000078e-04 -4.266040000000000240e-04
-2.493349999999999972e-04 -4.337270000000000166e-04
-2.025349999999999980e-04 -3.531489999999999760e-04
-3.961240000000000041e-05 -2.074040000000000085e-04
1.572619999999999997e-04 -3.508969999999999711e-05
2.984740000000000158e-04 1.212449999999999954e-04
3.210530000000000176e-04 2.276009999999999915e-04
2.103259999999999917e-04 2.676439999999999874e-04
2.254409999999999817e-06 2.458760000000000156e-04
-2.328300000000000053e-04 1.841780000000000110e-04
-4.176639999999999910e-04 1.131650000000000050e-04
-4.958239999999999609e-04 6.136520000000000668e-05
-4.498130000000000249e-04 4.579130000000000320e-05
-3.038149999999999770e-04 6.693579999999999702e-05
