-3.55018e-08
-2.11073e-07
-5.97134e-07
-1.21139e-06
-2.38305e-06
-5.09794e-06
-1.05547e-05
-1.86713e-05
-2.6727e-05
-2.97187e-05
-2.24015e-05
-2.35411e-06
2.71484e-05
5.71316e-05
7.7007e-05
8.02571e-05
6.78909e-05
4.7579e-05
2.88211e-05
1.67125e-05
8.8194e-06
-1.51151e-06
-1.8433e-05
-4.04679e-05
-6.27484e-05
-8.02294e-05
-8.9095e-05
-8.7381e-05
-7.58126e-05
-5.85556e-05
-4.23017e-05
-3.16171e-05
-2.33344e-05
-7.60408e-06
2.35981e-05
6.90389e-05
0.000118062
0.000156359
0.000172548
0.000161355
0.000124007
6.86584e-05
9.63388e-06
-3.75855e-05
-6.42587e-05
-7.28088e-05
-7.30138e-05
-7.36287e-05
-7.78336e-05
-8.52441e-05
-9.52438e-05
-0.000106332
-0.000112899
-0.00010461
-7.15073e-05
-1.25265e-05
6.11554e-05
0.000132632
0.000187893
0.000218296
0.000217791
0.000181097
0.00010911
1.76114e-05
-6.47493e-05
-0.000113289
-0.000124049
-0.0001134
-0.000101859
-9.96637e-05
-0.000105801
-0.000115105
-0.000121823
-0.000117032
-8.74048e-05
-2.19144e-05
7.63692e-05
0.000184499
0.000268284
0.000299616
0.000268633
0.000184725
7.07749e-05
-4.55429e-05
-0.000141438
-0.000203435
-0.000226303
-0.000212886
-0.00017389
-0.000124714
-8.00272e-05
-4.68558e-05
-1.9571e-05
1.77611e-05
8.01964e-05
0.000166044
0.000249591
0.000293389
0.000270796
0.000181325
4.92913e-05
-9.10897e-05
-0.000209592
-0.000285223
-0.000307784
-0.00027808
-0.000206653
-0.00010998
-2.48499e-06
0.000107335
0.00021145
0.000294957
0.000335421
0.000313385
0.000226571
9.4568e-05
-4.87058e-05
-0.000169401
-0.00024714
-0.000279343
-0.000274963
-0.000243519
-0.000187285
-0.000102676
1.12598e-05
0.000145339
0.000277734
0.000375897
0.000403988
0.000338044
0.000183587
-1.9276e-05
-0.000213561
-0.000353928
-0.000419939
-0.000408495
-0.000325101
-0.000183585
-5.66037e-06
0.00018267
0.000351244
0.000463437
0.000483254
0.000393903
0.000211617
-1.93537e-05
-0.000245056
-0.000418088
-0.000504872
-0.000487488
-0.000366982
-0.00016737
6.87956e-05
0.000293981
0.000466752
0.000552014
0.000519876
0.000358838
9.56811e-05
-0.000202928
-0.000454225
-0.000592241
-0.000588757
-0.000452849
-0.000218052
6.79362e-05
0.000347138
0.000557393
0.000645379
0.00058189
0.000374515
6.95363e-05
-0.000261129
-0.000538916
-0.000695465
-0.000685426
-0.000496202
-0.000159997
0.000239229
0.000586947
0.00078297
0.000774715
0.00056451
0.000202429
-0.000226286
-0.00061492
-0.000854134
-0.000862865
-0.000621156
-0.000185145
0.000326653
0.000767873
0.0010053
0.000958759
0.000628064
9.73401e-05
-0.000482561
-0.000933057
-0.00110817
-0.000951174
-0.000508886
9.27919e-05
0.000681932
0.001079
0.0011519
0.000869973
0.000318445
-0.0003318
-0.000878386
-0.00115054
-0.00106139
-0.000633979
-3.81581e-07
0.00063092
0.00104485
0.00110362
0.000797216
0.000237438
-0.000385184
-0.000861138
-0.00103227
-0.000850276
-0.000391916
0.000174302
0.000651528
0.00088358
0.000804813
0.000457254
-2.56016e-05
-0.000466489
-0.000712487
-0.000693232
-0.000439101
-5.70474e-05
0.000314217
0.000550134
0.000579147
0.000406006
0.000107443
-0.000201465
-0.000413823
-0.000467525
-0.000359558
-0.000139526
0.000110666
0.000304758
0.000380809
0.000321282
0.000156629
-4.86148e-05
-0.000220866
-0.000303676
-0.000275842
-0.000155938
7.33331e-06
0.000154576
0.000237085
0.000232289
0.000148851
2.12405e-05
-0.000103593
-0.000183034
-0.000193361
-0.000136702
-3.80754e-05
6.53872e-05
0.000138164
0.00015805
0.000122465
4.78844e-05
-3.71057e-05
-0.00010255
-0.000127626
-0.000107087
-5.17063e-05
1.67978e-05
7.40424e-05
0.00010143
9.1999e-05
5.19081e-05
-2.6781e-06
-5.19297e-05
-7.94575e-05
-7.76384e-05
-4.94823e-05
-6.72398e-06
3.48773e-05
6.12215e-05
6.45432e-05
4.55625e-05
1.25628e-05
-2.2054e-05
-4.63417e-05
-5.28502e-05
-4.07985e-05
-1.57987e-05
1.25733e-05
3.43623e-05
4.26625e-05
3.57304e-05
1.71639e-05
-5.75875e-06
-2.48623e-05
-3.39364e-05
-3.06956e-05
-1.72411e-05
1.0101e-06
1.74414e-05
2.65919e-05
2.59271e-05
1.64674e-05
2.15249e-06
-1.17397e-05
-2.05022e-05
-2.15594e-05
-1.51733e-05
-4.12503e-06
7.43797e-06
1.55277e-05
1.76641e-05
1.35993e-05
5.22189e-06
-4.26042e-06
-1.15222e-05
-1.42645e-05
-1.1917e-05
-5.69213e-06
1.97215e-06
8.34378e-06
1.13527e-05
1.02439e-05
5.72866e-06
-3.76662e-07
-5.85988e-06
-8.89995e-06
-8.65685e-06
-5.47896e-06
-6.88097e-07
3.95031e-06
6.86557e-06
7.20204e-06
5.05338e-06
1.35378e-06
-2.50876e-06
-5.20285e-06
-5.90351e-06
-4.53275e-06
-1.72585e-06
1.44314e-06
3.86343e-06
4.76953e-06
3.97462e-06
1.8875e-06
-6.75072e-07
-2.80009e-06
-3.7977e-06
-3.41856e-06
-1.90338e-06
1.38909e-07
1.96869e-06
2.97867e-06
2.89043e-06
1.82286e-06
2.19491e-07
-1.32917e-06
-2.29902e-06
-2.40584e-06
-1.68295e-06
-4.44142e-07
8.46101e-07
1.74328e-06
1.97298e-06
1.51076e-06
5.70311e-07
-4.88748e-07
-1.29539e-06
-1.59473e-06
-1.32561e-06
-6.25842e-07
2.30948e-07
9.39656e-07
1.27038e-06
1.14081e-06
6.32374e-07
-5.07785e-08
-6.61375e-07
-9.96894e-07
-9.65065e-07
-6.06449e-07
-6.98523e-08
4.47205e-07
7.69839e-07
8.03658e-07
5.60467e-07
1.45658e-07
-2.85328e-07
-5.84095e-07
-6.59368e-07
-5.03523e-07
-1.88433e-07
1.65494e-07
4.34329e-07
5.33202e-07
4.42108e-07
2.07495e-07
-7.89667e-08
-3.15321e-07
-4.24954e-07
-3.80694e-07
-2.10088e-07
1.84259e-08
2.22178e-07
3.33633e-07
3.22214e-07
2.01752e-07
2.21737e-08
-1.50455e-07
-2.57781e-07
-2.68453e-07
-1.86645e-07
-4.77507e-08
9.62115e-08
1.957e-07
2.20357e-07
1.67816e-07
6.22499e-08
-5.60272e-08
-1.45622e-07
-1.78275e-07
-1.47446e-07
-6.87885e-08
2.69866e-08
1.05809e-07
1.42149e-07
1.27037e-07
6.9792e-08
-6.64452e-09
-7.46341e-08
-1.11656e-07
-1.07579e-07
-6.7116e-08
-7.01886e-09
5.06154e-08
8.63163e-08
8.96727e-08
6.2154e-08
1.56477e-08
-3.24392e-08
-6.55678e-08
-7.3641e-08
-5.59291e-08
-2.05614e-08
1.89645e-08
4.88228e-08
5.96049e-08
4.91732e-08
2.28028e-08
-9.21803e-09
-3.55043e-08
-4.75485e-08
-4.23915e-08
-2.31839e-08
2.38324e-09
2.50702e-08
3.7367e-08
3.5917e-08
2.23264e-08
2.21476e-09
-1.70269e-08
-2.8902e-08
-2.99533e-08
-2.06971e-08
-5.12558e-09
1.09364e-08
2.19675e-08
2.46097e-08
1.86394e-08
6.79043e-09
-6.41814e-09
-1.63685e-08
-1.99282e-08
-1.63989e-08
-7.55828e-09
3.14718e-09
1.19131e-08
1.59047e-08
1.41455e-08
7.70096e-09
-8.50837e-10
-8.42092e-09
-1.25051e-08
-1.19913e-08
-7.42666e-09
-6.96386e-10
5.72747e-09
9.67732e-09
1.00052e-08
6.89189e-09
1.67821e-09
-3.68673e-09
-3.68673e-09
-3.68673e-09
